   5.0000 1.3932e+07 9.2435e+06 2.0197e+07 9.8155e+06 1.9678e+07 1.2132e+07 1.6038e+07 1.2593e+07 1.5272e+07 1.4929e+07 1.3032e+07 1.6724e+07 1.0441e+07 1.9678e+07 9.8155e+06
   5.2500 1.3001e+07 8.7419e+06 1.8821e+07 9.2610e+06 1.8366e+07 1.1370e+07 1.4897e+07 1.1779e+07 1.4222e+07 1.4045e+07 1.2104e+07 1.5559e+07 9.7427e+06 1.8366e+07 9.2610e+06
   5.5000 1.2100e+07 8.2421e+06 1.7492e+07 8.7123e+06 1.7093e+07 1.0626e+07 1.3804e+07 1.0988e+07 1.3211e+07 1.3175e+07 1.1215e+07 1.4437e+07 9.0680e+06 1.7093e+07 8.7123e+06
   5.7500 1.1236e+07 7.7502e+06 1.6220e+07 8.1756e+06 1.5871e+07 9.9081e+06 1.2765e+07 1.0226e+07 1.2247e+07 1.2328e+07 1.0371e+07 1.3366e+07 8.4228e+06 1.5871e+07 8.1756e+06
   6.0000 1.0416e+07 7.2709e+06 1.5013e+07 7.6554e+06 1.4707e+07 9.2204e+06 1.1787e+07 9.4998e+06 1.1333e+07 1.1511e+07 9.5753e+06 1.2353e+07 7.8106e+06 1.4707e+07 7.6554e+06
   6.2500 9.6430e+06 6.8076e+06 1.3875e+07 7.1549e+06 1.3607e+07 8.5670e+06 1.0870e+07 8.8118e+06 1.0474e+07 1.0728e+07 8.8305e+06 1.1401e+07 7.2336e+06 1.3607e+07 7.1549e+06
   6.5000 8.9172e+06 6.3634e+06 1.2809e+07 6.6769e+06 1.2574e+07 7.9498e+06 1.0016e+07 8.1640e+06 9.6703e+06 9.9823e+06 8.1364e+06 1.0511e+07 6.6926e+06 1.2574e+07 6.6769e+06
   6.7500 8.2393e+06 5.9090e+06 1.1814e+07 6.1878e+06 1.1607e+07 7.3698e+06 9.2234e+06 7.5570e+06 8.9216e+06 9.2776e+06 7.4924e+06 9.6830e+06 6.1878e+06 1.1607e+07 6.2234e+06
   7.0000 7.6086e+06 5.4718e+06 1.0889e+07 5.7183e+06 1.0707e+07 6.8271e+06 8.4900e+06 6.9905e+06 8.2267e+06 8.6118e+06 6.8969e+06 8.9153e+06 5.7183e+06 1.0707e+07 5.7935e+06
   7.2500 7.0236e+06 5.0648e+06 1.0032e+07 5.2830e+06 9.8717e+06 6.3210e+06 7.8133e+06 6.4635e+06 7.5836e+06 7.9858e+06 6.3477e+06 8.2057e+06 5.2830e+06 9.8717e+06 5.3881e+06
   7.5000 6.4823e+06 4.6870e+06 9.2400e+06 4.8803e+06 9.0988e+06 5.8504e+06 7.1904e+06 5.9747e+06 6.9899e+06 7.4052e+06 5.8422e+06 7.5516e+06 4.8803e+06 9.0988e+06 5.0111e+06
   7.7500 5.9825e+06 4.3369e+06 8.5099e+06 4.5085e+06 8.3850e+06 5.4139e+06 6.6179e+06 5.5223e+06 6.4428e+06 6.8663e+06 5.3778e+06 6.9496e+06 4.5085e+06 8.3850e+06 4.6605e+06
   8.0000 5.5218e+06 4.0132e+06 7.8378e+06 4.1656e+06 7.7272e+06 5.0097e+06 6.0924e+06 5.1042e+06 5.9394e+06 6.3626e+06 4.9516e+06 6.3966e+06 4.1656e+06 7.7272e+06 4.3316e+06
   8.2500 5.0975e+06 3.7143e+06 7.2200e+06 3.8499e+06 7.1218e+06 4.6360e+06 5.6106e+06 4.7184e+06 5.4766e+06 5.8925e+06 4.5608e+06 5.8890e+06 3.8499e+06 7.1218e+06 4.0233e+06
   8.5000 4.7072e+06 3.4385e+06 6.6524e+06 3.5593e+06 6.5652e+06 4.2908e+06 5.1690e+06 4.3628e+06 5.0517e+06 5.4554e+06 4.2027e+06 5.4236e+06 3.5593e+06 6.5652e+06 3.7355e+06
   8.7500 4.3484e+06 3.1842e+06 6.1316e+06 3.2920e+06 6.0539e+06 3.9724e+06 4.7644e+06 4.0352e+06 4.6617e+06 5.0506e+06 3.8748e+06 4.9970e+06 3.2920e+06 6.0539e+06 3.4682e+06
   9.0000 4.0187e+06 2.9499e+06 5.6539e+06 3.0463e+06 5.5845e+06 3.6789e+06 4.3940e+06 3.7337e+06 4.3038e+06 4.6769e+06 3.5744e+06 4.6064e+06 3.0463e+06 5.5845e+06 3.2207e+06
   9.2500 3.7159e+06 2.7341e+06 5.2159e+06 2.8204e+06 5.1538e+06 3.4084e+06 4.0547e+06 3.4562e+06 3.9756e+06 4.3328e+06 3.2995e+06 4.2486e+06 2.8204e+06 5.1538e+06 2.9921e+06
   9.5000 3.4377e+06 2.5354e+06 4.8142e+06 2.6128e+06 4.7586e+06 3.1591e+06 3.7440e+06 3.2009e+06 3.6745e+06 4.0161e+06 3.0477e+06 3.9209e+06 2.6128e+06 4.7586e+06 2.7813e+06
   9.7500 3.1822e+06 2.3525e+06 4.4461e+06 2.4220e+06 4.3962e+06 2.9296e+06 3.4595e+06 2.9661e+06 3.3984e+06 3.7245e+06 2.8171e+06 3.6208e+06 2.4220e+06 4.3962e+06 2.5866e+06
  10.0000 2.9476e+06 2.1840e+06 4.1087e+06 2.2465e+06 4.0639e+06 2.7183e+06 3.1990e+06 2.7502e+06 3.1451e+06 3.4557e+06 2.6059e+06 3.3461e+06 2.2465e+06 4.0639e+06 2.4065e+06
  10.2500 2.7322e+06 2.0289e+06 3.7995e+06 2.0852e+06 3.7591e+06 2.5237e+06 2.9602e+06 2.5516e+06 2.9127e+06 3.2079e+06 2.4124e+06 3.0945e+06 2.0852e+06 3.7591e+06 2.2400e+06
  10.5000 2.5341e+06 1.8860e+06 3.5159e+06 1.9368e+06 3.4794e+06 2.3444e+06 2.7412e+06 2.3688e+06 2.6994e+06 2.9794e+06 2.2350e+06 2.8638e+06 1.9368e+06 3.4794e+06 2.0861e+06
  10.7500 2.3519e+06 1.7543e+06 3.2556e+06 1.8002e+06 3.2226e+06 2.1792e+06 2.5403e+06 2.2004e+06 2.5034e+06 2.7686e+06 2.0721e+06 2.6522e+06 1.8002e+06 3.2226e+06 1.9437e+06
  11.0000 2.1843e+06 1.6327e+06 3.0165e+06 1.6743e+06 2.9866e+06 2.0267e+06 2.3558e+06 2.0453e+06 2.3232e+06 2.5741e+06 1.9225e+06 2.4580e+06 1.6743e+06 2.9866e+06 1.8120e+06
  11.2500 2.0299e+06 1.5206e+06 2.7967e+06 1.5583e+06 2.7697e+06 1.8860e+06 2.1862e+06 1.9023e+06 2.1574e+06 2.3944e+06 1.7850e+06 2.2796e+06 1.5583e+06 2.7697e+06 1.6901e+06
  11.5000 1.8875e+06 1.4170e+06 2.5945e+06 1.4512e+06 2.5700e+06 1.7561e+06 2.0302e+06 1.7703e+06 2.0048e+06 2.2284e+06 1.6585e+06 2.1155e+06 1.4512e+06 2.5700e+06 1.5772e+06
  11.7500 1.7562e+06 1.3213e+06 2.4084e+06 1.3524e+06 2.3861e+06 1.6360e+06 1.8866e+06 1.6484e+06 1.8641e+06 2.0748e+06 1.5421e+06 1.9645e+06 1.3524e+06 2.3861e+06 1.4726e+06
  12.0000 1.6353e+06 1.2329e+06 2.2374e+06 1.2612e+06 2.2171e+06 1.5252e+06 1.7545e+06 1.5361e+06 1.7346e+06 1.9333e+06 1.4350e+06 1.8258e+06 1.2612e+06 2.2171e+06 1.3759e+06
  12.2500 1.5240e+06 1.1513e+06 2.0803e+06 1.1771e+06 2.0618e+06 1.4231e+06 1.6331e+06 1.4325e+06 1.6155e+06 1.8028e+06 1.3364e+06 1.6983e+06 1.1771e+06 2.0618e+06 1.2864e+06
  12.5000 1.4213e+06 1.0759e+06 1.9357e+06 1.0994e+06 1.9188e+06 1.3287e+06 1.5213e+06 1.3369e+06 1.5058e+06 1.6824e+06 1.2457e+06 1.5810e+06 1.0994e+06 1.9188e+06 1.2036e+06
  12.7500 1.3265e+06 1.0062e+06 1.8026e+06 1.0276e+06 1.7871e+06 1.2415e+06 1.4182e+06 1.2486e+06 1.4045e+06 1.5710e+06 1.1620e+06 1.4730e+06 1.0276e+06 1.7871e+06 1.1267e+06
  13.0000 1.2389e+06 9.4153e+05 1.6797e+06 9.6120e+05 1.6656e+06 1.1607e+06 1.3231e+06 1.1668e+06 1.3110e+06 1.4680e+06 1.0847e+06 1.3734e+06 9.6120e+05 1.6656e+06 1.0554e+06
  13.2500 1.1579e+06 8.8162e+05 1.5664e+06 8.9962e+05 1.5534e+06 1.0859e+06 1.2352e+06 1.0912e+06 1.2246e+06 1.3726e+06 1.0133e+06 1.2814e+06 8.9962e+05 1.5534e+06 9.8922e+05
  13.5000 1.0828e+06 8.2600e+05 1.4616e+06 8.4251e+05 1.4497e+06 1.0165e+06 1.1539e+06 1.0210e+06 1.1445e+06 1.2840e+06 9.4727e+05 1.1964e+06 8.4251e+05 1.4497e+06 9.2764e+05
  13.7500 1.0132e+06 7.7434e+05 1.3646e+06 7.8949e+05 1.3537e+06 9.5207e+05 1.0786e+06 9.5591e+05 1.0704e+06 1.2018e+06 8.8607e+05 1.1177e+06 7.8949e+05 1.3537e+06 8.7032e+05
  14.0000 9.4853e+05 7.2629e+05 1.2748e+06 7.4021e+05 1.2647e+06 8.9217e+05 1.0088e+06 8.9543e+05 1.0016e+06 1.1254e+06 8.2933e+05 1.0448e+06 7.4021e+05 1.2647e+06 8.1692e+05
  14.2500 8.8848e+05 6.8156e+05 1.1915e+06 6.9438e+05 1.1823e+06 8.3645e+05 9.4411e+05 8.3919e+05 9.3778e+05 1.0544e+06 7.7666e+05 9.7722e+05 6.9438e+05 1.1823e+06 7.6713e+05
  14.5000 8.3268e+05 6.3992e+05 1.1143e+06 6.5172e+05 1.1057e+06 7.8459e+05 8.8401e+05 7.8688e+05 8.7847e+05 9.8820e+05 7.2775e+05 9.1453e+05 6.5172e+05 1.1057e+06 7.2070e+05
  14.7500 7.8093e+05 6.0123e+05 1.0428e+06 6.1211e+05 1.0349e+06 7.3646e+05 8.2834e+05 7.3835e+05 8.2351e+05 9.2684e+05 6.8242e+05 8.5649e+05 6.1211e+05 1.0349e+06 6.7753e+05
  15.0000 7.3293e+05 5.6528e+05 9.7665e+05 5.7532e+05 9.6938e+05 6.9177e+05 7.7675e+05 6.9330e+05 7.7255e+05 8.6990e+05 6.4038e+05 8.0273e+05 5.7532e+05 9.6938e+05 6.3738e+05
  15.2500 6.8835e+05 5.3183e+05 9.1533e+05 5.4110e+05 9.0862e+05 6.5023e+05 7.2889e+05 6.5145e+05 7.2525e+05 8.1702e+05 6.0136e+05 7.5288e+05 5.4110e+05 9.0862e+05 6.0000e+05
  15.5000 6.4691e+05 5.0068e+05 8.5846e+05 5.0924e+05 8.5224e+05 6.1158e+05 6.8444e+05 6.1251e+05 6.8130e+05 7.6784e+05 5.6510e+05 7.0662e+05 5.0924e+05 8.5224e+05 5.6516e+05
  15.7500 6.0835e+05 4.7164e+05 8.0564e+05 4.7956e+05 7.9988e+05 5.7558e+05 6.4312e+05 5.7626e+05 6.4043e+05 7.2206e+05 5.3136e+05 6.6363e+05 4.7956e+05 7.9988e+05 5.3266e+05
  16.0000 5.7243e+05 4.4453e+05 7.5655e+05 4.5187e+05 7.5121e+05 5.4202e+05 6.0466e+05 5.4248e+05 6.0238e+05 6.7940e+05 4.9995e+05 6.2365e+05 4.5187e+05 7.5121e+05 5.0229e+05
  16.2500 5.3894e+05 4.1922e+05 7.1087e+05 4.2601e+05 7.0592e+05 5.1069e+05 5.6884e+05 5.1096e+05 5.6691e+05 6.3962e+05 4.7067e+05 5.8644e+05 4.2601e+05 7.0592e+05 4.7391e+05
  16.5000 5.0768e+05 3.9555e+05 6.6833e+05 4.0185e+05 6.6374e+05 4.8143e+05 5.3545e+05 4.8152e+05 5.3384e+05 6.0247e+05 4.4336e+05 5.5177e+05 4.0185e+05 6.6374e+05 4.4735e+05
  16.7500 4.7849e+05 3.7340e+05 6.2869e+05 3.7925e+05 6.2442e+05 4.5408e+05 5.0429e+05 4.5402e+05 5.0296e+05 5.6777e+05 4.1786e+05 5.1943e+05 3.7925e+05 6.2442e+05 4.2247e+05
  17.0000 4.5120e+05 3.5266e+05 5.9170e+05 3.5810e+05 5.8773e+05 4.2848e+05 4.7518e+05 4.2829e+05 4.7411e+05 5.3531e+05 3.9404e+05 4.8925e+05 3.5810e+05 5.8773e+05 3.9915e+05
  17.2500 4.2567e+05 3.3322e+05 5.5717e+05 3.3828e+05 5.5348e+05 4.0451e+05 4.4798e+05 4.0421e+05 4.4713e+05 5.0494e+05 3.7175e+05 4.6106e+05 3.3828e+05 5.5348e+05 3.7728e+05
  17.5000 4.0177e+05 3.1499e+05 5.2490e+05 3.1969e+05 5.2146e+05 3.8204e+05 4.2253e+05 3.8164e+05 4.2188e+05 4.7648e+05 3.5089e+05 4.3470e+05 3.1969e+05 5.2146e+05 3.5674e+05
  17.7500 3.7936e+05 2.9787e+05 4.9473e+05 3.0225e+05 4.9152e+05 3.6097e+05 3.9871e+05 3.6049e+05 3.9824e+05 4.4980e+05 3.3135e+05 4.1004e+05 3.0225e+05 4.9152e+05 3.3744e+05
  18.0000 3.5840e+05 2.8182e+05 4.6654e+05 2.8590e+05 4.6355e+05 3.4124e+05 3.7643e+05 3.4068e+05 3.7611e+05 4.2483e+05 3.1307e+05 3.8699e+05 2.8590e+05 4.6355e+05 3.1933e+05
  18.2500 3.3877e+05 2.6678e+05 4.4021e+05 2.7059e+05 4.3741e+05 3.2275e+05 3.5559e+05 3.2213e+05 3.5541e+05 4.0146e+05 2.9595e+05 3.6543e+05 2.7059e+05 4.3741e+05 3.0236e+05
  18.5000 3.2039e+05 2.5267e+05 4.1558e+05 2.5623e+05 4.1297e+05 3.0542e+05 3.3608e+05 3.0475e+05 3.3603e+05 3.7957e+05 2.7992e+05 3.4527e+05 2.5623e+05 4.1297e+05 2.8643e+05
  18.7500 3.0316e+05 2.3943e+05 3.9254e+05 2.4275e+05 3.9010e+05 2.8918e+05 3.1781e+05 2.8845e+05 3.1787e+05 3.5905e+05 2.6490e+05 3.2638e+05 2.4275e+05 3.9010e+05 2.7147e+05
  19.0000 2.8700e+05 2.2699e+05 3.7097e+05 2.3009e+05 3.6868e+05 2.7392e+05 3.0069e+05 2.7316e+05 3.0084e+05 3.3981e+05 2.5081e+05 3.0869e+05 2.3009e+05 3.6868e+05 2.5741e+05
  19.2500 2.7183e+05 2.1529e+05 3.5076e+05 2.1819e+05 3.4862e+05 2.5960e+05 2.8462e+05 2.5881e+05 2.8486e+05 3.2175e+05 2.3758e+05 2.9211e+05 2.1819e+05 3.4862e+05 2.4420e+05
  19.5000 2.5759e+05 2.0429e+05 3.3181e+05 2.0701e+05 3.2981e+05 2.4614e+05 2.6955e+05 2.4532e+05 2.6986e+05 3.0479e+05 2.2516e+05 2.7655e+05 2.0701e+05 3.2981e+05 2.3176e+05
  19.7500 2.4420e+05 1.9394e+05 3.1404e+05 1.9648e+05 3.1216e+05 2.3348e+05 2.5539e+05 2.3264e+05 2.5577e+05 2.8886e+05 2.1349e+05 2.6194e+05 1.9648e+05 3.1216e+05 2.2005e+05
  20.0000 2.3162e+05 1.8419e+05 2.9736e+05 1.8657e+05 2.9559e+05 2.2157e+05 2.4209e+05 2.2071e+05 2.4252e+05 2.7387e+05 2.0252e+05 2.4822e+05 1.8657e+05 2.9559e+05 2.0902e+05
  20.2500 2.1977e+05 1.7501e+05 2.8169e+05 1.7724e+05 2.8003e+05 2.1035e+05 2.2958e+05 2.0948e+05 2.3006e+05 2.5978e+05 1.9219e+05 2.3533e+05 1.7724e+05 2.8003e+05 1.9861e+05
  20.5000 2.0862e+05 1.6634e+05 2.6696e+05 1.6843e+05 2.6541e+05 1.9979e+05 2.1781e+05 1.9891e+05 2.1834e+05 2.4651e+05 1.8246e+05 2.2320e+05 1.6843e+05 2.6541e+05 1.8880e+05
  20.7500 1.9812e+05 1.5817e+05 2.5311e+05 1.6013e+05 2.5165e+05 1.8983e+05 2.0673e+05 1.8894e+05 2.0729e+05 2.3400e+05 1.7330e+05 2.1178e+05 1.6013e+05 2.5165e+05 1.7954e+05
  21.0000 1.8821e+05 1.5045e+05 2.4008e+05 1.5230e+05 2.3871e+05 1.8043e+05 1.9629e+05 1.7954e+05 1.9689e+05 2.2222e+05 1.6467e+05 2.0104e+05 1.5230e+05 2.3871e+05 1.7080e+05
  21.2500 1.7888e+05 1.4317e+05 2.2782e+05 1.4490e+05 2.2653e+05 1.7157e+05 1.8646e+05 1.7068e+05 1.8708e+05 2.1111e+05 1.5653e+05 1.9092e+05 1.4490e+05 2.2653e+05 1.6254e+05
  21.5000 1.7006e+05 1.3628e+05 2.1626e+05 1.3791e+05 2.1505e+05 1.6320e+05 1.7718e+05 1.6231e+05 1.7782e+05 2.0063e+05 1.4884e+05 1.8137e+05 1.3791e+05 2.1505e+05 1.5472e+05
  21.7500 1.6174e+05 1.2977e+05 2.0537e+05 1.3130e+05 2.0423e+05 1.5528e+05 1.6843e+05 1.5440e+05 1.6909e+05 1.9073e+05 1.4159e+05 1.7237e+05 1.3130e+05 2.0423e+05 1.4734e+05
  22.0000 1.5389e+05 1.2361e+05 1.9511e+05 1.2505e+05 1.9403e+05 1.4781e+05 1.6017e+05 1.4694e+05 1.6084e+05 1.8139e+05 1.3474e+05 1.6388e+05 1.2505e+05 1.9403e+05 1.4035e+05
  22.2500 1.4647e+05 1.1779e+05 1.8544e+05 1.1915e+05 1.8442e+05 1.4076e+05 1.5238e+05 1.3988e+05 1.5306e+05 1.7258e+05 1.2827e+05 1.5588e+05 1.1915e+05 1.8442e+05 1.3374e+05
  22.5000 1.3947e+05 1.1229e+05 1.7632e+05 1.1357e+05 1.7536e+05 1.3409e+05 1.4502e+05 1.3322e+05 1.4571e+05 1.6425e+05 1.2216e+05 1.4832e+05 1.1357e+05 1.7536e+05 1.2750e+05
  22.7500 1.3285e+05 1.0708e+05 1.6771e+05 1.0829e+05 1.6680e+05 1.2778e+05 1.3808e+05 1.2693e+05 1.3877e+05 1.5639e+05 1.1639e+05 1.4119e+05 1.0829e+05 1.6680e+05 1.2158e+05
  23.0000 1.2659e+05 1.0215e+05 1.5959e+05 1.0329e+05 1.5873e+05 1.2182e+05 1.3152e+05 1.2098e+05 1.3221e+05 1.4896e+05 1.1093e+05 1.3445e+05 1.0329e+05 1.5873e+05 1.1599e+05
  23.2500 1.2068e+05 9.7487e+04 1.5191e+05 9.8561e+04 1.5110e+05 1.1618e+05 1.2531e+05 1.1534e+05 1.2601e+05 1.4194e+05 1.0576e+05 1.2808e+05 9.8561e+04 1.5110e+05 1.1069e+05
  23.5000 1.1508e+05 9.3065e+04 1.4466e+05 9.4080e+04 1.4390e+05 1.1083e+05 1.1944e+05 1.1001e+05 1.2014e+05 1.3529e+05 1.0088e+05 1.2206e+05 9.4080e+04 1.4390e+05 1.0567e+05
  23.7500 1.0978e+05 8.8875e+04 1.3781e+05 8.9834e+04 1.3709e+05 1.0577e+05 1.1389e+05 1.0497e+05 1.1459e+05 1.2900e+05 9.6249e+04 1.1636e+05 8.9834e+04 1.3709e+05 1.0091e+05
  24.0000 1.0476e+05 8.4902e+04 1.3133e+05 8.5808e+04 1.3065e+05 1.0098e+05 1.0864e+05 1.0019e+05 1.0933e+05 1.2305e+05 9.1866e+04 1.1097e+05 8.5808e+04 1.3065e+05 9.6398e+04
  24.2500 1.0000e+05 8.1133e+04 1.2520e+05 8.1990e+04 1.2455e+05 9.6434e+04 1.0366e+05 9.5654e+04 1.0435e+05 1.1741e+05 8.7713e+04 1.0586e+05 8.1990e+04 1.2455e+05 9.2116e+04
  24.5000 9.5491e+04 7.7556e+04 1.1940e+05 7.8366e+04 1.1878e+05 9.2124e+04 9.8945e+04 9.1357e+04 9.9628e+04 1.1206e+05 8.3775e+04 1.0103e+05 7.8366e+04 1.1878e+05 8.8053e+04
  24.7500 9.1215e+04 7.4159e+04 1.1391e+05 7.4927e+04 1.1332e+05 8.8034e+04 9.4476e+04 8.7282e+04 9.5151e+04 1.0700e+05 8.0041e+04 9.6448e+04 7.4927e+04 1.1332e+05 8.4194e+04
  25.0000 8.7159e+04 7.0933e+04 1.0870e+05 7.1660e+04 1.0815e+05 8.4152e+04 9.0238e+04 8.3415e+04 9.0906e+04 1.0219e+05 7.6497e+04 9.2105e+04 7.1660e+04 1.0815e+05 8.0529e+04
  25.2500 8.3309e+04 6.7868e+04 1.0377e+05 6.8557e+04 1.0324e+05 8.0467e+04 8.6218e+04 7.9744e+04 8.6878e+04 9.7632e+04 7.3133e+04 8.7986e+04 6.8557e+04 1.0324e+05 7.7046e+04
  25.5000 7.9654e+04 6.4955e+04 9.9090e+04 6.5607e+04 9.8592e+04 7.6966e+04 8.2403e+04 7.6257e+04 8.3054e+04 9.3305e+04 6.9939e+04 8.4079e+04 6.5607e+04 9.8592e+04 7.3735e+04
  25.7500 7.6182e+04 6.2184e+04 9.4654e+04 6.2803e+04 9.4181e+04 7.3639e+04 7.8782e+04 7.2945e+04 7.9422e+04 8.9197e+04 6.6905e+04 8.0370e+04 6.2803e+04 9.4181e+04 7.0586e+04
  26.0000 7.2883e+04 5.9548e+04 9.0445e+04 6.0135e+04 8.9996e+04 7.0476e+04 7.5342e+04 6.9797e+04 7.5972e+04 8.5295e+04 6.4021e+04 7.6848e+04 6.0135e+04 8.9996e+04 6.7590e+04
  26.2500 6.9747e+04 5.7040e+04 8.6450e+04 5.7597e+04 8.6023e+04 6.7468e+04 7.2074e+04 6.6804e+04 7.2694e+04 8.1588e+04 6.1279e+04 7.3502e+04 5.7597e+04 8.6023e+04 6.4740e+04
  26.5000 6.6766e+04 5.4652e+04 8.2657e+04 5.5181e+04 8.2250e+04 6.4607e+04 6.8968e+04 6.3957e+04 6.9577e+04 7.8063e+04 5.8672e+04 7.0324e+04 5.5181e+04 8.2250e+04 6.2025e+04
  26.7500 6.3929e+04 5.2378e+04 7.9053e+04 5.2881e+04 7.8666e+04 6.1884e+04 6.6014e+04 6.1248e+04 6.6612e+04 7.4712e+04 5.6191e+04 6.7302e+04 5.2881e+04 7.8666e+04 5.9440e+04
  27.0000 6.1231e+04 5.0211e+04 7.5629e+04 5.0690e+04 7.5261e+04 5.9292e+04 6.3206e+04 5.8671e+04 6.3793e+04 7.1525e+04 5.3831e+04 6.4429e+04 5.0690e+04 7.5261e+04 5.6978e+04
  27.2500 5.8663e+04 4.8149e+04 7.2376e+04 4.8604e+04 7.2026e+04 5.6825e+04 6.0535e+04 5.6218e+04 6.1111e+04 6.8494e+04 5.1584e+04 6.1698e+04 4.8604e+04 7.2026e+04 5.4633e+04
  27.5000 5.6220e+04 4.6183e+04 6.9284e+04 4.6616e+04 6.8950e+04 5.4476e+04 5.7994e+04 5.3884e+04 5.8558e+04 6.5611e+04 4.9446e+04 5.9099e+04 4.6616e+04 6.8950e+04 5.2400e+04
  27.7500 5.3894e+04 4.4311e+04 6.6344e+04 4.4723e+04 6.6026e+04 5.2239e+04 5.5576e+04 5.1660e+04 5.6129e+04 6.2867e+04 4.7410e+04 5.6627e+04 4.4723e+04 6.6026e+04 5.0271e+04
  28.0000 5.1678e+04 4.2525e+04 6.3547e+04 4.2917e+04 6.3244e+04 5.0107e+04 5.3274e+04 4.9543e+04 5.3816e+04 6.0255e+04 4.5470e+04 5.4274e+04 4.2917e+04 6.3244e+04 4.8242e+04
  28.2500 4.9567e+04 4.0822e+04 6.0886e+04 4.1196e+04 6.0597e+04 4.8076e+04 5.1081e+04 4.7524e+04 5.1612e+04 5.7767e+04 4.3622e+04 5.2033e+04 4.1196e+04 6.0597e+04 4.6307e+04
  28.5000 4.7556e+04 3.9198e+04 5.8353e+04 3.9554e+04 5.8077e+04 4.6139e+04 4.8993e+04 4.5601e+04 4.9512e+04 5.5397e+04 4.1860e+04 4.9898e+04 3.9554e+04 5.8077e+04 4.4461e+04
  28.7500 4.5638e+04 3.7648e+04 5.5941e+04 3.7988e+04 5.5677e+04 4.4292e+04 4.7002e+04 4.3767e+04 4.7510e+04 5.3139e+04 4.0180e+04 4.7864e+04 3.7988e+04 5.5677e+04 4.2699e+04
  29.0000 4.3808e+04 3.6168e+04 5.3643e+04 3.6492e+04 5.3391e+04 4.2529e+04 4.5104e+04 4.2017e+04 4.5601e+04 5.0986e+04 3.8577e+04 4.5925e+04 3.6492e+04 5.3391e+04 4.1018e+04
  29.2500 4.2064e+04 3.4755e+04 5.1454e+04 3.5064e+04 5.1213e+04 4.0847e+04 4.3295e+04 4.0348e+04 4.3781e+04 4.8933e+04 3.7048e+04 4.4077e+04 3.5064e+04 5.1213e+04 3.9413e+04
  29.5000 4.0398e+04 3.3406e+04 4.9367e+04 3.3701e+04 4.9136e+04 3.9242e+04 4.1568e+04 3.8754e+04 4.2044e+04 4.6975e+04 3.5588e+04 4.2314e+04 3.3701e+04 4.9136e+04 3.7879e+04
  29.7500 3.8809e+04 3.2116e+04 4.7377e+04 3.2398e+04 4.7157e+04 3.7708e+04 3.9921e+04 3.7233e+04 4.0386e+04 4.5106e+04 3.4194e+04 4.0631e+04 3.2398e+04 4.7157e+04 3.6414e+04
  30.0000 3.7291e+04 3.0884e+04 4.5479e+04 3.1153e+04 4.5268e+04 3.6244e+04 3.8349e+04 3.5781e+04 3.8802e+04 4.3323e+04 3.2864e+04 3.9026e+04 3.1153e+04 4.5268e+04 3.5014e+04
  30.2500 3.5841e+04 2.9706e+04 4.3668e+04 2.9963e+04 4.3466e+04 3.4844e+04 3.6847e+04 3.4393e+04 3.7291e+04 4.1620e+04 3.1592e+04 3.7493e+04 2.9963e+04 4.3466e+04 3.3676e+04
  30.5000 3.4456e+04 2.8579e+04 4.1940e+04 2.8825e+04 4.1747e+04 3.3507e+04 3.5413e+04 3.3067e+04 3.5846e+04 3.9994e+04 3.0377e+04 3.6029e+04 2.8825e+04 4.1747e+04 3.2396e+04
  30.7500 3.3132e+04 2.7501e+04 4.0290e+04 2.7737e+04 4.0105e+04 3.2228e+04 3.4043e+04 3.1799e+04 3.4466e+04 3.8440e+04 2.9215e+04 3.4631e+04 2.7737e+04 4.0105e+04 3.1172e+04
  31.0000 3.1866e+04 2.6470e+04 3.8714e+04 2.6695e+04 3.8537e+04 3.1006e+04 3.2734e+04 3.0587e+04 3.3147e+04 3.6956e+04 2.8105e+04 3.3295e+04 2.6695e+04 3.8537e+04 3.0000e+04
  31.2500 3.0656e+04 2.5483e+04 3.7209e+04 2.5699e+04 3.7040e+04 2.9836e+04 3.1482e+04 2.9428e+04 3.1885e+04 3.5536e+04 2.7042e+04 3.2018e+04 2.5699e+04 3.7040e+04 2.8880e+04
  31.5000 2.9499e+04 2.4538e+04 3.5771e+04 2.4745e+04 3.5609e+04 2.8716e+04 3.0286e+04 2.8319e+04 3.0679e+04 3.4180e+04 2.6026e+04 3.0797e+04 2.4745e+04 3.5609e+04 2.7806e+04
  31.7500 2.8391e+04 2.3634e+04 3.4397e+04 2.3831e+04 3.4241e+04 2.7645e+04 2.9141e+04 2.7258e+04 2.9524e+04 3.2882e+04 2.5053e+04 2.9629e+04 2.3831e+04 3.4241e+04 2.6779e+04
  32.0000 2.7331e+04 2.2767e+04 3.3083e+04 2.2956e+04 3.2933e+04 2.6620e+04 2.8046e+04 2.6243e+04 2.8420e+04 3.1640e+04 2.4122e+04 2.8512e+04 2.2956e+04 3.2933e+04 2.5795e+04
  32.2500 2.6316e+04 2.1937e+04 3.1826e+04 2.2118e+04 3.1683e+04 2.5638e+04 2.6998e+04 2.5270e+04 2.7363e+04 3.0452e+04 2.3231e+04 2.7443e+04 2.2118e+04 3.1683e+04 2.4852e+04
  32.5000 2.5344e+04 2.1141e+04 3.0624e+04 2.1315e+04 3.0486e+04 2.4697e+04 2.5994e+04 2.4339e+04 2.6350e+04 2.9315e+04 2.2377e+04 2.6420e+04 2.1315e+04 3.0486e+04 2.3948e+04
  32.7500 2.4414e+04 2.0378e+04 2.9474e+04 2.0545e+04 2.9342e+04 2.3796e+04 2.5034e+04 2.3447e+04 2.5381e+04 2.8227e+04 2.1559e+04 2.5441e+04 2.0545e+04 2.9342e+04 2.3082e+04
  33.0000 2.3522e+04 1.9647e+04 2.8373e+04 1.9806e+04 2.8246e+04 2.2932e+04 2.4114e+04 2.2593e+04 2.4452e+04 2.7184e+04 2.0775e+04 2.4503e+04 1.9806e+04 2.8246e+04 2.2252e+04
  33.2500 2.2668e+04 1.8946e+04 2.7320e+04 1.9099e+04 2.7198e+04 2.2104e+04 2.3233e+04 2.1774e+04 2.3562e+04 2.6186e+04 2.0024e+04 2.3605e+04 1.9099e+04 2.7198e+04 2.1455e+04
  33.5000 2.1849e+04 1.8273e+04 2.6311e+04 1.8420e+04 2.6194e+04 2.1311e+04 2.2389e+04 2.0989e+04 2.2710e+04 2.5230e+04 1.9305e+04 2.2745e+04 1.8420e+04 2.6194e+04 2.0692e+04
  33.7500 2.1065e+04 1.7628e+04 2.5346e+04 1.7769e+04 2.5233e+04 2.0550e+04 2.1580e+04 2.0237e+04 2.1893e+04 2.4314e+04 1.8615e+04 2.1921e+04 1.7769e+04 2.5233e+04 1.9960e+04
  34.0000 2.0313e+04 1.7009e+04 2.4421e+04 1.7145e+04 2.4313e+04 1.9821e+04 2.0805e+04 1.9516e+04 2.1110e+04 2.3436e+04 1.7953e+04 2.1131e+04 1.7145e+04 2.4313e+04 1.9258e+04
  34.2500 1.9592e+04 1.6416e+04 2.3535e+04 1.6546e+04 2.3431e+04 1.9122e+04 2.0062e+04 1.8824e+04 2.0360e+04 2.2595e+04 1.7319e+04 2.0374e+04 1.6546e+04 2.3431e+04 1.8584e+04
  34.5000 1.8900e+04 1.5846e+04 2.2686e+04 1.5971e+04 2.2586e+04 1.8450e+04 1.9349e+04 1.8160e+04 1.9640e+04 2.1788e+04 1.6710e+04 1.9649e+04 1.5971e+04 2.2586e+04 1.7937e+04
  34.7500 1.8236e+04 1.5299e+04 2.1873e+04 1.5419e+04 2.1776e+04 1.7806e+04 1.8666e+04 1.7524e+04 1.8949e+04 2.1014e+04 1.6126e+04 1.8953e+04 1.5419e+04 2.1776e+04 1.7316e+04
  35.0000 1.7599e+04 1.4773e+04 2.1093e+04 1.4889e+04 2.1000e+04 1.7188e+04 1.8010e+04 1.6913e+04 1.8286e+04 2.0272e+04 1.5565e+04 1.8285e+04 1.4889e+04 2.1000e+04 1.6720e+04
  35.2500 1.6988e+04 1.4268e+04 2.0344e+04 1.4380e+04 2.0255e+04 1.6594e+04 1.7381e+04 1.6326e+04 1.7650e+04 1.9560e+04 1.5027e+04 1.7644e+04 1.4380e+04 2.0255e+04 1.6147e+04
  35.5000 1.6401e+04 1.3783e+04 1.9627e+04 1.3890e+04 1.9540e+04 1.6024e+04 1.6777e+04 1.5763e+04 1.7040e+04 1.8877e+04 1.4510e+04 1.7029e+04 1.3890e+04 1.9540e+04 1.5597e+04
  35.7500 1.5837e+04 1.3317e+04 1.8938e+04 1.3420e+04 1.8855e+04 1.5476e+04 1.6197e+04 1.5222e+04 1.6453e+04 1.8221e+04 1.4013e+04 1.6439e+04 1.3420e+04 1.8855e+04 1.5068e+04
  36.0000 1.5296e+04 1.2869e+04 1.8277e+04 1.2968e+04 1.8197e+04 1.4950e+04 1.5640e+04 1.4702e+04 1.5890e+04 1.7591e+04 1.3536e+04 1.5872e+04 1.2968e+04 1.8197e+04 1.4560e+04
  36.2500 1.4776e+04 1.2438e+04 1.7643e+04 1.2534e+04 1.7566e+04 1.4445e+04 1.5105e+04 1.4202e+04 1.5349e+04 1.6986e+04 1.3078e+04 1.5328e+04 1.2534e+04 1.7566e+04 1.4071e+04
  36.5000 1.4276e+04 1.2024e+04 1.7034e+04 1.2116e+04 1.6959e+04 1.3959e+04 1.4591e+04 1.3722e+04 1.4829e+04 1.6405e+04 1.2637e+04 1.4805e+04 1.2116e+04 1.6959e+04 1.3602e+04
  36.7500 1.3795e+04 1.1626e+04 1.6449e+04 1.1714e+04 1.6377e+04 1.3491e+04 1.4098e+04 1.3261e+04 1.4329e+04 1.5847e+04 1.2214e+04 1.4302e+04 1.1714e+04 1.6377e+04 1.3150e+04
  37.0000 1.3333e+04 1.1242e+04 1.5887e+04 1.1328e+04 1.5817e+04 1.3042e+04 1.3623e+04 1.2817e+04 1.3849e+04 1.5310e+04 1.1806e+04 1.3819e+04 1.1328e+04 1.5817e+04 1.2715e+04
  37.2500 1.2889e+04 1.0874e+04 1.5347e+04 1.0956e+04 1.5280e+04 1.2610e+04 1.3166e+04 1.2391e+04 1.3387e+04 1.4795e+04 1.1415e+04 1.3355e+04 1.0956e+04 1.5280e+04 1.2297e+04
  37.5000 1.2461e+04 1.0519e+04 1.4828e+04 1.0598e+04 1.4763e+04 1.2194e+04 1.2728e+04 1.1980e+04 1.2943e+04 1.4299e+04 1.1038e+04 1.2908e+04 1.0598e+04 1.4763e+04 1.1894e+04
  37.7500 1.2050e+04 1.0177e+04 1.4329e+04 1.0254e+04 1.4266e+04 1.1794e+04 1.2306e+04 1.1586e+04 1.2515e+04 1.3822e+04 1.0675e+04 1.2479e+04 1.0254e+04 1.4266e+04 1.1507e+04
  38.0000 1.1655e+04 9.8480e+03 1.3849e+04 9.9221e+03 1.3789e+04 1.1408e+04 1.1900e+04 1.1206e+04 1.2104e+04 1.3363e+04 1.0326e+04 1.2066e+04 9.9221e+03 1.3789e+04 1.1134e+04
  38.2500 1.1274e+04 9.5312e+03 1.3388e+04 9.6027e+03 1.3329e+04 1.1038e+04 1.1509e+04 1.0840e+04 1.1708e+04 1.2922e+04 9.9902e+03 1.1669e+04 9.6027e+03 1.3329e+04 1.0775e+04
  38.5000 1.0907e+04 9.2260e+03 1.2944e+04 9.2951e+03 1.2888e+04 1.0681e+04 1.1133e+04 1.0488e+04 1.1327e+04 1.2497e+04 9.6668e+03 1.1286e+04 9.2951e+03 1.2888e+04 1.0429e+04
  38.7500 1.0554e+04 8.9320e+03 1.2517e+04 8.9987e+03 1.2463e+04 1.0337e+04 1.0771e+04 1.0149e+04 1.0960e+04 1.2089e+04 9.3554e+03 1.0918e+04 8.9987e+03 1.2463e+04 1.0096e+04
  39.0000 1.0215e+04 8.6487e+03 1.2107e+04 8.7131e+03 1.2054e+04 1.0006e+04 1.0422e+04 9.8222e+03 1.0607e+04 1.1695e+04 9.0554e+03 1.0564e+04 8.7131e+03 1.2054e+04 9.7751e+03
  39.2500 9.8874e+03 8.3757e+03 1.1711e+04 8.4380e+03 1.1660e+04 9.6868e+03 1.0087e+04 9.5077e+03 1.0267e+04 1.1316e+04 8.7664e+03 1.0223e+04 8.4380e+03 1.1660e+04 9.4657e+03
  39.5000 9.5721e+03 8.1125e+03 1.1331e+04 8.1727e+03 1.1281e+04 9.3794e+03 9.7636e+03 9.2048e+03 9.9395e+03 1.0952e+04 8.4880e+03 9.8943e+03 8.1727e+03 1.1281e+04 9.1675e+03
  39.7500 9.2682e+03 7.8588e+03 1.0964e+04 7.9169e+03 1.0916e+04 9.0831e+03 9.4522e+03 8.9128e+03 9.6238e+03 1.0600e+04 8.2196e+03 9.5778e+03 7.9169e+03 1.0916e+04 8.8801e+03
  40.0000 8.9755e+03 7.6141e+03 1.0611e+04 7.6704e+03 1.0565e+04 8.7975e+03 9.1522e+03 8.6315e+03 9.3195e+03 1.0262e+04 7.9610e+03 9.2729e+03 7.6704e+03 1.0565e+04 8.6029e+03
  40.2500 8.6932e+03 7.3781e+03 1.0271e+04 7.4325e+03 1.0226e+04 8.5222e+03 8.8630e+03 8.3603e+03 9.0262e+03 9.9354e+03 7.7117e+03 8.9791e+03 7.4325e+03 1.0226e+04 8.3356e+03
  40.5000 8.4211e+03 7.1505e+03 9.9437e+03 7.2031e+03 9.9002e+03 8.2567e+03 8.5844e+03 8.0988e+03 8.7435e+03 9.6211e+03 7.4712e+03 8.6959e+03 7.2031e+03 9.9002e+03 8.0778e+03
  40.7500 8.1588e+03 6.9309e+03 9.6282e+03 6.9818e+03 9.5860e+03 8.0007e+03 8.3157e+03 7.8467e+03 8.4709e+03 9.3181e+03 7.2394e+03 8.4229e+03 6.9818e+03 9.5860e+03 7.8291e+03
  41.0000 7.9059e+03 6.7191e+03 9.3242e+03 6.7684e+03 9.2833e+03 7.7538e+03 8.0568e+03 7.6036e+03 8.2082e+03 9.0261e+03 7.0159e+03 8.1598e+03 6.7684e+03 9.2833e+03 7.5892e+03
  41.2500 7.6620e+03 6.5147e+03 9.0312e+03 6.5624e+03 8.9917e+03 7.5157e+03 7.8071e+03 7.3691e+03 7.9548e+03 8.7447e+03 6.8003e+03 7.9062e+03 6.5624e+03 8.9917e+03 7.3578e+03
  41.5000 7.4268e+03 6.3175e+03 8.7489e+03 6.3637e+03 8.7105e+03 7.2860e+03 7.5664e+03 7.1430e+03 7.7104e+03 8.4733e+03 6.5923e+03 7.6617e+03 6.3637e+03 8.7105e+03 7.1345e+03
  41.7500 7.1999e+03 6.1272e+03 8.4767e+03 6.1719e+03 8.4395e+03 7.0644e+03 7.3341e+03 6.9249e+03 7.4748e+03 8.2116e+03 6.3916e+03 7.4258e+03 6.1719e+03 8.4395e+03 6.9190e+03
  42.0000 6.9809e+03 5.9434e+03 8.2143e+03 5.9867e+03 8.1782e+03 6.8505e+03 7.1101e+03 6.7143e+03 7.2474e+03 7.9593e+03 6.1980e+03 7.1983e+03 5.9867e+03 8.1782e+03 6.7109e+03
  42.2500 6.7696e+03 5.7659e+03 7.9613e+03 5.8079e+03 7.9263e+03 6.6441e+03 6.8940e+03 6.5112e+03 7.0280e+03 7.7158e+03 6.0111e+03 6.9789e+03 5.8079e+03 7.9263e+03 6.5101e+03
  42.5000 6.5657e+03 5.5946e+03 7.7172e+03 5.6353e+03 7.6832e+03 6.4448e+03 6.6854e+03 6.3151e+03 6.8162e+03 7.4809e+03 5.8307e+03 6.7671e+03 5.6353e+03 7.6832e+03 6.3162e+03
  42.7500 6.3688e+03 5.4291e+03 7.4817e+03 5.4686e+03 7.4487e+03 6.2524e+03 6.4841e+03 6.1257e+03 6.6118e+03 7.2543e+03 5.6565e+03 6.5627e+03 5.4686e+03 7.4487e+03 6.1289e+03
  43.0000 6.1787e+03 5.2692e+03 7.2545e+03 5.3075e+03 7.2225e+03 6.0666e+03 6.2898e+03 5.9429e+03 6.4144e+03 7.0355e+03 5.4883e+03 6.3654e+03 5.3075e+03 7.2225e+03 5.9480e+03
  43.2500 5.9951e+03 5.1147e+03 7.0352e+03 5.1518e+03 7.0041e+03 5.8871e+03 6.1021e+03 5.7663e+03 6.2238e+03 6.8243e+03 5.3258e+03 6.1749e+03 5.1518e+03 7.0041e+03 5.7732e+03
  43.5000 5.8178e+03 4.9654e+03 6.8236e+03 5.0014e+03 6.7934e+03 5.7137e+03 5.9209e+03 5.5957e+03 6.0398e+03 6.6204e+03 5.1689e+03 5.9910e+03 5.0014e+03 6.7934e+03 5.6043e+03
  43.7500 5.6465e+03 4.8211e+03 6.6192e+03 4.8561e+03 6.5899e+03 5.5461e+03 5.7459e+03 5.4309e+03 5.8619e+03 6.4234e+03 5.0172e+03 5.8134e+03 4.8561e+03 6.5899e+03 5.4411e+03
  44.0000 5.4810e+03 4.6816e+03 6.4219e+03 4.7156e+03 6.3934e+03 5.3842e+03 5.5767e+03 5.2717e+03 5.6901e+03 6.2332e+03 4.8707e+03 5.6418e+03 4.7156e+03 6.3934e+03 5.2833e+03
  44.2500 5.3211e+03 4.5467e+03 6.2314e+03 4.5797e+03 6.2036e+03 5.2278e+03 5.4134e+03 5.1178e+03 5.5241e+03 6.0494e+03 4.7290e+03 5.4759e+03 4.5797e+03 6.2036e+03 5.1308e+03
  44.5000 5.1665e+03 4.4163e+03 6.0473e+03 4.4483e+03 6.0203e+03 5.0765e+03 5.2554e+03 4.9691e+03 5.3637e+03 5.8719e+03 4.5921e+03 5.3158e+03 4.4483e+03 6.0203e+03 4.9833e+03
  44.7500 5.0170e+03 4.2902e+03 5.8695e+03 4.3213e+03 5.8433e+03 4.9302e+03 5.1028e+03 4.8253e+03 5.2086e+03 5.7003e+03 4.4598e+03 5.1609e+03 4.3213e+03 5.8433e+03 4.8407e+03
  45.0000 4.8725e+03 4.1681e+03 5.6977e+03 4.1984e+03 5.6721e+03 4.7888e+03 4.9553e+03 4.6863e+03 5.0586e+03 5.5345e+03 4.3317e+03 5.0112e+03 4.1984e+03 5.6721e+03 4.7027e+03
  45.2500 4.7328e+03 4.0501e+03 5.5316e+03 4.0795e+03 5.5068e+03 4.6520e+03 4.8126e+03 4.5518e+03 4.9136e+03 5.3742e+03 4.2079e+03 4.8666e+03 4.0795e+03 5.5068e+03 4.5693e+03
  45.5000 4.5976e+03 3.9359e+03 5.3711e+03 3.9644e+03 5.3469e+03 4.5197e+03 4.6747e+03 4.4218e+03 4.7734e+03 5.2192e+03 4.0882e+03 4.7266e+03 3.9644e+03 5.3469e+03 4.4401e+03
  45.7500 4.4669e+03 3.8253e+03 5.2160e+03 3.8531e+03 5.1924e+03 4.3917e+03 4.5413e+03 4.2960e+03 4.6377e+03 5.0693e+03 3.9723e+03 4.5914e+03 3.8531e+03 5.1924e+03 4.3152e+03
  46.0000 4.3404e+03 3.7183e+03 5.0659e+03 3.7454e+03 5.0430e+03 4.2678e+03 4.4122e+03 4.1743e+03 4.5065e+03 4.9244e+03 3.8603e+03 4.4605e+03 3.7454e+03 5.0430e+03 4.1943e+03
  46.2500 4.2181e+03 3.6148e+03 4.9209e+03 3.6411e+03 4.8985e+03 4.1479e+03 4.2874e+03 4.0565e+03 4.3795e+03 4.7842e+03 3.7518e+03 4.3339e+03 3.6411e+03 4.8985e+03 4.0772e+03
  46.5000 4.0996e+03 3.5145e+03 4.7805e+03 3.5401e+03 4.7588e+03 4.0319e+03 4.1666e+03 3.9425e+03 4.2566e+03 4.6485e+03 3.6468e+03 4.2114e+03 3.5401e+03 4.7588e+03 3.9639e+03
  46.7500 3.9850e+03 3.4174e+03 4.6448e+03 3.4423e+03 4.6236e+03 3.9196e+03 4.0496e+03 3.8322e+03 4.1377e+03 4.5173e+03 3.5452e+03 4.0928e+03 3.4423e+03 4.6236e+03 3.8542e+03
  47.0000 3.8741e+03 3.3234e+03 4.5135e+03 3.3476e+03 4.4928e+03 3.8109e+03 3.9365e+03 3.7254e+03 4.0226e+03 4.3903e+03 3.4468e+03 3.9781e+03 3.3476e+03 4.4928e+03 3.7479e+03
  47.2500 3.7666e+03 3.2323e+03 4.3864e+03 3.2559e+03 4.3663e+03 3.7056e+03 3.8269e+03 3.6220e+03 3.9111e+03 4.2673e+03 3.3515e+03 3.8671e+03 3.2559e+03 4.3663e+03 3.6450e+03
  47.5000 3.6626e+03 3.1441e+03 4.2634e+03 3.1670e+03 4.2438e+03 3.6036e+03 3.7208e+03 3.5219e+03 3.8032e+03 4.1483e+03 3.2592e+03 3.7596e+03 3.1670e+03 4.2438e+03 3.5454e+03
  47.7500 3.5618e+03 3.0586e+03 4.1444e+03 3.0809e+03 4.1253e+03 3.5048e+03 3.6182e+03 3.4249e+03 3.6987e+03 4.0331e+03 3.1699e+03 3.6555e+03 3.0809e+03 4.1253e+03 3.4488e+03
  48.0000 3.4642e+03 2.9757e+03 4.0291e+03 2.9975e+03 4.0105e+03 3.4091e+03 3.5187e+03 3.3310e+03 3.5975e+03 3.9216e+03 3.0833e+03 3.5547e+03 2.9975e+03 4.0105e+03 3.3552e+03
  48.2500 3.3697e+03 2.8955e+03 3.9176e+03 2.9167e+03 3.8994e+03 3.3164e+03 3.4223e+03 3.2400e+03 3.4994e+03 3.8135e+03 2.9994e+03 3.4571e+03 2.9167e+03 3.8994e+03 3.2646e+03
  48.5000 3.2781e+03 2.8177e+03 3.8095e+03 2.8383e+03 3.7918e+03 3.2266e+03 3.3290e+03 3.1518e+03 3.4044e+03 3.7089e+03 2.9182e+03 3.3625e+03 2.8383e+03 3.7918e+03 3.1767e+03
  48.7500 3.1894e+03 2.7422e+03 3.7049e+03 2.7624e+03 3.6876e+03 3.1396e+03 3.2386e+03 3.0664e+03 3.3123e+03 3.6075e+03 2.8394e+03 3.2709e+03 2.7624e+03 3.6876e+03 3.0915e+03
  49.0000 3.1034e+03 2.6691e+03 3.6036e+03 2.6888e+03 3.5867e+03 3.0552e+03 3.1510e+03 2.9837e+03 3.2231e+03 3.5093e+03 2.7631e+03 3.1821e+03 2.6888e+03 3.5867e+03 3.0089e+03
  49.2500 3.0200e+03 2.5982e+03 3.5054e+03 2.6174e+03 3.4889e+03 2.9734e+03 3.0661e+03 2.9034e+03 3.1366e+03 3.4141e+03 2.6891e+03 3.0961e+03 2.6174e+03 3.4889e+03 2.9289e+03
  49.5000 2.9392e+03 2.5295e+03 3.4102e+03 2.5481e+03 3.3942e+03 2.8941e+03 2.9838e+03 2.8256e+03 3.0528e+03 3.3219e+03 2.6173e+03 3.0128e+03 2.5481e+03 3.3942e+03 2.8513e+03
  49.7500 2.8609e+03 2.4628e+03 3.3181e+03 2.4810e+03 3.3024e+03 2.8172e+03 2.9040e+03 2.7502e+03 2.9715e+03 3.2325e+03 2.5478e+03 2.9319e+03 2.4810e+03 3.3024e+03 2.7760e+03
  50.0000 2.7849e+03 2.3981e+03 3.2287e+03 2.4158e+03 3.2134e+03 2.7427e+03 2.8266e+03 2.6771e+03 2.8927e+03 3.1459e+03 2.4803e+03 2.8536e+03 2.4158e+03 3.2134e+03 2.7030e+03
  50.2500 2.7113e+03 2.3354e+03 3.1422e+03 2.3527e+03 3.1272e+03 2.6704e+03 2.7516e+03 2.6063e+03 2.8163e+03 3.0619e+03 2.4149e+03 2.7777e+03 2.3527e+03 3.1272e+03 2.6322e+03
  50.5000 2.6399e+03 2.2746e+03 3.0583e+03 2.2914e+03 3.0437e+03 2.6002e+03 2.6789e+03 2.5375e+03 2.7422e+03 2.9805e+03 2.3515e+03 2.7041e+03 2.2914e+03 3.0437e+03 2.5635e+03
  50.7500 2.5706e+03 2.2155e+03 2.9769e+03 2.2320e+03 2.9627e+03 2.5323e+03 2.6084e+03 2.4709e+03 2.6704e+03 2.9016e+03 2.2900e+03 2.6327e+03 2.2320e+03 2.9627e+03 2.4968e+03
  51.0000 2.5034e+03 2.1583e+03 2.8981e+03 2.1743e+03 2.8841e+03 2.4663e+03 2.5401e+03 2.4062e+03 2.6007e+03 2.8251e+03 2.2304e+03 2.5635e+03 2.1743e+03 2.8841e+03 2.4322e+03
  51.2500 2.4383e+03 2.1027e+03 2.8216e+03 2.1184e+03 2.8080e+03 2.4023e+03 2.4738e+03 2.3435e+03 2.5331e+03 2.7509e+03 2.1725e+03 2.4963e+03 2.1184e+03 2.8080e+03 2.3695e+03
  51.5000 2.3751e+03 2.0488e+03 2.7475e+03 2.0641e+03 2.7342e+03 2.3403e+03 2.4095e+03 2.2827e+03 2.4676e+03 2.6789e+03 2.1163e+03 2.4312e+03 2.0641e+03 2.7342e+03 2.3087e+03
  51.7500 2.3138e+03 1.9964e+03 2.6756e+03 2.0114e+03 2.6626e+03 2.2800e+03 2.3471e+03 2.2236e+03 2.4040e+03 2.6091e+03 2.0618e+03 2.3681e+03 2.0114e+03 2.6626e+03 2.2496e+03
  52.0000 2.2543e+03 1.9456e+03 2.6058e+03 1.9602e+03 2.5931e+03 2.2216e+03 2.2865e+03 2.1664e+03 2.3422e+03 2.5414e+03 2.0090e+03 2.3068e+03 1.9602e+03 2.5931e+03 2.1923e+03
  52.2500 2.1965e+03 1.8963e+03 2.5382e+03 1.9106e+03 2.5258e+03 2.1648e+03 2.2278e+03 2.1108e+03 2.2823e+03 2.4757e+03 1.9577e+03 2.2474e+03 1.9106e+03 2.5258e+03 2.1366e+03
  52.5000 2.1405e+03 1.8484e+03 2.4725e+03 1.8623e+03 2.4604e+03 2.1098e+03 2.1708e+03 2.0568e+03 2.2242e+03 2.4119e+03 1.9078e+03 2.1897e+03 1.8623e+03 2.4604e+03 2.0826e+03
  52.7500 2.0861e+03 1.8019e+03 2.4089e+03 1.8155e+03 2.3970e+03 2.0563e+03 2.1154e+03 2.0044e+03 2.1678e+03 2.3501e+03 1.8595e+03 2.1337e+03 1.8155e+03 2.3970e+03 2.0301e+03
  53.0000 2.0332e+03 1.7567e+03 2.3471e+03 1.7700e+03 2.3354e+03 2.0044e+03 2.0617e+03 1.9536e+03 2.1130e+03 2.2900e+03 1.8125e+03 2.0793e+03 1.7700e+03 2.3354e+03 1.9792e+03
  53.2500 1.9819e+03 1.7129e+03 2.2871e+03 1.7259e+03 2.2757e+03 1.9540e+03 2.0095e+03 1.9042e+03 2.0598e+03 2.2317e+03 1.7669e+03 2.0265e+03 1.7259e+03 2.2757e+03 1.9297e+03
  53.5000 1.9321e+03 1.6703e+03 2.2288e+03 1.6830e+03 2.2177e+03 1.9050e+03 1.9589e+03 1.8562e+03 2.0081e+03 2.1751e+03 1.7226e+03 1.9753e+03 1.6830e+03 2.2177e+03 1.8816e+03
  53.7500 1.8838e+03 1.6289e+03 2.1723e+03 1.6413e+03 2.1614e+03 1.8574e+03 1.9097e+03 1.8096e+03 1.9580e+03 2.1202e+03 1.6796e+03 1.9255e+03 1.6413e+03 2.1614e+03 1.8349e+03
  54.0000 1.8368e+03 1.5886e+03 2.1174e+03 1.6008e+03 2.1067e+03 1.8112e+03 1.8620e+03 1.7644e+03 1.9092e+03 2.0668e+03 1.6378e+03 1.8772e+03 1.6008e+03 2.1067e+03 1.7896e+03
  54.2500 1.7911e+03 1.5495e+03 2.0641e+03 1.5614e+03 2.0537e+03 1.7664e+03 1.8155e+03 1.7205e+03 1.8619e+03 2.0150e+03 1.5972e+03 1.8303e+03 1.5614e+03 2.0537e+03 1.7455e+03
  54.5000 1.7468e+03 1.5115e+03 2.0124e+03 1.5232e+03 2.0021e+03 1.7228e+03 1.7705e+03 1.6778e+03 1.8159e+03 1.9647e+03 1.5578e+03 1.7847e+03 1.5232e+03 2.0021e+03 1.7027e+03
  54.7500 1.7037e+03 1.4746e+03 1.9621e+03 1.4860e+03 1.9520e+03 1.6804e+03 1.7267e+03 1.6363e+03 1.7712e+03 1.9158e+03 1.5195e+03 1.7405e+03 1.4860e+03 1.9520e+03 1.6610e+03
  55.0000 1.6618e+03 1.4387e+03 1.9133e+03 1.4499e+03 1.9034e+03 1.6392e+03 1.6841e+03 1.5960e+03 1.7278e+03 1.8683e+03 1.4822e+03 1.6974e+03 1.4499e+03 1.9034e+03 1.6205e+03
  55.2500 1.6211e+03 1.4038e+03 1.8658e+03 1.4147e+03 1.8562e+03 1.5992e+03 1.6428e+03 1.5568e+03 1.6856e+03 1.8222e+03 1.4460e+03 1.6556e+03 1.4147e+03 1.8562e+03 1.5812e+03
  55.5000 1.5816e+03 1.3699e+03 1.8197e+03 1.3806e+03 1.8103e+03 1.5603e+03 1.6026e+03 1.5187e+03 1.6446e+03 1.7773e+03 1.4108e+03 1.6150e+03 1.3806e+03 1.8103e+03 1.5430e+03
  55.7500 1.5431e+03 1.3369e+03 1.7750e+03 1.3474e+03 1.7657e+03 1.5225e+03 1.5635e+03 1.4817e+03 1.6047e+03 1.7337e+03 1.3766e+03 1.5755e+03 1.3474e+03 1.7657e+03 1.5058e+03
  56.0000 1.5058e+03 1.3048e+03 1.7314e+03 1.3151e+03 1.7224e+03 1.4857e+03 1.5256e+03 1.4457e+03 1.5659e+03 1.6914e+03 1.3434e+03 1.5371e+03 1.3151e+03 1.7224e+03 1.4696e+03
  56.2500 1.4694e+03 1.2736e+03 1.6891e+03 1.2837e+03 1.6802e+03 1.4499e+03 1.4887e+03 1.4107e+03 1.5282e+03 1.6502e+03 1.3110e+03 1.4998e+03 1.2837e+03 1.6802e+03 1.4345e+03
  56.5000 1.4341e+03 1.2433e+03 1.6480e+03 1.2531e+03 1.6393e+03 1.4151e+03 1.4528e+03 1.3767e+03 1.4916e+03 1.6102e+03 1.2796e+03 1.4635e+03 1.2531e+03 1.6393e+03 1.4002e+03
  56.7500 1.3997e+03 1.2137e+03 1.6081e+03 1.2234e+03 1.5995e+03 1.3813e+03 1.4179e+03 1.3436e+03 1.4560e+03 1.5713e+03 1.2490e+03 1.4283e+03 1.2234e+03 1.5995e+03 1.3670e+03
  57.0000 1.3663e+03 1.1850e+03 1.5692e+03 1.1945e+03 1.5608e+03 1.3484e+03 1.3839e+03 1.3114e+03 1.4213e+03 1.5335e+03 1.2192e+03 1.3940e+03 1.1945e+03 1.5608e+03 1.3346e+03
  57.2500 1.3338e+03 1.1570e+03 1.5314e+03 1.1663e+03 1.5232e+03 1.3164e+03 1.3509e+03 1.2801e+03 1.3876e+03 1.4967e+03 1.1903e+03 1.3606e+03 1.1663e+03 1.5232e+03 1.3031e+03
  57.5000 1.3022e+03 1.1299e+03 1.4947e+03 1.1389e+03 1.4866e+03 1.2853e+03 1.3188e+03 1.2496e+03 1.3548e+03 1.4609e+03 1.1621e+03 1.3282e+03 1.1389e+03 1.4866e+03 1.2725e+03
  57.7500 1.2714e+03 1.1034e+03 1.4590e+03 1.1123e+03 1.4511e+03 1.2550e+03 1.2876e+03 1.2200e+03 1.3229e+03 1.4261e+03 1.1347e+03 1.2966e+03 1.1123e+03 1.4511e+03 1.2426e+03
  58.0000 1.2415e+03 1.0776e+03 1.4242e+03 1.0863e+03 1.4165e+03 1.2255e+03 1.2572e+03 1.1912e+03 1.2918e+03 1.3923e+03 1.1081e+03 1.2659e+03 1.0863e+03 1.4165e+03 1.2136e+03
  58.2500 1.2123e+03 1.0525e+03 1.3904e+03 1.0611e+03 1.3828e+03 1.1968e+03 1.2276e+03 1.1631e+03 1.2616e+03 1.3593e+03 1.0821e+03 1.2361e+03 1.0611e+03 1.3828e+03 1.1854e+03
  58.5000 1.1840e+03 1.0281e+03 1.3576e+03 1.0365e+03 1.3501e+03 1.1689e+03 1.1989e+03 1.1358e+03 1.2322e+03 1.3273e+03 1.0569e+03 1.2070e+03 1.0365e+03 1.3501e+03 1.1579e+03
  58.7500 1.1564e+03 1.0044e+03 1.3256e+03 1.0126e+03 1.3182e+03 1.1418e+03 1.1709e+03 1.1093e+03 1.2036e+03 1.2961e+03 1.0323e+03 1.1787e+03 1.0126e+03 1.3182e+03 1.1311e+03
  59.0000 1.1296e+03 9.8123e+02 1.2945e+03 9.8932e+02 1.2872e+03 1.1153e+03 1.1436e+03 1.0834e+03 1.1758e+03 1.2658e+03 1.0084e+03 1.1512e+03 9.8932e+02 1.2872e+03 1.1050e+03
  59.2500 1.1034e+03 9.5870e+02 1.2642e+03 9.6663e+02 1.2571e+03 1.0895e+03 1.1171e+03 1.0582e+03 1.1486e+03 1.2363e+03 9.8511e+02 1.1244e+03 9.6663e+02 1.2571e+03 1.0797e+03
  59.5000 1.0780e+03 9.3675e+02 1.2347e+03 9.4454e+02 1.2278e+03 1.0645e+03 1.0913e+03 1.0337e+03 1.1222e+03 1.2075e+03 9.6243e+02 1.0984e+03 9.4454e+02 1.2278e+03 1.0550e+03
  59.7500 1.0532e+03 9.1539e+02 1.2060e+03 9.2303e+02 1.1992e+03 1.0401e+03 1.0661e+03 1.0099e+03 1.0965e+03 1.1796e+03 9.4036e+02 1.0730e+03 9.2303e+02 1.1992e+03 1.0309e+03
  60.0000 1.0291e+03 8.9457e+02 1.1781e+03 9.0208e+02 1.1714e+03 1.0163e+03 1.0417e+03 9.8664e+02 1.0715e+03 1.1523e+03 9.1886e+02 1.0483e+03 9.0208e+02 1.1714e+03 1.0075e+03
