5.0000 1.8948e+07 1.2039e+07 2.7575e+07 1.2796e+07 2.6850e+07 1.6536e+07 2.1765e+07 1.6933e+07 2.0963e+07 1.9612e+07 1.8117e+07 2.3177e+07 1.4171e+07 2.6850e+07 1.2796e+07
5.5000 1.6607e+07 1.0845e+07 2.4109e+07 1.1475e+07 2.3541e+07 1.4612e+07 1.8912e+07 1.4908e+07 1.8306e+07 1.7483e+07 1.5733e+07 2.0202e+07 1.2419e+07 2.3541e+07 1.1475e+07
6.0000 1.4425e+07 9.6624e+06 2.0881e+07 1.0184e+07 2.0437e+07 1.2789e+07 1.6298e+07 1.3003e+07 1.5848e+07 1.5424e+07 1.3551e+07 1.7447e+07 1.0792e+07 2.0437e+07 1.0184e+07
6.5000 1.2456e+07 8.5382e+06 1.7971e+07 8.9693e+06 1.7624e+07 1.1120e+07 1.3972e+07 1.1269e+07 1.3643e+07 1.3503e+07 1.1613e+07 1.4978e+07 9.3274e+06 1.7624e+07 8.9693e+06
7.0000 1.0717e+07 7.5002e+06 1.5405e+07 7.8560e+06 1.5133e+07 9.6285e+06 1.1944e+07 9.7282e+06 1.1706e+07 1.1756e+07 9.9250e+06 1.2812e+07 8.0363e+06 1.5133e+07 7.8560e+06
7.5000 9.2043e+06 6.5626e+06 1.3178e+07 6.8568e+06 1.2963e+07 8.3164e+06 1.0199e+07 8.3801e+06 1.0029e+07 1.0199e+07 8.4734e+06 1.0940e+07 6.9140e+06 1.2963e+07 6.8568e+06
8.0000 7.9011e+06 5.7064e+06 1.1265e+07 5.9474e+06 1.1093e+07 7.1756e+06 8.7092e+06 7.2131e+06 8.5892e+06 8.8373e+06 7.2357e+06 9.3376e+06 5.9474e+06 1.1093e+07 5.9789e+06
8.5000 6.7857e+06 4.9256e+06 9.6317e+06 5.1199e+06 9.4938e+06 6.1912e+06 7.4447e+06 6.2102e+06 7.3613e+06 7.6384e+06 6.1858e+06 7.9752e+06 5.1199e+06 9.4938e+06 5.1988e+06
9.0000 5.8348e+06 4.2563e+06 8.2442e+06 4.4137e+06 8.1328e+06 5.3459e+06 6.3743e+06 5.3519e+06 6.3178e+06 6.5993e+06 5.2977e+06 6.8211e+06 4.4137e+06 8.1328e+06 4.5178e+06
9.5000 5.0258e+06 3.6837e+06 7.0679e+06 3.8121e+06 6.9773e+06 4.6221e+06 5.4694e+06 4.6193e+06 5.4322e+06 5.7092e+06 4.5473e+06 5.8452e+06 3.8121e+06 6.9773e+06 3.9314e+06
10.0000 4.3379e+06 3.1942e+06 6.0721e+06 3.2996e+06 5.9978e+06 4.0031e+06 4.7044e+06 3.9945e+06 4.6813e+06 4.9478e+06 3.9131e+06 5.0206e+06 3.2996e+06 5.9978e+06 3.4267e+06
10.5000 3.7530e+06 2.7759e+06 5.2289e+06 2.8629e+06 5.1676e+06 3.4741e+06 4.0573e+06 3.4619e+06 4.0442e+06 4.2952e+06 3.3767e+06 4.3235e+06 2.8629e+06 5.1676e+06 2.9914e+06
11.0000 3.2550e+06 2.4181e+06 4.5136e+06 2.4904e+06 4.4626e+06 3.0218e+06 3.5086e+06 3.0073e+06 3.5026e+06 3.7358e+06 2.9220e+06 3.7330e+06 2.4904e+06 4.4626e+06 2.6162e+06
11.5000 2.8299e+06 2.1117e+06 3.9052e+06 2.1720e+06 3.8626e+06 2.6343e+06 3.0420e+06 2.6186e+06 3.0412e+06 3.2556e+06 2.5355e+06 3.2313e+06 2.1720e+06 3.8626e+06 2.2926e+06
12.0000 2.4665e+06 1.8488e+06 3.3869e+06 1.8992e+06 3.3513e+06 2.3019e+06 2.6444e+06 2.2857e+06 2.6472e+06 2.8433e+06 2.2062e+06 2.8044e+06 1.8992e+06 3.3513e+06 2.0134e+06
12.5000 2.1559e+06 1.6228e+06 2.9465e+06 1.6652e+06 2.9165e+06 2.0168e+06 2.3060e+06 2.0006e+06 2.3112e+06 2.4897e+06 1.9257e+06 2.4416e+06 1.6652e+06 2.9165e+06 1.7723e+06
13.0000 1.8895e+06 1.4279e+06 2.5707e+06 1.4639e+06 2.5452e+06 1.7714e+06 2.0166e+06 1.7556e+06 2.0234e+06 2.1854e+06 1.6857e+06 2.1320e+06 1.4639e+06 2.5452e+06 1.5636e+06
13.5000 1.6601e+06 1.2594e+06 2.2485e+06 1.2900e+06 2.2268e+06 1.5594e+06 1.7681e+06 1.5442e+06 1.7760e+06 1.9224e+06 1.4796e+06 1.8666e+06 1.2900e+06 2.2268e+06 1.3822e+06
14.0000 1.4617e+06 1.1131e+06 1.9711e+06 1.1392e+06 1.9526e+06 1.3756e+06 1.5539e+06 1.3612e+06 1.5623e+06 1.6943e+06 1.3018e+06 1.6381e+06 1.1392e+06 1.9526e+06 1.2242e+06
14.5000 1.2897e+06 9.8580e+05 1.7315e+06 1.0082e+06 1.7155e+06 1.2158e+06 1.3685e+06 1.2022e+06 1.3771e+06 1.4958e+06 1.1479e+06 1.4407e+06 1.0082e+06 1.7155e+06 1.0862e+06
15.0000 1.1408e+06 8.7523e+05 1.5250e+06 8.9448e+05 1.5112e+06 1.0773e+06 1.2084e+06 1.0645e+06 1.2171e+06 1.3238e+06 1.0149e+06 1.2705e+06 8.9448e+05 1.5112e+06 9.6594e+05
15.5000 1.0118e+06 7.7904e+05 1.3468e+06 7.9564e+05 1.3349e+06 9.5706e+05 1.0700e+06 9.4505e+05 1.0786e+06 1.1747e+06 8.9975e+05 1.1235e+06 7.9564e+05 1.3349e+06 8.6109e+05
16.0000 8.9954e+05 6.9501e+05 1.1924e+06 7.0938e+05 1.1821e+06 8.5221e+05 9.4972e+05 8.4098e+05 9.5811e+05 1.0447e+06 7.9965e+05 9.9604e+05 7.0938e+05 1.1821e+06 7.6928e+05
16.5000 8.0148e+05 6.2133e+05 1.0582e+06 6.3381e+05 1.0492e+06 7.6043e+05 8.4489e+05 7.4996e+05 8.5300e+05 9.3102e+05 7.1230e+05 8.8508e+05 6.3381e+05 1.0492e+06 6.8858e+05
17.0000 7.1552e+05 5.5650e+05 9.4096e+05 5.6736e+05 9.3310e+05 6.7983e+05 7.5317e+05 6.7009e+05 7.6094e+05 8.3124e+05 6.3580e+05 7.8814e+05 5.6736e+05 9.3310e+05 6.1739e+05
17.5000 6.3990e+05 4.9926e+05 8.3831e+05 5.0875e+05 8.3143e+05 6.0879e+05 6.7265e+05 5.9975e+05 6.8005e+05 7.4336e+05 5.6857e+05 7.0317e+05 5.0875e+05 8.3143e+05 5.5440e+05
18.0000 5.7326e+05 4.4863e+05 7.4822e+05 4.5695e+05 7.4217e+05 5.4607e+05 6.0181e+05 5.3770e+05 6.0881e+05 6.6583e+05 5.0938e+05 6.2851e+05 4.5695e+05 7.4217e+05 4.9858e+05
18.5000 5.1462e+05 4.0396e+05 6.6924e+05 4.1126e+05 6.6391e+05 4.9082e+05 5.3957e+05 4.8306e+05 5.4618e+05 5.9758e+05 4.5730e+05 5.6299e+05 4.1126e+05 6.6391e+05 4.4927e+05
19.0000 4.6291e+05 3.6444e+05 5.9982e+05 3.7087e+05 5.9512e+05 4.4202e+05 4.8476e+05 4.3484e+05 4.9098e+05 5.3738e+05 4.1138e+05 5.0534e+05 3.7087e+05 5.9512e+05 4.0559e+05
19.5000 4.1718e+05 3.2939e+05 5.3866e+05 3.3506e+05 5.3450e+05 3.9881e+05 4.3634e+05 3.9216e+05 4.4219e+05 4.8413e+05 3.7078e+05 4.5447e+05 3.3506e+05 5.3450e+05 3.6680e+05
20.0000 3.7662e+05 2.9821e+05 4.8463e+05 3.0322e+05 4.8094e+05 3.6044e+05 3.9347e+05 3.5429e+05 3.9896e+05 4.3690e+05 3.3478e+05 4.0948e+05 3.0322e+05 4.8094e+05 3.3226e+05
20.5000 3.4057e+05 2.7041e+05 4.3677e+05 2.7484e+05 4.3350e+05 3.2629e+05 3.5541e+05 3.2060e+05 3.6056e+05 3.9491e+05 3.0279e+05 3.6958e+05 2.7484e+05 4.3350e+05 3.0143e+05
21.0000 3.0845e+05 2.4555e+05 3.9429e+05 2.4949e+05 3.9137e+05 2.9582e+05 3.2155e+05 2.9055e+05 3.2636e+05 3.5749e+05 2.7428e+05 3.3411e+05 2.4949e+05 3.9137e+05 2.7384e+05
21.5000 2.7976e+05 2.2329e+05 3.5649e+05 2.2679e+05 3.5389e+05 2.6857e+05 2.9134e+05 2.6369e+05 2.9584e+05 3.2407e+05 2.4883e+05 3.0252e+05 2.2679e+05 3.5389e+05 2.4909e+05
22.0000 2.5409e+05 2.0330e+05 3.2279e+05 2.0643e+05 3.2047e+05 2.4416e+05 2.6435e+05 2.3964e+05 2.6854e+05 2.9416e+05 2.2606e+05 2.7431e+05 2.0643e+05 3.2047e+05 2.2685e+05
22.5000 2.3113e+05 1.8538e+05 2.9274e+05 1.8817e+05 2.9066e+05 2.2229e+05 2.4023e+05 2.1811e+05 2.4414e+05 2.6742e+05 2.0568e+05 2.4913e+05 1.8817e+05 2.9066e+05 2.0689e+05
23.0000 2.1055e+05 1.6928e+05 2.6590e+05 1.7177e+05 2.6403e+05 2.0268e+05 2.1865e+05 1.9881e+05 2.2229e+05 2.4346e+05 1.8742e+05 2.2660e+05 1.7177e+05 2.6403e+05 1.8896e+05
23.5000 1.9208e+05 1.5479e+05 2.4188e+05 1.5702e+05 2.4020e+05 1.8506e+05 1.9929e+05 1.8147e+05 2.0269e+05 2.2196e+05 1.7103e+05 2.0642e+05 1.5702e+05 2.4020e+05 1.7282e+05
24.0000 1.7547e+05 1.4173e+05 2.2034e+05 1.4373e+05 2.1883e+05 1.6920e+05 1.8190e+05 1.6587e+05 1.8507e+05 2.0264e+05 1.5629e+05 1.8830e+05 1.4373e+05 2.1883e+05 1.5826e+05
24.5000 1.6051e+05 1.2993e+05 2.0100e+05 1.3173e+05 1.9964e+05 1.5490e+05 1.6625e+05 1.5181e+05 1.6920e+05 1.8523e+05 1.4300e+05 1.7200e+05 1.3173e+05 1.9964e+05 1.4510e+05
25.0000 1.4700e+05 1.1926e+05 1.8360e+05 1.2088e+05 1.8237e+05 1.4198e+05 1.5214e+05 1.3912e+05 1.5490e+05 1.6954e+05 1.3102e+05 1.5732e+05 1.2088e+05 1.8237e+05 1.3320e+05
25.5000 1.3480e+05 1.0959e+05 1.6792e+05 1.1105e+05 1.6681e+05 1.3030e+05 1.3940e+05 1.2763e+05 1.4197e+05 1.5536e+05 1.2018e+05 1.4408e+05 1.1105e+05 1.6681e+05 1.2241e+05
26.0000 1.2376e+05 1.0081e+05 1.5377e+05 1.0213e+05 1.5276e+05 1.1971e+05 1.2788e+05 1.1723e+05 1.3028e+05 1.4253e+05 1.1036e+05 1.3211e+05 1.0213e+05 1.5276e+05 1.1261e+05
26.5000 1.1374e+05 9.2838e+04 1.4098e+05 9.4033e+04 1.4007e+05 1.1010e+05 1.1745e+05 1.0780e+05 1.1968e+05 1.3090e+05 1.0147e+05 1.2128e+05 9.4033e+04 1.4007e+05 1.0371e+05
27.0000 1.0465e+05 8.5581e+04 1.2941e+05 8.6663e+04 1.2857e+05 1.0137e+05 1.0798e+05 9.9232e+04 1.1007e+05 1.2035e+05 9.3387e+04 1.1146e+05 8.6663e+04 1.2857e+05 9.5599e+04
27.5000 9.6392e+04 7.8975e+04 1.1892e+05 7.9957e+04 1.1816e+05 9.3432e+04 9.9397e+04 9.1446e+04 1.0134e+05 1.1078e+05 8.6047e+04 1.0255e+05 7.9957e+04 1.1816e+05 8.8218e+04
28.0000 8.8885e+04 7.2957e+04 1.0941e+05 7.3849e+04 1.0872e+05 8.6210e+04 9.1596e+04 8.4362e+04 9.3408e+04 1.0207e+05 7.9370e+04 9.4462e+04 7.3849e+04 1.0872e+05 8.1493e+04
28.5000 8.2049e+04 6.7467e+04 1.0077e+05 6.8277e+04 1.0014e+05 7.9630e+04 8.4498e+04 7.7909e+04 8.6189e+04 9.4155e+04 7.3290e+04 8.7107e+04 6.8277e+04 1.0014e+05 7.5357e+04
29.0000 7.5817e+04 6.2451e+04 9.2915e+04 6.3189e+04 9.2341e+04 7.3627e+04 7.8032e+04 7.2024e+04 7.9611e+04 8.6940e+04 6.7745e+04 8.0410e+04 6.3189e+04 9.2341e+04 6.9751e+04
29.5000 7.0129e+04 5.7864e+04 8.5762e+04 5.8536e+04 8.5237e+04 6.8143e+04 7.2134e+04 6.6648e+04 7.3609e+04 8.0358e+04 6.2682e+04 7.4303e+04 5.8536e+04 8.5237e+04 6.4624e+04
30.0000 6.4930e+04 5.3663e+04 7.9240e+04 5.4277e+04 7.8759e+04 6.3128e+04 6.6748e+04 6.1734e+04 6.8126e+04 7.4347e+04 5.8053e+04 6.8729e+04 5.4277e+04 7.8759e+04 5.9928e+04
30.5000 6.0173e+04 4.9812e+04 7.3286e+04 5.0374e+04 7.2845e+04 5.8535e+04 6.1823e+04 5.7234e+04 6.3112e+04 6.8850e+04 5.3817e+04 6.3635e+04 5.0374e+04 7.2845e+04 5.5624e+04
31.0000 5.5816e+04 4.6278e+04 6.7844e+04 4.6792e+04 6.7440e+04 5.4326e+04 5.7314e+04 5.3111e+04 5.8520e+04 6.3818e+04 4.9935e+04 5.8973e+04 4.6792e+04 6.7440e+04 5.1673e+04
31.5000 5.1820e+04 4.3031e+04 6.2866e+04 4.3501e+04 6.2494e+04 5.0463e+04 5.3183e+04 4.9328e+04 5.4311e+04 5.9206e+04 4.6374e+04 5.4704e+04 4.3501e+04 6.2494e+04 4.8043e+04
32.0000 4.8151e+04 4.0045e+04 5.8305e+04 4.0476e+04 5.7964e+04 4.6914e+04 4.9393e+04 4.5854e+04 5.0448e+04 5.4974e+04 4.3104e+04 5.0788e+04 4.0476e+04 5.7964e+04 4.4705e+04
32.5000 4.4780e+04 3.7295e+04 5.4124e+04 3.7691e+04 5.3809e+04 4.3651e+04 4.5912e+04 4.2659e+04 4.6900e+04 5.1088e+04 4.0098e+04 4.7193e+04 3.7691e+04 5.3809e+04 4.1631e+04
33.0000 4.1679e+04 3.4761e+04 5.0285e+04 3.5125e+04 4.9996e+04 4.0647e+04 4.2712e+04 3.9720e+04 4.3638e+04 4.7516e+04 3.7332e+04 4.3890e+04 3.5125e+04 4.9996e+04 3.8798e+04
33.5000 3.8824e+04 3.2425e+04 4.6760e+04 3.2760e+04 4.6492e+04 3.7880e+04 3.9769e+04 3.7012e+04 4.0635e+04 4.4230e+04 3.4786e+04 4.0852e+04 3.2760e+04 4.6492e+04 3.6186e+04
34.0000 3.6194e+04 3.0269e+04 4.3519e+04 3.0578e+04 4.3272e+04 3.5330e+04 3.7058e+04 3.4517e+04 3.7871e+04 4.1205e+04 3.2439e+04 3.8057e+04 3.0578e+04 4.3272e+04 3.3777e+04
34.5000 3.3769e+04 2.8278e+04 4.0536e+04 2.8563e+04 4.0307e+04 3.2978e+04 3.4561e+04 3.2216e+04 3.5323e+04 3.8418e+04 3.0274e+04 3.5481e+04 2.8563e+04 4.0307e+04 3.1552e+04
35.0000 3.1531e+04 2.6438e+04 3.7788e+04 2.6700e+04 3.7576e+04 3.0805e+04 3.2256e+04 3.0090e+04 3.2971e+04 3.5847e+04 2.8275e+04 3.3106e+04 2.6700e+04 3.7576e+04 2.9495e+04
35.5000 2.9464e+04 2.4735e+04 3.5254e+04 2.4978e+04 3.5058e+04 2.8796e+04 3.0129e+04 2.8126e+04 3.0800e+04 3.3474e+04 2.6428e+04 3.0914e+04 2.4978e+04 3.5058e+04 2.7592e+04
36.0000 2.7552e+04 2.3159e+04 3.2915e+04 2.3383e+04 3.2733e+04 2.6938e+04 2.8163e+04 2.6309e+04 2.8793e+04 3.1281e+04 2.4720e+04 2.8888e+04 2.3383e+04 3.2733e+04 2.5831e+04
36.5000 2.5782e+04 2.1697e+04 3.0754e+04 2.1905e+04 3.0586e+04 2.5218e+04 2.6344e+04 2.4627e+04 2.6936e+04 2.9253e+04 2.3138e+04 2.7014e+04 2.1905e+04 3.0586e+04 2.4198e+04
37.0000 2.4143e+04 2.0342e+04 2.8756e+04 2.0534e+04 2.8600e+04 2.3624e+04 2.4660e+04 2.3068e+04 2.5216e+04 2.7375e+04 2.1672e+04 2.5281e+04 2.0534e+04 2.8600e+04 2.2684e+04
37.5000 2.2623e+04 1.9083e+04 2.6908e+04 1.9262e+04 2.6762e+04 2.2145e+04 2.3099e+04 2.1623e+04 2.3623e+04 2.5636e+04 2.0314e+04 2.3674e+04 1.9262e+04 2.6762e+04 2.1278e+04
38.0000 2.1213e+04 1.7914e+04 2.5195e+04 1.8080e+04 2.5059e+04 2.0772e+04 2.1652e+04 2.0281e+04 2.2145e+04 2.4023e+04 1.9052e+04 2.2185e+04 1.8080e+04 2.5059e+04 1.9972e+04
38.5000 1.9904e+04 1.6827e+04 2.3607e+04 1.6981e+04 2.3481e+04 1.9497e+04 2.0309e+04 1.9035e+04 2.0773e+04 2.2526e+04 1.7881e+04 2.0804e+04 1.6981e+04 2.3481e+04 1.8758e+04
39.0000 1.8688e+04 1.5816e+04 2.2134e+04 1.5958e+04 2.2017e+04 1.8311e+04 1.9062e+04 1.7876e+04 1.9498e+04 2.1136e+04 1.6792e+04 1.9521e+04 1.5958e+04 2.2017e+04 1.7628e+04
39.5000 1.7556e+04 1.4874e+04 2.0767e+04 1.5007e+04 2.0657e+04 1.7208e+04 1.7902e+04 1.6799e+04 1.8314e+04 1.9844e+04 1.5779e+04 1.8328e+04 1.5007e+04 2.0657e+04 1.6577e+04
40.0000 1.6504e+04 1.3996e+04 1.9496e+04 1.4120e+04 1.9394e+04 1.6182e+04 1.6823e+04 1.5796e+04 1.7211e+04 1.8643e+04 1.4836e+04 1.7220e+04 1.4120e+04 1.9394e+04 1.5597e+04
40.5000 1.5523e+04 1.3178e+04 1.8315e+04 1.3293e+04 1.8219e+04 1.5225e+04 1.5819e+04 1.4861e+04 1.6185e+04 1.7525e+04 1.3958e+04 1.6188e+04 1.3293e+04 1.8219e+04 1.4683e+04
41.0000 1.4610e+04 1.2415e+04 1.7215e+04 1.2522e+04 1.7126e+04 1.4333e+04 1.4884e+04 1.3990e+04 1.5229e+04 1.6484e+04 1.3140e+04 1.5227e+04 1.2522e+04 1.7126e+04 1.3831e+04
41.5000 1.3758e+04 1.1702e+04 1.6192e+04 1.1803e+04 1.6108e+04 1.3502e+04 1.4012e+04 1.3178e+04 1.4338e+04 1.5514e+04 1.2376e+04 1.4332e+04 1.1803e+04 1.6108e+04 1.3036e+04
42.0000 1.2964e+04 1.1037e+04 1.5239e+04 1.1131e+04 1.5160e+04 1.2725e+04 1.3200e+04 1.2420e+04 1.3507e+04 1.4610e+04 1.1664e+04 1.3497e+04 1.1131e+04 1.5160e+04 1.2294e+04
42.5000 1.2222e+04 1.0415e+04 1.4350e+04 1.0503e+04 1.4277e+04 1.2001e+04 1.2441e+04 1.1712e+04 1.2732e+04 1.3766e+04 1.0999e+04 1.2718e+04 1.0503e+04 1.4277e+04 1.1600e+04
43.0000 1.1529e+04 9.8336e+03 1.3522e+04 9.9157e+03 1.3452e+04 1.1323e+04 1.1733e+04 1.1050e+04 1.2008e+04 1.2978e+04 1.0377e+04 1.1992e+04 9.9157e+03 1.3452e+04 1.0951e+04
43.5000 1.0882e+04 9.2893e+03 1.2748e+04 9.3663e+03 1.2683e+04 1.0690e+04 1.1071e+04 1.0432e+04 1.1331e+04 1.2243e+04 9.7962e+03 1.1312e+04 9.3663e+03 1.2683e+04 1.0344e+04
44.0000 1.0276e+04 8.7797e+03 1.2025e+04 8.8518e+03 1.1964e+04 1.0097e+04 1.0452e+04 9.8527e+03 1.0698e+04 1.1555e+04 9.2525e+03 1.0677e+04 8.8518e+03 1.1964e+04 9.7750e+03
44.5000 9.7085e+03 8.3021e+03 1.1349e+04 8.3698e+03 1.1292e+04 9.5423e+03 9.8728e+03 9.3108e+03 1.0106e+04 1.0911e+04 8.7434e+03 1.0083e+04 8.3698e+03 1.1292e+04 9.2423e+03
45.0000 9.1773e+03 7.8544e+03 1.0717e+04 7.9180e+03 1.0663e+04 9.0224e+03 9.3305e+03 8.8030e+03 9.5513e+03 1.0309e+04 8.2665e+03 9.5273e+03 7.9180e+03 1.0663e+04 8.7430e+03
45.5000 8.6795e+03 7.4344e+03 1.0126e+04 7.4941e+03 1.0075e+04 8.5349e+03 8.8224e+03 8.3270e+03 9.0317e+03 9.7447e+03 7.8194e+03 9.0064e+03 7.4941e+03 1.0075e+04 8.2746e+03
46.0000 8.2127e+03 7.0401e+03 9.5715e+03 7.0963e+03 9.5236e+03 8.0777e+03 8.3461e+03 7.8805e+03 8.5446e+03 9.2159e+03 7.4001e+03 8.5183e+03 7.0963e+03 9.5236e+03 7.8350e+03
46.5000 7.7747e+03 6.6698e+03 9.0522e+03 6.7227e+03 9.0070e+03 7.6486e+03 7.8993e+03 7.4614e+03 8.0877e+03 8.7200e+03 7.0065e+03 8.0605e+03 6.7227e+03 9.0070e+03 7.4221e+03
47.0000 7.3635e+03 6.3219e+03 8.5653e+03 6.3717e+03 8.5226e+03 7.2456e+03 7.4799e+03 7.0679e+03 7.6588e+03 8.2547e+03 6.6370e+03 7.6309e+03 6.3717e+03 8.5226e+03 7.0342e+03
47.5000 6.9772e+03 5.9947e+03 8.1084e+03 6.0416e+03 8.0681e+03 6.8669e+03 7.0861e+03 6.6982e+03 7.2560e+03 7.8178e+03 6.2898e+03 7.2276e+03 6.0416e+03 8.0681e+03 6.6696e+03
48.0000 6.6142e+03 5.6869e+03 7.6794e+03 5.7312e+03 7.6413e+03 6.5109e+03 6.7161e+03 6.3506e+03 6.8775e+03 7.4075e+03 5.9634e+03 6.8487e+03 5.7312e+03 7.6413e+03 6.3265e+03
48.5000 6.2728e+03 5.3972e+03 7.2765e+03 5.4390e+03 7.2405e+03 6.1760e+03 6.3683e+03 6.0237e+03 6.5216e+03 7.0218e+03 5.6564e+03 6.4926e+03 5.4390e+03 7.2405e+03 6.0037e+03
49.0000 5.9516e+03 5.1245e+03 6.8978e+03 5.1639e+03 6.8637e+03 5.8609e+03 6.0411e+03 5.7160e+03 6.1869e+03 6.6591e+03 5.3675e+03 6.1577e+03 5.1639e+03 6.8637e+03 5.6998e+03
49.5000 5.6492e+03 4.8675e+03 6.5417e+03 4.9048e+03 6.5094e+03 5.5642e+03 5.7332e+03 5.4264e+03 5.8718e+03 6.3178e+03 5.0955e+03 5.8426e+03 4.9048e+03 6.5094e+03 5.4134e+03
50.0000 5.3645e+03 4.6253e+03 6.2067e+03 4.6605e+03 6.1761e+03 5.2846e+03 5.4433e+03 5.1536e+03 5.5751e+03 5.9966e+03 4.8394e+03 5.5460e+03 4.6605e+03 6.1761e+03 5.1436e+03
50.5000 5.0963e+03 4.3969e+03 5.8914e+03 4.4302e+03 5.8624e+03 5.0213e+03 5.1702e+03 4.8965e+03 5.2958e+03 5.6941e+03 4.5980e+03 5.2667e+03 4.4302e+03 5.8624e+03 4.8892e+03
51.0000 4.8435e+03 4.1815e+03 5.5946e+03 4.2131e+03 5.5671e+03 4.7730e+03 4.9130e+03 4.6542e+03 5.0325e+03 5.4093e+03 4.3705e+03 5.0036e+03 4.2131e+03 5.5671e+03 4.6493e+03
51.5000 4.6052e+03 3.9782e+03 5.3150e+03 4.0082e+03 5.2889e+03 4.5389e+03 4.6705e+03 4.4256e+03 4.7844e+03 5.1408e+03 4.1559e+03 4.7557e+03 4.0082e+03 5.2889e+03 4.4229e+03
52.0000 4.3803e+03 3.7863e+03 5.0516e+03 3.8147e+03 5.0268e+03 4.3180e+03 4.4418e+03 4.2100e+03 4.5504e+03 4.8877e+03 3.9535e+03 4.5219e+03 3.8147e+03 5.0268e+03 4.2093e+03
52.5000 4.1681e+03 3.6051e+03 4.8031e+03 3.6320e+03 4.7796e+03 4.1094e+03 4.2259e+03 4.0064e+03 4.3295e+03 4.6489e+03 3.7624e+03 4.3013e+03 3.6320e+03 4.7796e+03 4.0075e+03
53.0000 3.9677e+03 3.4338e+03 4.5688e+03 3.4594e+03 4.5464e+03 3.9125e+03 4.0222e+03 3.8141e+03 4.1211e+03 4.4236e+03 3.5820e+03 4.0931e+03 3.4594e+03 4.5464e+03 3.8168e+03
53.5000 3.7784e+03 3.2719e+03 4.3476e+03 3.2962e+03 4.3262e+03 3.7264e+03 3.8297e+03 3.6324e+03 3.9241e+03 4.2108e+03 3.4114e+03 3.8965e+03 3.2962e+03 4.3262e+03 3.6366e+03
54.0000 3.5995e+03 3.1187e+03 4.1387e+03 3.1418e+03 4.1184e+03 3.5504e+03 3.6478e+03 3.4607e+03 3.7381e+03 4.0097e+03 3.2502e+03 3.7107e+03 3.1418e+03 4.1184e+03 3.4661e+03
54.5000 3.4303e+03 2.9738e+03 3.9414e+03 2.9958e+03 3.9220e+03 3.3840e+03 3.4759e+03 3.2982e+03 3.5621e+03 3.8197e+03 3.0978e+03 3.5351e+03 2.9958e+03 3.9220e+03 3.3048e+03
55.0000 3.2702e+03 2.8366e+03 3.7549e+03 2.8575e+03 3.7364e+03 3.2266e+03 3.3133e+03 3.1446e+03 3.3957e+03 3.6400e+03 2.9536e+03 3.3691e+03 2.8575e+03 3.7364e+03 3.1521e+03
55.5000 3.1188e+03 2.7066e+03 3.5785e+03 2.7266e+03 3.5609e+03 3.0775e+03 3.1594e+03 2.9991e+03 3.2382e+03 3.4701e+03 2.8170e+03 3.2120e+03 2.7266e+03 3.5609e+03 3.0075e+03
56.0000 2.9753e+03 2.5835e+03 3.4117e+03 2.6025e+03 3.3948e+03 2.9364e+03 3.0137e+03 2.8613e+03 3.0892e+03 3.3092e+03 2.6877e+03 3.0633e+03 2.6025e+03 3.3948e+03 2.8706e+03
56.5000 2.8394e+03 2.4668e+03 3.2538e+03 2.4849e+03 3.2376e+03 2.8026e+03 2.8757e+03 2.7308e+03 2.9480e+03 3.1569e+03 2.5652e+03 2.9225e+03 2.4849e+03 3.2376e+03 2.7408e+03
57.0000 2.7107e+03 2.3562e+03 3.1042e+03 2.3734e+03 3.0888e+03 2.6759e+03 2.7450e+03 2.6071e+03 2.8142e+03 3.0126e+03 2.4492e+03 2.7892e+03 2.3734e+03 3.0888e+03 2.6177e+03
57.5000 2.5886e+03 2.2512e+03 2.9626e+03 2.2677e+03 2.9479e+03 2.5557e+03 2.6211e+03 2.4898e+03 2.6874e+03 2.8759e+03 2.3391e+03 2.6628e+03 2.2677e+03 2.9479e+03 2.5009e+03
58.0000 2.4729e+03 2.1516e+03 2.8284e+03 2.1673e+03 2.8143e+03 2.4417e+03 2.5036e+03 2.3785e+03 2.5671e+03 2.7463e+03 2.2347e+03 2.5429e+03 2.1673e+03 2.8143e+03 2.3901e+03
58.5000 2.3630e+03 2.0570e+03 2.7011e+03 2.0720e+03 2.6876e+03 2.3335e+03 2.3921e+03 2.2730e+03 2.4530e+03 2.6234e+03 2.1356e+03 2.4293e+03 2.0720e+03 2.6876e+03 2.2849e+03
59.0000 2.2588e+03 1.9672e+03 2.5804e+03 1.9815e+03 2.5675e+03 2.2308e+03 2.2863e+03 2.1728e+03 2.3448e+03 2.5068e+03 2.0416e+03 2.3214e+03 1.9815e+03 2.5675e+03 2.1851e+03
59.5000 2.1598e+03 1.8818e+03 2.4659e+03 1.8956e+03 2.4536e+03 2.1333e+03 2.1859e+03 2.0776e+03 2.2419e+03 2.3961e+03 1.9523e+03 2.2191e+03 1.8956e+03 2.4536e+03 2.0902e+03
60.0000 2.0658e+03 1.8008e+03 2.3573e+03 1.8139e+03 2.3454e+03 2.0407e+03 2.0905e+03 1.9872e+03 2.1443e+03 2.2910e+03 1.8675e+03 2.1219e+03 1.8139e+03 2.3454e+03 2.0001e+03
60.5000 1.9765e+03 1.7237e+03 2.2541e+03 1.7362e+03 2.2427e+03 1.9527e+03 1.9999e+03 1.9013e+03 2.0516e+03 2.1912e+03 1.7868e+03 2.0296e+03 1.7362e+03 2.2427e+03 1.9143e+03
61.0000 1.8915e+03 1.6503e+03 2.1561e+03 1.6624e+03 2.1452e+03 1.8690e+03 1.9138e+03 1.8197e+03 1.9634e+03 2.0964e+03 1.7102e+03 1.9418e+03 1.6624e+03 2.1452e+03 1.8328e+03
61.5000 1.8108e+03 1.5806e+03 2.0629e+03 1.5921e+03 2.0525e+03 1.7894e+03 1.8319e+03 1.7421e+03 1.8795e+03 2.0062e+03 1.6373e+03 1.8585e+03 1.5921e+03 2.0525e+03 1.7553e+03
62.0000 1.7340e+03 1.5142e+03 1.9744e+03 1.5253e+03 1.9644e+03 1.7137e+03 1.7541e+03 1.6682e+03 1.7998e+03 1.9205e+03 1.5680e+03 1.7792e+03 1.5253e+03 1.9644e+03 1.6815e+03
62.5000 1.6610e+03 1.4510e+03 1.8903e+03 1.4616e+03 1.8806e+03 1.6417e+03 1.6801e+03 1.5980e+03 1.7240e+03 1.8391e+03 1.5021e+03 1.7038e+03 1.4616e+03 1.8806e+03 1.6113e+03
63.0000 1.5915e+03 1.3909e+03 1.8103e+03 1.4011e+03 1.8010e+03 1.5731e+03 1.6096e+03 1.5312e+03 1.6519e+03 1.7616e+03 1.4393e+03 1.6321e+03 1.4011e+03 1.8010e+03 1.5445e+03
63.5000 1.5253e+03 1.3336e+03 1.7341e+03 1.3434e+03 1.7252e+03 1.5079e+03 1.5426e+03 1.4675e+03 1.5832e+03 1.6878e+03 1.3796e+03 1.5638e+03 1.3434e+03 1.7252e+03 1.4809e+03
64.0000 1.4623e+03 1.2791e+03 1.6617e+03 1.2884e+03 1.6531e+03 1.4457e+03 1.4787e+03 1.4069e+03 1.5178e+03 1.6176e+03 1.3227e+03 1.4988e+03 1.2884e+03 1.6531e+03 1.4202e+03
64.5000 1.4023e+03 1.2271e+03 1.5927e+03 1.2361e+03 1.5845e+03 1.3865e+03 1.4179e+03 1.3492e+03 1.4555e+03 1.5508e+03 1.2685e+03 1.4370e+03 1.2361e+03 1.5845e+03 1.3625e+03
65.0000 1.3452e+03 1.1775e+03 1.5270e+03 1.1861e+03 1.5191e+03 1.3301e+03 1.3600e+03 1.2942e+03 1.3962e+03 1.4871e+03 1.2168e+03 1.3780e+03 1.1861e+03 1.5191e+03 1.3074e+03
65.5000 1.2907e+03 1.1302e+03 1.4645e+03 1.1385e+03 1.4568e+03 1.2763e+03 1.3048e+03 1.2417e+03 1.3397e+03 1.4264e+03 1.1676e+03 1.3219e+03 1.1385e+03 1.4568e+03 1.2549e+03
66.0000 1.2387e+03 1.0851e+03 1.4048e+03 1.0931e+03 1.3975e+03 1.2250e+03 1.2522e+03 1.1917e+03 1.2857e+03 1.3686e+03 1.1207e+03 1.2683e+03 1.0931e+03 1.3975e+03 1.2048e+03
66.5000 1.1891e+03 1.0420e+03 1.3480e+03 1.0498e+03 1.3409e+03 1.1761e+03 1.2020e+03 1.1440e+03 1.2343e+03 1.3134e+03 1.0759e+03 1.2173e+03 1.0498e+03 1.3409e+03 1.1570e+03
67.0000 1.1418e+03 1.0010e+03 1.2938e+03 1.0084e+03 1.2870e+03 1.1294e+03 1.1541e+03 1.0985e+03 1.1853e+03 1.2608e+03 1.0332e+03 1.1686e+03 1.0084e+03 1.2870e+03 1.1113e+03
67.5000 1.0967e+03 9.6174e+02 1.2421e+03 9.6888e+02 1.2355e+03 1.0849e+03 1.1084e+03 1.0550e+03 1.1384e+03 1.2107e+03 9.9237e+02 1.1221e+03 9.6888e+02 1.2355e+03 1.0678e+03
68.0000 1.0536e+03 9.2426e+02 1.1928e+03 9.3115e+02 1.1864e+03 1.0423e+03 1.0648e+03 1.0135e+03 1.0938e+03 1.1628e+03 9.5343e+02 1.0778e+03 9.3115e+02 1.1864e+03 1.0262e+03
68.5000 1.0125e+03 8.8847e+02 1.1457e+03 8.9511e+02 1.1396e+03 1.0017e+03 1.0231e+03 9.7390e+02 1.0511e+03 1.1170e+03 9.1624e+02 1.0355e+03 8.9511e+02 1.1396e+03 9.8641e+02
69.0000 9.7317e+02 8.5426e+02 1.1008e+03 8.6066e+02 1.0948e+03 9.6289e+02 9.8331e+02 9.3606e+02 1.0103e+03 1.0734e+03 8.8072e+02 9.9505e+02 8.6066e+02 1.0948e+03 9.4843e+02
69.5000 9.3561e+02 8.2155e+02 1.0579e+03 8.2773e+02 1.0521e+03 9.2580e+02 9.4530e+02 8.9989e+02 9.7136e+02 1.0317e+03 8.4677e+02 9.5644e+02 8.2773e+02 1.0521e+03 9.1212e+02
70.0000 8.9972e+02 7.9028e+02 1.0169e+03 7.9625e+02 1.0113e+03 8.9034e+02 9.0897e+02 8.6533e+02 9.3414e+02 9.9187e+02 8.1432e+02 9.1954e+02 7.9625e+02 1.0113e+03 8.7740e+02
70.5000 8.6540e+02 7.6037e+02 9.7770e+02 7.6613e+02 9.7233e+02 8.5644e+02 8.7424e+02 8.3227e+02 8.9855e+02 9.5380e+02 7.8329e+02 8.8428e+02 7.6613e+02 9.7233e+02 8.4419e+02
71.0000 8.3258e+02 7.3175e+02 9.4027e+02 7.3732e+02 9.3507e+02 8.2401e+02 8.4104e+02 8.0067e+02 8.6452e+02 9.1740e+02 7.5362e+02 8.5057e+02 7.3732e+02 9.3507e+02 8.1242e+02
71.5000 8.0119e+02 7.0437e+02 9.0448e+02 7.0975e+02 8.9945e+02 7.9300e+02 8.0928e+02 7.7043e+02 8.3197e+02 8.8260e+02 7.2523e+02 8.1833e+02 7.0975e+02 8.9945e+02 7.8202e+02
72.0000 7.7115e+02 6.7815e+02 8.7025e+02 6.8336e+02 8.6539e+02 7.6332e+02 7.7889e+02 7.4150e+02 8.0083e+02 8.4931e+02 6.9807e+02 7.8749e+02 6.8336e+02 8.6539e+02 7.5293e+02
72.5000 7.4241e+02 6.5305e+02 8.3752e+02 6.5808e+02 8.3281e+02 7.3490e+02 7.4982e+02 7.1381e+02 7.7102e+02 8.1746e+02 6.7207e+02 7.5798e+02 6.5808e+02 8.3281e+02 7.2507e+02
73.0000 7.1489e+02 6.2901e+02 8.0620e+02 6.3388e+02 8.0164e+02 7.0770e+02 7.2198e+02 6.8730e+02 7.4249e+02 7.8698e+02 6.4718e+02 7.2974e+02 6.3388e+02 8.0164e+02 6.9838e+02
73.5000 6.8854e+02 6.0598e+02 7.7622e+02 6.1070e+02 7.7180e+02 6.8165e+02 6.9533e+02 6.6192e+02 7.1517e+02 7.5781e+02 6.2335e+02 7.0271e+02 6.1070e+02 7.7180e+02 6.7283e+02
74.0000 6.6330e+02 5.8392e+02 7.4753e+02 5.8848e+02 7.4325e+02 6.5670e+02 6.6981e+02 6.3760e+02 6.8901e+02 7.2988e+02 6.0051e+02 6.7683e+02 5.8848e+02 7.4325e+02 6.4834e+02
74.5000 6.3912e+02 5.6277e+02 7.2006e+02 5.6719e+02 7.1590e+02 6.3280e+02 6.4536e+02 6.1431e+02 6.6394e+02 7.0312e+02 5.7864e+02 6.5203e+02 5.6719e+02 7.1590e+02 6.2487e+02
75.0000 6.1595e+02 5.4249e+02 6.9374e+02 5.4677e+02 6.8972e+02 6.0988e+02 6.2194e+02 5.9199e+02 6.3992e+02 6.7750e+02 5.5768e+02 6.2828e+02 5.4677e+02 6.8972e+02 6.0237e+02
75.5000 5.9374e+02 5.2305e+02 6.6854e+02 5.2720e+02 6.6463e+02 5.8792e+02 5.9949e+02 5.7059e+02 6.1689e+02 6.5294e+02 5.3758e+02 6.0552e+02 5.2720e+02 6.6463e+02 5.8079e+02
76.0000 5.7245e+02 5.0440e+02 6.4438e+02 5.0843e+02 6.4059e+02 5.6686e+02 5.7796e+02 5.5008e+02 5.9482e+02 6.2940e+02 5.1832e+02 5.8371e+02 5.0843e+02 6.4059e+02 5.6010e+02
76.5000 5.5203e+02 4.8651e+02 6.2122e+02 4.9042e+02 6.1754e+02 5.4667e+02 5.5732e+02 5.3040e+02 5.7365e+02 6.0684e+02 4.9984e+02 5.6279e+02 4.9042e+02 6.1754e+02 5.4025e+02
77.0000 5.3244e+02 4.6935e+02 5.9902e+02 4.7314e+02 5.9544e+02 5.2730e+02 5.3752e+02 5.1154e+02 5.5335e+02 5.8520e+02 4.8212e+02 5.4273e+02 4.7314e+02 5.9544e+02 5.2121e+02
77.5000 5.1365e+02 4.5289e+02 5.7771e+02 4.5656e+02 5.7425e+02 5.0871e+02 5.1853e+02 4.9344e+02 5.3386e+02 5.6444e+02 4.6511e+02 5.2348e+02 4.5656e+02 5.7425e+02 5.0294e+02
78.0000 4.9562e+02 4.3708e+02 5.5728e+02 4.4065e+02 5.5391e+02 4.9087e+02 5.0031e+02 4.7606e+02 5.1517e+02 5.4452e+02 4.4879e+02 5.0502e+02 4.4065e+02 5.5391e+02 4.8540e+02
78.5000 4.7831e+02 4.2190e+02 5.3767e+02 4.2537e+02 5.3440e+02 4.7375e+02 4.8281e+02 4.5939e+02 4.9722e+02 5.2540e+02 4.3313e+02 4.8730e+02 4.2537e+02 5.3440e+02 4.6856e+02
79.0000 4.6169e+02 4.0733e+02 5.1885e+02 4.1069e+02 5.1567e+02 4.5731e+02 4.6602e+02 4.4339e+02 4.7999e+02 5.0705e+02 4.1809e+02 4.7029e+02 4.1069e+02 5.1567e+02 4.5239e+02
79.5000 4.4573e+02 3.9333e+02 5.0078e+02 3.9660e+02 4.9769e+02 4.4152e+02 4.4989e+02 4.2802e+02 4.6344e+02 4.8944e+02 4.0365e+02 4.5395e+02 3.9660e+02 4.9769e+02 4.3686e+02
80.0000 4.3040e+02 3.7988e+02 4.8343e+02 3.8306e+02 4.8042e+02 4.2636e+02 4.3440e+02 4.1325e+02 4.4755e+02 4.7252e+02 3.8977e+02 4.3827e+02 3.8306e+02 4.8042e+02 4.2194e+02
80.5000 4.1568e+02 3.6696e+02 4.6677e+02 3.7004e+02 4.6384e+02 4.1179e+02 4.1953e+02 3.9907e+02 4.3228e+02 4.5627e+02 3.7645e+02 4.2320e+02 3.7004e+02 4.6384e+02 4.0760e+02
81.0000 4.0153e+02 3.5454e+02 4.5076e+02 3.5754e+02 4.4792e+02 3.9779e+02 4.0523e+02 3.8545e+02 4.1761e+02 4.4066e+02 3.6364e+02 4.0872e+02 3.5754e+02 4.4792e+02 3.9382e+02
81.5000 3.8793e+02 3.4260e+02 4.3538e+02 3.4551e+02 4.3261e+02 3.8433e+02 3.9149e+02 3.7235e+02 4.0350e+02 4.2565e+02 3.5133e+02 3.9481e+02 3.4551e+02 4.3261e+02 3.8057e+02
82.0000 3.7486e+02 3.3112e+02 4.2060e+02 3.3395e+02 4.1791e+02 3.7140e+02 3.7828e+02 3.5976e+02 3.8995e+02 4.1124e+02 3.3950e+02 3.8144e+02 3.3395e+02 4.1791e+02 3.6783e+02
82.5000 3.6229e+02 3.2008e+02 4.0640e+02 3.2283e+02 4.0377e+02 3.5896e+02 3.6558e+02 3.4766e+02 3.7691e+02 3.9738e+02 3.2812e+02 3.6859e+02 3.2283e+02 4.0377e+02 3.5558e+02
83.0000 3.5020e+02 3.0946e+02 3.9274e+02 3.1214e+02 3.9018e+02 3.4700e+02 3.5337e+02 3.3602e+02 3.6437e+02 3.8405e+02 3.1718e+02 3.5623e+02 3.1214e+02 3.9018e+02 3.4380e+02
83.5000 3.3857e+02 2.9924e+02 3.7961e+02 3.0185e+02 3.7712e+02 3.3549e+02 3.4163e+02 3.2483e+02 3.5231e+02 3.7123e+02 3.0665e+02 3.4435e+02 3.0185e+02 3.7712e+02 3.3246e+02
84.0000 3.2739e+02 2.8941e+02 3.6698e+02 2.9195e+02 3.6455e+02 3.2442e+02 3.3033e+02 3.1406e+02 3.4071e+02 3.5891e+02 2.9652e+02 3.3292e+02 2.9195e+02 3.6455e+02 3.2156e+02
84.5000 3.1663e+02 2.7994e+02 3.5483e+02 2.8242e+02 3.5246e+02 3.1377e+02 3.1946e+02 3.0370e+02 3.2955e+02 3.4705e+02 2.8678e+02 3.2192e+02 2.8242e+02 3.5246e+02 3.1106e+02
85.0000 3.0627e+02 2.7083e+02 3.4314e+02 2.7324e+02 3.4083e+02 3.0351e+02 3.0899e+02 2.9373e+02 3.1880e+02 3.3564e+02 2.7740e+02 3.1133e+02 2.7324e+02 3.4083e+02 3.0095e+02
85.5000 2.9630e+02 2.6206e+02 3.3189e+02 2.6441e+02 3.2964e+02 2.9364e+02 2.9892e+02 2.8413e+02 3.0846e+02 3.2465e+02 2.6837e+02 3.0115e+02 2.6441e+02 3.2964e+02 2.9121e+02
86.0000 2.8669e+02 2.5361e+02 3.2106e+02 2.5590e+02 3.1887e+02 2.8414e+02 2.8923e+02 2.7488e+02 2.9850e+02 3.1408e+02 2.5968e+02 2.9134e+02 2.5590e+02 3.1887e+02 2.8184e+02
86.5000 2.7745e+02 2.4548e+02 3.1064e+02 2.4770e+02 3.0850e+02 2.7499e+02 2.7989e+02 2.6599e+02 2.8891e+02 3.0390e+02 2.5131e+02 2.8190e+02 2.4770e+02 3.0850e+02 2.7282e+02
87.0000 2.6855e+02 2.3764e+02 3.0060e+02 2.3981e+02 2.9852e+02 2.6617e+02 2.7090e+02 2.5742e+02 2.7967e+02 2.9410e+02 2.4325e+02 2.7281e+02 2.3981e+02 2.9852e+02 2.6412e+02
87.5000 2.5997e+02 2.3009e+02 2.9094e+02 2.3220e+02 2.8890e+02 2.5768e+02 2.6224e+02 2.4916e+02 2.7077e+02 2.8467e+02 2.3548e+02 2.6405e+02 2.3220e+02 2.8890e+02 2.5574e+02
88.0000 2.5171e+02 2.2281e+02 2.8163e+02 2.2487e+02 2.7964e+02 2.4950e+02 2.5389e+02 2.4121e+02 2.6219e+02 2.7557e+02 2.2800e+02 2.5562e+02 2.2487e+02 2.7964e+02 2.4767e+02
88.5000 2.4374e+02 2.1579e+02 2.7266e+02 2.1780e+02 2.7072e+02 2.4161e+02 2.4585e+02 2.3355e+02 2.5393e+02 2.6681e+02 2.2079e+02 2.4749e+02 2.1780e+02 2.7072e+02 2.3988e+02
89.0000 2.3607e+02 2.0903e+02 2.6402e+02 2.1099e+02 2.6213e+02 2.3401e+02 2.3810e+02 2.2616e+02 2.4597e+02 2.5837e+02 2.1384e+02 2.3966e+02 2.1099e+02 2.6213e+02 2.3238e+02
89.5000 2.2867e+02 2.0251e+02 2.5570e+02 2.0442e+02 2.5385e+02 2.2669e+02 2.3063e+02 2.1904e+02 2.3829e+02 2.5024e+02 2.0713e+02 2.3211e+02 2.0442e+02 2.5385e+02 2.2514e+02
90.0000 2.2154e+02 1.9622e+02 2.4767e+02 1.9809e+02 2.4587e+02 2.1962e+02 2.2343e+02 2.1218e+02 2.3089e+02 2.4240e+02 2.0068e+02 2.2484e+02 1.9809e+02 2.4587e+02 2.1817e+02
90.5000 2.1466e+02 1.9015e+02 2.3994e+02 1.9198e+02 2.3818e+02 2.1281e+02 2.1649e+02 2.0556e+02 2.2375e+02 2.3484e+02 1.9444e+02 2.1782e+02 1.9198e+02 2.3818e+02 2.1144e+02
91.0000 2.0802e+02 1.8430e+02 2.3248e+02 1.8609e+02 2.3076e+02 2.0624e+02 2.0979e+02 1.9918e+02 2.1686e+02 2.2755e+02 1.8844e+02 2.1106e+02 1.8609e+02 2.3076e+02 2.0495e+02
91.5000 2.0162e+02 1.7866e+02 2.2529e+02 1.8040e+02 2.2361e+02 1.9990e+02 2.0333e+02 1.9303e+02 2.1022e+02 2.2052e+02 1.8264e+02 2.0454e+02 1.8040e+02 2.2361e+02 1.9868e+02
92.0000 1.9545e+02 1.7321e+02 2.1835e+02 1.7491e+02 2.1671e+02 1.9379e+02 1.9710e+02 1.8709e+02 2.0381e+02 2.1374e+02 1.7705e+02 1.9825e+02 1.7491e+02 2.1671e+02 1.9264e+02
92.5000 1.8950e+02 1.6795e+02 2.1166e+02 1.6961e+02 2.1006e+02 1.8789e+02 1.9109e+02 1.8136e+02 1.9763e+02 2.0720e+02 1.7165e+02 1.9218e+02 1.6961e+02 2.1006e+02 1.8681e+02
93.0000 1.8375e+02 1.6288e+02 2.0521e+02 1.6450e+02 2.0364e+02 1.8219e+02 1.8529e+02 1.7584e+02 1.9166e+02 2.0089e+02 1.6645e+02 1.8632e+02 1.6450e+02 2.0364e+02 1.8118e+02
93.5000 1.7820e+02 1.5798e+02 1.9898e+02 1.5956e+02 1.9744e+02 1.7669e+02 1.7969e+02 1.7050e+02 1.8590e+02 1.9480e+02 1.6142e+02 1.8067e+02 1.5956e+02 1.9744e+02 1.7574e+02
94.0000 1.7284e+02 1.5325e+02 1.9296e+02 1.5479e+02 1.9146e+02 1.7138e+02 1.7428e+02 1.6534e+02 1.8033e+02 1.8892e+02 1.5656e+02 1.7521e+02 1.5479e+02 1.9146e+02 1.7049e+02
94.5000 1.6766e+02 1.4867e+02 1.8716e+02 1.5019e+02 1.8569e+02 1.6626e+02 1.6906e+02 1.6037e+02 1.7496e+02 1.8324e+02 1.5188e+02 1.6994e+02 1.5019e+02 1.8569e+02 1.6541e+02
95.0000 1.6266e+02 1.4426e+02 1.8155e+02 1.4574e+02 1.8011e+02 1.6130e+02 1.6401e+02 1.5556e+02 1.6976e+02 1.7775e+02 1.4734e+02 1.6485e+02 1.4574e+02 1.8011e+02 1.6051e+02
95.5000 1.5783e+02 1.3999e+02 1.7613e+02 1.4144e+02 1.7472e+02 1.5652e+02 1.5914e+02 1.5092e+02 1.6475e+02 1.7245e+02 1.4297e+02 1.5993e+02 1.4144e+02 1.7472e+02 1.5578e+02
96.0000 1.5316e+02 1.3586e+02 1.7090e+02 1.3728e+02 1.6952e+02 1.5189e+02 1.5443e+02 1.4643e+02 1.5990e+02 1.6733e+02 1.3874e+02 1.5518e+02 1.3728e+02 1.6952e+02 1.5120e+02
96.5000 1.4865e+02 1.3188e+02 1.6584e+02 1.3326e+02 1.6449e+02 1.4742e+02 1.4988e+02 1.4210e+02 1.5521e+02 1.6239e+02 1.3466e+02 1.5059e+02 1.3326e+02 1.6449e+02 1.4677e+02
97.0000 1.4429e+02 1.2802e+02 1.6096e+02 1.2938e+02 1.5963e+02 1.4310e+02 1.4548e+02 1.3791e+02 1.5069e+02 1.5760e+02 1.3071e+02 1.4615e+02 1.2938e+02 1.5963e+02 1.4250e+02
97.5000 1.4008e+02 1.2430e+02 1.5623e+02 1.2562e+02 1.5494e+02 1.3893e+02 1.4123e+02 1.3386e+02 1.4631e+02 1.5298e+02 1.2689e+02 1.4186e+02 1.2562e+02 1.5494e+02 1.3836e+02
98.0000 1.3601e+02 1.2069e+02 1.5167e+02 1.2199e+02 1.5040e+02 1.3489e+02 1.3712e+02 1.2994e+02 1.4207e+02 1.4852e+02 1.2320e+02 1.3772e+02 1.2199e+02 1.5040e+02 1.3436e+02
98.5000 1.3207e+02 1.1721e+02 1.4725e+02 1.1847e+02 1.4601e+02 1.3099e+02 1.3314e+02 1.2616e+02 1.3798e+02 1.4420e+02 1.1963e+02 1.3371e+02 1.1847e+02 1.4601e+02 1.3049e+02
99.0000 1.2826e+02 1.1384e+02 1.4299e+02 1.1508e+02 1.4177e+02 1.2721e+02 1.2930e+02 1.2250e+02 1.3402e+02 1.4002e+02 1.1617e+02 1.2984e+02 1.1508e+02 1.4177e+02 1.2675e+02
99.5000 1.2457e+02 1.1057e+02 1.3886e+02 1.1179e+02 1.3767e+02 1.2356e+02 1.2558e+02 1.1895e+02 1.3019e+02 1.3598e+02 1.1284e+02 1.2609e+02 1.1179e+02 1.3767e+02 1.2313e+02
100.0000 1.2101e+02 1.0742e+02 1.3487e+02 1.0861e+02 1.3371e+02 1.2003e+02 1.2198e+02 1.1553e+02 1.2648e+02 1.3208e+02 1.0961e+02 1.2246e+02 1.0861e+02 1.3371e+02 1.1963e+02
100.5000 1.1756e+02 1.0437e+02 1.3101e+02 1.0553e+02 1.2987e+02 1.1661e+02 1.1850e+02 1.1222e+02 1.2290e+02 1.2830e+02 1.0648e+02 1.1896e+02 1.0553e+02 1.2987e+02 1.1624e+02
101.0000 1.1422e+02 1.0141e+02 1.2728e+02 1.0256e+02 1.2616e+02 1.1330e+02 1.1514e+02 1.0901e+02 1.1943e+02 1.2464e+02 1.0346e+02 1.1556e+02 1.0256e+02 1.2616e+02 1.1296e+02
101.5000 1.1099e+02 9.8552e+01 1.2366e+02 9.9673e+01 1.2257e+02 1.1010e+02 1.1188e+02 1.0591e+02 1.1607e+02 1.2110e+02 1.0053e+02 1.1228e+02 9.9673e+01 1.2257e+02 1.0978e+02
102.0000 1.0787e+02 9.5784e+01 1.2017e+02 9.6882e+01 1.1909e+02 1.0700e+02 1.0873e+02 1.0291e+02 1.1282e+02 1.1768e+02 9.7701e+01 1.0911e+02 9.6882e+01 1.1909e+02 1.0671e+02
102.5000 1.0484e+02 9.3105e+01 1.1679e+02 9.4180e+01 1.1573e+02 1.0400e+02 1.0568e+02 1.0000e+02 1.0968e+02 1.1437e+02 9.4960e+01 1.0603e+02 9.4180e+01 1.1573e+02 1.0373e+02
103.0000 1.0191e+02 9.0510e+01 1.1351e+02 9.1564e+01 1.1247e+02 1.0110e+02 1.0272e+02 9.7193e+01 1.0663e+02 1.1116e+02 9.2306e+01 1.0306e+02 9.1564e+01 1.1247e+02 1.0085e+02
103.5000 9.9077e+01 8.7997e+01 1.1034e+02 8.9031e+01 1.0933e+02 9.8288e+01 9.9864e+01 9.4471e+01 1.0368e+02 1.0806e+02 8.9737e+01 1.0018e+02 8.9031e+01 1.0933e+02 9.8064e+01
104.0000 9.6332e+01 8.5563e+01 1.0727e+02 8.6577e+01 1.0628e+02 9.5566e+01 9.7094e+01 9.1835e+01 1.0083e+02 1.0505e+02 8.7249e+01 9.7387e+01 8.6577e+01 1.0628e+02 9.5362e+01
104.5000 9.3673e+01 8.3206e+01 1.0430e+02 8.4200e+01 1.0332e+02 9.2930e+01 9.4412e+01 8.9283e+01 9.8062e+01 1.0214e+02 8.4840e+01 9.4686e+01 8.4200e+01 1.0332e+02 9.2745e+01
105.0000 9.1097e+01 8.0923e+01 1.0142e+02 8.1898e+01 1.0047e+02 9.0376e+01 9.1815e+01 8.6811e+01 9.5383e+01 9.9323e+01 8.2506e+01 9.2071e+01 8.1898e+01 1.0047e+02 9.0209e+01
105.5000 8.8602e+01 7.8710e+01 9.8637e+01 7.9667e+01 9.7696e+01 8.7903e+01 8.9299e+01 8.4417e+01 9.2787e+01 9.6593e+01 8.0245e+01 8.9539e+01 7.9667e+01 9.7696e+01 8.7752e+01
106.0000 8.6185e+01 7.6567e+01 9.5938e+01 7.7505e+01 9.5015e+01 8.5506e+01 8.6862e+01 8.2098e+01 9.0272e+01 9.3948e+01 7.8055e+01 8.7085e+01 7.7505e+01 9.5015e+01 8.5371e+01
106.5000 8.3844e+01 7.4489e+01 9.3324e+01 7.5410e+01 9.2417e+01 8.3184e+01 8.4500e+01 7.9851e+01 8.7835e+01 9.1387e+01 7.5933e+01 8.4708e+01 7.5410e+01 9.2417e+01 8.3064e+01
107.0000 8.1575e+01 7.2476e+01 9.0791e+01 7.3380e+01 8.9901e+01 8.0934e+01 8.2212e+01 7.7674e+01 8.5474e+01 8.8905e+01 7.3877e+01 8.2406e+01 7.3380e+01 8.9901e+01 8.0828e+01
107.5000 7.9375e+01 7.0525e+01 8.8337e+01 7.1412e+01 8.7463e+01 7.8754e+01 7.9995e+01 7.5564e+01 8.3185e+01 8.6500e+01 7.1884e+01 8.0174e+01 7.1412e+01 8.7463e+01 7.8661e+01
108.0000 7.7244e+01 6.8633e+01 8.5959e+01 6.9504e+01 8.5100e+01 7.6640e+01 7.7845e+01 7.3519e+01 8.0967e+01 8.4170e+01 6.9953e+01 7.8012e+01 6.9504e+01 8.5100e+01 7.6559e+01
108.5000 7.5178e+01 6.6799e+01 8.3654e+01 6.7654e+01 8.2811e+01 7.4591e+01 7.5762e+01 7.1538e+01 7.8816e+01 8.1911e+01 6.8080e+01 7.5916e+01 6.7654e+01 8.2811e+01 7.4522e+01
109.0000 7.3175e+01 6.5021e+01 8.1420e+01 6.5860e+01 8.0592e+01 7.2605e+01 7.3743e+01 6.9617e+01 7.6731e+01 7.9722e+01 6.6265e+01 7.3885e+01 6.5860e+01 8.0592e+01 7.2547e+01
109.5000 7.1233e+01 6.3296e+01 7.9255e+01 6.4121e+01 7.8441e+01 7.0679e+01 7.1784e+01 6.7755e+01 7.4709e+01 7.7599e+01 6.4505e+01 7.1916e+01 6.4121e+01 7.8441e+01 7.0631e+01
110.0000 6.9350e+01 6.1624e+01 7.7155e+01 6.2433e+01 7.6356e+01 6.8812e+01 6.9886e+01 6.5949e+01 7.2748e+01 7.5542e+01 6.2799e+01 7.0007e+01 6.2433e+01 7.6356e+01 6.8773e+01
110.5000 6.7523e+01 6.0002e+01 7.5120e+01 6.0797e+01 7.4335e+01 6.7001e+01 6.8045e+01 6.4199e+01 7.0847e+01 7.3547e+01 6.1144e+01 6.8156e+01 6.0797e+01 7.4335e+01 6.6971e+01
111.0000 6.5752e+01 5.8429e+01 7.3147e+01 5.9210e+01 7.2375e+01 6.5244e+01 6.6259e+01 6.2501e+01 6.9002e+01 7.1612e+01 5.9539e+01 6.6360e+01 5.9210e+01 7.2375e+01 6.5223e+01
111.5000 6.4034e+01 5.6902e+01 7.1233e+01 5.7670e+01 7.0474e+01 6.3540e+01 6.4527e+01 6.0854e+01 6.7213e+01 6.9736e+01 5.7982e+01 6.4620e+01 5.7670e+01 7.0474e+01 6.3527e+01
112.0000 6.2368e+01 5.5421e+01 6.9377e+01 5.6175e+01 6.8631e+01 6.1887e+01 6.2847e+01 5.9257e+01 6.5478e+01 6.7916e+01 5.6472e+01 6.2931e+01 5.6175e+01 6.8631e+01 6.1881e+01
112.5000 6.0751e+01 5.3984e+01 6.7576e+01 5.4725e+01 6.6843e+01 6.0284e+01 6.1217e+01 5.7708e+01 6.3793e+01 6.6151e+01 5.5007e+01 6.1293e+01 5.4725e+01 6.6843e+01 6.0285e+01
113.0000 5.9182e+01 5.2590e+01 6.5830e+01 5.3318e+01 6.5109e+01 5.8728e+01 5.9636e+01 5.6205e+01 6.2159e+01 6.4439e+01 5.3585e+01 5.9704e+01 5.3318e+01 6.5109e+01 5.8735e+01
113.5000 5.7660e+01 5.1237e+01 6.4136e+01 5.1952e+01 6.3426e+01 5.7218e+01 5.8102e+01 5.4746e+01 6.0573e+01 6.2777e+01 5.2206e+01 5.8163e+01 5.1952e+01 6.3426e+01 5.7231e+01
114.0000 5.6183e+01 4.9923e+01 6.2492e+01 5.0627e+01 6.1794e+01 5.5752e+01 5.6612e+01 5.3331e+01 5.9034e+01 6.1165e+01 5.0867e+01 5.6667e+01 5.0627e+01 6.1794e+01 5.5771e+01
114.5000 5.4749e+01 4.8648e+01 6.0896e+01 4.9340e+01 6.0210e+01 5.4330e+01 5.5167e+01 5.1958e+01 5.7540e+01 5.9601e+01 4.9567e+01 5.5215e+01 4.9340e+01 6.0210e+01 5.4354e+01
115.0000 5.3357e+01 4.7410e+01 5.9347e+01 4.8090e+01 5.8672e+01 5.2949e+01 5.3764e+01 5.0625e+01 5.6089e+01 5.8082e+01 4.8305e+01 5.3806e+01 4.8090e+01 5.8672e+01 5.2977e+01
115.5000 5.2004e+01 4.6207e+01 5.7843e+01 4.6876e+01 5.7179e+01 5.1607e+01 5.2400e+01 4.9330e+01 5.4679e+01 5.6607e+01 4.7080e+01 5.2437e+01 4.6876e+01 5.7179e+01 5.1640e+01
116.0000 5.0690e+01 4.5038e+01 5.6381e+01 4.5696e+01 5.5728e+01 5.0304e+01 5.1076e+01 4.8072e+01 5.3309e+01 5.5173e+01 4.5889e+01 5.1107e+01 4.5696e+01 5.5728e+01 5.0341e+01
116.5000 4.9414e+01 4.3903e+01 5.4962e+01 4.4550e+01 5.4319e+01 4.9038e+01 4.9790e+01 4.6850e+01 5.1978e+01 5.3781e+01 4.4733e+01 4.9816e+01 4.4550e+01 5.4319e+01 4.9079e+01
117.0000 4.8174e+01 4.2800e+01 5.3582e+01 4.3437e+01 5.2950e+01 4.7807e+01 4.8540e+01 4.5664e+01 5.0685e+01 5.2429e+01 4.3609e+01 4.8561e+01 4.3437e+01 5.2950e+01 4.7853e+01
117.5000 4.6969e+01 4.1728e+01 5.2242e+01 4.2354e+01 5.1620e+01 4.6612e+01 4.7325e+01 4.4511e+01 4.9428e+01 5.1114e+01 4.2517e+01 4.7341e+01 4.2354e+01 5.1620e+01 4.6661e+01
118.0000 4.5798e+01 4.0687e+01 5.0939e+01 4.1303e+01 5.0327e+01 4.5450e+01 4.6145e+01 4.3391e+01 4.8206e+01 4.9837e+01 4.1456e+01 4.6157e+01 4.1303e+01 5.0327e+01 4.5503e+01
118.5000 4.4660e+01 3.9675e+01 4.9674e+01 4.0280e+01 4.9071e+01 4.4321e+01 4.4998e+01 4.2302e+01 4.7019e+01 4.8596e+01 4.0425e+01 4.5005e+01 4.0280e+01 4.9071e+01 4.4377e+01
119.0000 4.3554e+01 3.8691e+01 4.8443e+01 3.9287e+01 4.7850e+01 4.3224e+01 4.3883e+01 4.1244e+01 4.5864e+01 4.7390e+01 3.9422e+01 4.3886e+01 3.9287e+01 4.7850e+01 4.3283e+01
119.5000 4.2478e+01 3.7734e+01 4.7248e+01 3.8321e+01 4.6664e+01 4.2157e+01 4.2800e+01 4.0216e+01 4.4742e+01 4.6218e+01 3.8448e+01 4.2799e+01 3.8321e+01 4.6664e+01 4.2219e+01
120.0000 4.1433e+01 3.6804e+01 4.6085e+01 3.7381e+01 4.5511e+01 4.1120e+01 4.1746e+01 3.9217e+01 4.3651e+01 4.5078e+01 3.7501e+01 4.1741e+01 3.7381e+01 4.5511e+01 4.1185e+01
