	 5.0000 1.8891e+07 1.1737e+07 2.7852e+07 1.2178e+07 2.7384e+07 1.6505e+07 2.1676e+07 1.8244e+07 1.9539e+07 1.9235e+07 1.8221e+07 2.3558e+07 1.3922e+07 2.7384e+07 1.2178e+07
   5.2500 1.7764e+07 1.1206e+07 2.6164e+07 1.1608e+07 2.5751e+07 1.5583e+07 2.0296e+07 1.7172e+07 1.8356e+07 1.8266e+07 1.7044e+07 2.2083e+07 1.3092e+07 2.5751e+07 1.1608e+07
   5.5000 1.6657e+07 1.0663e+07 2.4504e+07 1.1028e+07 2.4141e+07 1.4669e+07 1.8953e+07 1.6117e+07 1.7197e+07 1.7290e+07 1.5900e+07 2.0640e+07 1.2278e+07 2.4141e+07 1.1028e+07
   5.7500 1.5581e+07 1.0117e+07 2.2892e+07 1.0448e+07 2.2573e+07 1.3774e+07 1.7659e+07 1.5089e+07 1.6074e+07 1.6321e+07 1.4802e+07 1.9244e+07 1.1488e+07 2.2573e+07 1.0448e+07
   6.0000 1.4547e+07 9.5751e+06 2.1341e+07 9.8751e+06 2.1061e+07 1.2906e+07 1.6425e+07 1.4099e+07 1.4995e+07 1.5369e+07 1.3756e+07 1.7907e+07 1.0730e+07 2.1061e+07 9.8751e+06
   6.2500 1.3559e+07 9.0429e+06 1.9860e+07 9.3145e+06 1.9614e+07 1.2072e+07 1.5254e+07 1.3151e+07 1.3967e+07 1.4444e+07 1.2766e+07 1.6636e+07 1.0006e+07 1.9614e+07 9.3145e+06
   6.5000 1.2622e+07 8.5246e+06 1.8456e+07 8.7703e+06 1.8240e+07 1.1275e+07 1.4152e+07 1.2251e+07 1.2993e+07 1.3551e+07 1.1834e+07 1.5434e+07 9.3209e+06 1.8240e+07 8.7703e+06
   6.7500 1.1738e+07 8.0236e+06 1.7132e+07 8.2460e+06 1.6941e+07 1.0518e+07 1.3117e+07 1.1400e+07 1.2076e+07 1.2695e+07 1.0962e+07 1.4305e+07 8.6746e+06 1.6941e+07 8.2460e+06
   7.0000 1.0907e+07 7.5429e+06 1.5888e+07 7.7440e+06 1.5721e+07 9.8032e+06 1.2151e+07 1.0600e+07 1.1214e+07 1.1880e+07 1.0149e+07 1.3248e+07 8.0677e+06 1.5721e+07 7.7440e+06
   7.2500 1.0130e+07 7.0829e+06 1.4725e+07 7.2650e+06 1.4578e+07 9.1305e+06 1.1252e+07 9.8499e+06 1.0409e+07 1.1105e+07 9.3928e+06 1.2262e+07 7.4998e+06 1.4578e+07 7.2650e+06
   7.5000 9.4038e+06 6.6436e+06 1.3641e+07 6.8083e+06 1.3511e+07 8.4996e+06 1.0416e+07 9.1492e+06 9.6584e+06 1.0371e+07 8.6915e+06 1.1346e+07 6.9699e+06 1.3511e+07 6.8083e+06
   7.7500 8.7281e+06 6.2250e+06 1.2634e+07 6.3740e+06 1.2518e+07 7.9094e+06 9.6423e+06 8.4961e+06 8.9601e+06 9.6752e+06 8.0424e+06 1.0497e+07 6.4765e+06 1.2518e+07 6.3740e+06
   8.0000 8.1004e+06 5.8273e+06 1.1698e+07 5.9621e+06 1.1596e+07 7.3588e+06 8.9263e+06 7.8888e+06 8.3120e+06 9.0188e+06 7.4426e+06 9.7110e+06 6.0181e+06 1.1596e+07 5.9621e+06
   8.2500 7.5182e+06 5.4513e+06 1.0832e+07 5.5732e+06 1.0741e+07 6.8459e+06 8.2648e+06 7.3250e+06 7.7113e+06 8.4019e+06 6.8890e+06 8.9845e+06 5.5927e+06 1.0741e+07 5.5732e+06
   8.5000 6.9787e+06 5.0885e+06 1.0031e+07 5.1983e+06 9.9504e+06 6.3689e+06 7.6542e+06 6.8023e+06 7.1552e+06 7.8248e+06 6.3786e+06 8.3140e+06 5.1983e+06 9.9504e+06 5.2080e+06
   8.7500 6.4794e+06 4.7351e+06 9.2912e+06 4.8332e+06 9.2191e+06 5.9258e+06 7.0911e+06 6.3183e+06 6.6406e+06 7.2870e+06 5.9082e+06 7.6957e+06 4.8332e+06 9.2191e+06 4.8662e+06
   9.0000 6.0176e+06 4.4075e+06 8.6079e+06 4.4952e+06 8.5436e+06 5.5146e+06 6.5721e+06 5.8703e+06 6.1650e+06 6.7868e+06 5.4750e+06 7.1259e+06 4.4952e+06 8.5436e+06 4.5470e+06
   9.2500 5.5907e+06 4.1039e+06 7.9775e+06 4.1824e+06 7.9200e+06 5.1333e+06 6.0938e+06 5.4560e+06 5.7255e+06 6.3218e+06 5.0761e+06 6.6010e+06 4.1824e+06 7.9200e+06 4.2494e+06
   9.5000 5.1962e+06 3.8227e+06 7.3961e+06 3.8932e+06 7.3446e+06 4.7799e+06 5.6532e+06 5.0728e+06 5.3197e+06 5.8902e+06 4.7088e+06 6.1177e+06 3.8932e+06 7.3446e+06 3.9720e+06
   9.7500 4.8317e+06 3.5623e+06 6.8602e+06 3.6256e+06 6.8140e+06 4.4524e+06 5.2473e+06 4.7185e+06 4.9449e+06 5.4895e+06 4.3707e+06 5.6728e+06 3.6256e+06 6.8140e+06 3.7136e+06
  10.0000 4.4950e+06 3.3212e+06 6.3665e+06 3.3782e+06 6.3249e+06 4.1490e+06 4.8734e+06 4.3911e+06 4.5990e+06 5.1178e+06 4.0593e+06 5.2633e+06 3.3782e+06 6.3249e+06 3.4730e+06
  10.2500 4.1841e+06 3.0981e+06 5.9114e+06 3.1494e+06 5.8739e+06 3.8682e+06 4.5290e+06 4.0885e+06 4.2796e+06 4.7731e+06 3.7726e+06 4.8863e+06 3.1494e+06 5.8739e+06 3.2492e+06
  10.5000 3.8968e+06 2.8914e+06 5.4919e+06 2.9378e+06 5.4581e+06 3.6081e+06 4.2115e+06 3.8088e+06 3.9847e+06 4.4535e+06 3.5084e+06 4.5391e+06 2.9378e+06 5.4581e+06 3.0410e+06
  10.7500 3.6313e+06 2.7001e+06 5.1050e+06 2.7420e+06 5.0744e+06 3.3672e+06 3.9187e+06 3.5502e+06 3.7123e+06 4.1571e+06 3.2649e+06 4.2192e+06 2.7420e+06 5.0744e+06 2.8472e+06
  11.0000 3.3858e+06 2.5229e+06 4.7480e+06 2.5609e+06 4.7203e+06 3.1441e+06 3.6486e+06 3.3111e+06 3.4606e+06 3.8823e+06 3.0404e+06 3.9242e+06 2.5609e+06 4.7203e+06 2.6670e+06
  11.2500 3.1588e+06 2.3587e+06 4.4183e+06 2.3931e+06 4.3932e+06 2.9374e+06 3.3991e+06 3.0898e+06 3.2278e+06 3.6273e+06 2.8331e+06 3.6521e+06 2.3931e+06 4.3932e+06 2.4994e+06
  11.5000 2.9487e+06 2.2065e+06 4.1137e+06 2.2377e+06 4.0909e+06 2.7457e+06 3.1687e+06 2.8849e+06 3.0125e+06 3.3908e+06 2.6417e+06 3.4008e+06 2.2377e+06 4.0909e+06 2.3433e+06
  11.7500 2.7541e+06 2.0653e+06 3.8320e+06 2.0936e+06 3.8114e+06 2.5679e+06 2.9556e+06 2.6951e+06 2.8131e+06 3.1711e+06 2.4648e+06 3.1686e+06 2.0936e+06 3.8114e+06 2.1981e+06
  12.0000 2.5741e+06 1.9343e+06 3.5723e+06 1.9600e+06 3.5535e+06 2.4031e+06 2.7588e+06 2.5195e+06 2.6287e+06 2.9675e+06 2.3014e+06 2.9545e+06 1.9600e+06 3.5535e+06 2.0629e+06
  12.2500 2.4075e+06 1.8128e+06 3.3326e+06 1.8362e+06 3.3155e+06 2.2503e+06 2.5771e+06 2.3569e+06 2.4581e+06 2.7786e+06 2.1505e+06 2.7571e+06 1.8362e+06 3.3155e+06 1.9370e+06
  12.5000 2.2532e+06 1.7000e+06 3.1112e+06 1.7213e+06 3.0957e+06 2.1085e+06 2.4090e+06 2.2062e+06 2.3001e+06 2.6032e+06 2.0110e+06 2.5747e+06 1.7213e+06 3.0957e+06 1.8199e+06
  12.7500 2.1101e+06 1.5951e+06 2.9066e+06 1.6146e+06 2.8924e+06 1.9767e+06 2.2535e+06 2.0665e+06 2.1536e+06 2.4403e+06 1.8818e+06 2.4062e+06 1.6146e+06 2.8924e+06 1.7106e+06
  13.0000 1.9772e+06 1.4976e+06 2.7171e+06 1.5154e+06 2.7041e+06 1.8543e+06 2.1093e+06 1.9368e+06 2.0177e+06 2.2888e+06 1.7621e+06 2.2502e+06 1.5154e+06 2.7041e+06 1.6088e+06
  13.2500 1.8539e+06 1.4068e+06 2.5416e+06 1.4230e+06 2.5296e+06 1.7403e+06 1.9756e+06 1.8162e+06 1.8915e+06 2.1478e+06 1.6510e+06 2.1056e+06 1.4230e+06 2.5296e+06 1.5138e+06
  13.5000 1.7391e+06 1.3222e+06 2.3787e+06 1.3371e+06 2.3678e+06 1.6342e+06 1.8515e+06 1.7041e+06 1.7741e+06 2.0164e+06 1.5480e+06 1.9715e+06 1.3371e+06 2.3678e+06 1.4250e+06
  13.7500 1.6324e+06 1.2433e+06 2.2275e+06 1.2570e+06 2.2175e+06 1.5354e+06 1.7361e+06 1.5998e+06 1.6649e+06 1.8940e+06 1.4521e+06 1.8471e+06 1.2570e+06 2.2175e+06 1.3421e+06
  14.0000 1.5329e+06 1.1697e+06 2.0869e+06 1.1823e+06 2.0777e+06 1.4432e+06 1.6288e+06 1.5026e+06 1.5632e+06 1.7798e+06 1.3630e+06 1.7314e+06 1.1823e+06 2.0777e+06 1.2646e+06
  14.2500 1.4402e+06 1.1010e+06 1.9562e+06 1.1126e+06 1.9477e+06 1.3571e+06 1.5288e+06 1.4119e+06 1.4685e+06 1.6731e+06 1.2800e+06 1.6238e+06 1.1126e+06 1.9477e+06 1.1920e+06
  14.5000 1.3537e+06 1.0369e+06 1.8345e+06 1.0475e+06 1.8267e+06 1.2768e+06 1.4357e+06 1.3274e+06 1.3801e+06 1.5735e+06 1.2027e+06 1.5236e+06 1.0475e+06 1.8267e+06 1.1241e+06
  14.7500 1.2733e+06 9.7709e+05 1.7215e+06 9.8687e+05 1.7144e+06 1.2020e+06 1.3492e+06 1.2487e+06 1.2980e+06 1.4808e+06 1.1309e+06 1.4307e+06 9.8687e+05 1.7144e+06 1.0607e+06
  15.0000 1.1985e+06 9.2135e+05 1.6167e+06 9.3036e+05 1.6101e+06 1.1323e+06 1.2689e+06 1.1755e+06 1.2215e+06 1.3944e+06 1.0641e+06 1.3444e+06 9.3036e+05 1.6101e+06 1.0014e+06
  15.2500 1.1288e+06 8.6932e+05 1.5193e+06 8.7763e+05 1.5132e+06 1.0674e+06 1.1941e+06 1.1073e+06 1.1504e+06 1.3139e+06 1.0019e+06 1.2641e+06 8.7763e+05 1.5132e+06 9.4598e+05
  15.5000 1.0639e+06 8.2072e+05 1.4287e+06 8.2838e+05 1.4230e+06 1.0068e+06 1.1244e+06 1.0437e+06 1.0840e+06 1.2387e+06 9.4393e+05 1.1894e+06 8.2838e+05 1.4230e+06 8.9407e+05
  15.7500 1.0032e+06 7.7526e+05 1.3443e+06 7.8233e+05 1.3391e+06 9.5013e+05 1.0594e+06 9.8435e+05 1.0221e+06 1.1685e+06 8.8987e+05 1.1199e+06 7.8233e+05 1.3391e+06 8.4542e+05
  16.0000 9.4655e+05 7.3270e+05 1.2656e+06 7.3924e+05 1.2608e+06 8.9716e+05 9.9876e+05 9.2886e+05 9.6424e+05 1.1028e+06 8.3940e+05 1.0550e+06 7.3924e+05 1.2608e+06 7.9979e+05
  16.2500 8.9355e+05 6.9283e+05 1.1922e+06 6.9888e+05 1.1877e+06 8.4758e+05 9.4210e+05 8.7696e+05 9.1015e+05 1.0413e+06 7.9223e+05 9.9443e+05 6.9888e+05 1.1877e+06 7.5696e+05
  16.5000 8.4395e+05 6.5544e+05 1.1236e+06 6.6104e+05 1.1195e+06 8.0112e+05 8.8912e+05 8.2836e+05 8.5954e+05 9.8370e+05 7.4810e+05 9.3786e+05 6.6104e+05 1.1195e+06 7.1672e+05
  16.7500 7.9748e+05 6.2035e+05 1.0596e+06 6.2553e+05 1.0557e+06 7.5756e+05 8.3954e+05 7.8283e+05 8.1213e+05 9.2968e+05 7.0679e+05 8.8496e+05 6.2553e+05 1.0557e+06 6.7889e+05
  17.0000 7.5391e+05 5.8738e+05 9.9962e+05 5.9218e+05 9.9608e+05 7.1667e+05 7.9309e+05 7.4014e+05 7.6768e+05 8.7899e+05 6.6807e+05 8.3545e+05 5.9218e+05 9.9608e+05 6.4330e+05
  17.2500 7.1302e+05 5.5639e+05 9.4349e+05 5.6085e+05 9.4021e+05 6.7826e+05 7.4954e+05 7.0006e+05 7.2598e+05 8.3138e+05 6.3177e+05 7.8909e+05 5.6085e+05 9.4021e+05 6.0979e+05
  17.5000 6.7462e+05 5.2724e+05 8.9091e+05 5.3137e+05 8.8786e+05 6.4216e+05 7.0869e+05 6.6242e+05 6.8682e+05 7.8663e+05 5.9769e+05 7.4562e+05 5.3137e+05 8.8786e+05 5.7822e+05
  17.7500 6.3853e+05 4.9979e+05 8.4160e+05 5.0363e+05 8.3877e+05 6.0820e+05 6.7033e+05 6.2704e+05 6.5002e+05 7.4455e+05 5.6569e+05 7.0486e+05 5.0363e+05 8.3877e+05 5.4846e+05
  18.0000 6.0467e+05 4.7400e+05 7.9542e+05 4.7757e+05 7.9279e+05 5.7631e+05 6.3437e+05 5.9384e+05 6.1549e+05 7.0505e+05 5.3567e+05 6.6666e+05 4.7757e+05 7.9279e+05 5.2047e+05
  18.2500 5.7290e+05 4.4977e+05 7.5219e+05 4.5309e+05 7.4973e+05 5.4637e+05 6.0065e+05 5.6269e+05 5.8311e+05 6.6799e+05 5.0751e+05 6.3087e+05 4.5309e+05 7.4973e+05 4.9416e+05
  18.5000 5.4308e+05 4.2699e+05 7.1167e+05 4.3008e+05 7.0939e+05 5.1826e+05 5.6902e+05 5.3345e+05 5.5271e+05 6.3320e+05 4.8108e+05 5.9732e+05 4.3008e+05 7.0939e+05 4.6940e+05
  18.7500 5.1507e+05 4.0556e+05 6.7369e+05 4.0844e+05 6.7156e+05 4.9182e+05 5.3933e+05 5.0598e+05 5.2416e+05 6.0050e+05 4.5626e+05 5.6584e+05 4.0844e+05 6.7156e+05 4.4610e+05
  19.0000 4.8874e+05 3.8538e+05 6.3804e+05 3.8807e+05 6.3606e+05 4.6696e+05 5.1144e+05 4.8015e+05 4.9732e+05 5.6976e+05 4.3293e+05 5.3629e+05 3.8807e+05 6.3606e+05 4.2414e+05
  19.2500 4.6396e+05 3.6637e+05 6.0458e+05 3.6888e+05 6.0272e+05 4.4355e+05 4.8522e+05 4.5585e+05 4.7208e+05 5.4084e+05 4.1098e+05 5.0852e+05 3.6888e+05 6.0272e+05 4.0343e+05
  19.5000 4.4064e+05 3.4845e+05 5.7314e+05 3.5079e+05 5.7141e+05 4.2150e+05 4.6055e+05 4.3297e+05 4.4831e+05 5.1361e+05 3.9033e+05 4.8242e+05 3.5079e+05 5.7141e+05 3.8390e+05
  19.7500 4.1868e+05 3.3155e+05 5.4357e+05 3.3372e+05 5.4196e+05 4.0072e+05 4.3733e+05 4.1142e+05 4.2593e+05 4.8796e+05 3.7088e+05 4.5786e+05 3.3372e+05 5.4196e+05 3.6545e+05
  20.0000 3.9797e+05 3.1559e+05 5.1577e+05 3.1762e+05 5.1426e+05 3.8112e+05 4.1546e+05 3.9110e+05 4.0484e+05 4.6377e+05 3.5254e+05 4.3475e+05 3.1762e+05 5.1426e+05 3.4802e+05
  20.2500 3.7844e+05 3.0051e+05 4.8959e+05 3.0241e+05 4.8818e+05 3.6262e+05 3.9485e+05 3.7194e+05 3.8494e+05 4.4096e+05 3.3525e+05 4.1298e+05 3.0241e+05 4.8818e+05 3.3154e+05
  20.5000 3.6002e+05 2.8626e+05 4.6494e+05 2.8804e+05 4.6362e+05 3.4515e+05 3.7541e+05 3.5386e+05 3.6618e+05 4.1942e+05 3.1894e+05 3.9247e+05 2.8804e+05 4.6362e+05 3.1596e+05
  20.7500 3.4261e+05 2.7278e+05 4.4171e+05 2.7445e+05 4.4047e+05 3.2864e+05 3.5707e+05 3.3678e+05 3.4845e+05 3.9908e+05 3.0354e+05 3.7312e+05 2.7445e+05 4.4047e+05 3.0120e+05
  21.0000 3.2617e+05 2.6003e+05 4.1980e+05 2.6159e+05 4.1864e+05 3.1303e+05 3.3976e+05 3.2064e+05 3.3171e+05 3.7986e+05 2.8899e+05 3.5487e+05 2.6159e+05 4.1864e+05 2.8723e+05
  21.2500 3.1063e+05 2.4796e+05 3.9913e+05 2.4941e+05 3.9805e+05 2.9827e+05 3.2340e+05 3.0538e+05 3.1588e+05 3.6169e+05 2.7524e+05 3.3764e+05 2.4941e+05 3.9805e+05 2.7399e+05
  21.5000 2.9593e+05 2.3652e+05 3.7962e+05 2.3788e+05 3.7860e+05 2.8429e+05 3.0793e+05 2.9094e+05 3.0092e+05 3.4450e+05 2.6224e+05 3.2136e+05 2.3788e+05 3.7860e+05 2.6144e+05
  21.7500 2.8202e+05 2.2568e+05 3.6119e+05 2.2696e+05 3.6024e+05 2.7106e+05 2.9331e+05 2.7728e+05 2.8675e+05 3.2822e+05 2.4993e+05 3.0597e+05 2.2696e+05 3.6024e+05 2.4952e+05
  22.0000 2.6885e+05 2.1540e+05 3.4379e+05 2.1660e+05 3.4289e+05 2.5853e+05 2.7948e+05 2.6435e+05 2.7335e+05 3.1282e+05 2.3829e+05 2.9144e+05 2.1660e+05 3.4289e+05 2.3823e+05
  22.2500 2.5640e+05 2.0567e+05 3.2735e+05 2.0680e+05 3.2651e+05 2.4667e+05 2.6641e+05 2.5212e+05 2.6068e+05 2.9826e+05 2.2728e+05 2.7770e+05 2.0680e+05 3.2651e+05 2.2753e+05
  22.5000 2.4462e+05 1.9646e+05 3.1182e+05 1.9751e+05 3.1103e+05 2.3544e+05 2.5404e+05 2.4055e+05 2.4868e+05 2.8448e+05 2.1686e+05 2.6471e+05 1.9751e+05 3.1103e+05 2.1739e+05
  22.7500 2.3346e+05 1.8772e+05 2.9714e+05 1.8871e+05 2.9640e+05 2.2481e+05 2.4235e+05 2.2960e+05 2.3733e+05 2.7143e+05 2.0699e+05 2.5243e+05 1.8871e+05 2.9640e+05 2.0777e+05
  23.0000 2.2290e+05 1.7943e+05 2.8326e+05 1.8036e+05 2.8257e+05 2.1473e+05 2.3127e+05 2.1922e+05 2.2658e+05 2.5908e+05 1.9765e+05 2.4080e+05 1.8036e+05 2.8257e+05 1.9865e+05
  23.2500 2.1288e+05 1.7157e+05 2.7013e+05 1.7245e+05 2.6948e+05 2.0518e+05 2.2078e+05 2.0938e+05 2.1639e+05 2.4738e+05 1.8879e+05 2.2980e+05 1.7245e+05 2.6948e+05 1.8999e+05
  23.5000 2.0339e+05 1.6411e+05 2.5770e+05 1.6493e+05 2.5709e+05 1.9611e+05 2.1084e+05 2.0005e+05 2.0673e+05 2.3628e+05 1.8039e+05 2.1938e+05 1.6493e+05 2.5709e+05 1.8177e+05
  23.7500 1.9439e+05 1.5702e+05 2.4593e+05 1.5779e+05 2.4535e+05 1.8751e+05 2.0142e+05 1.9121e+05 1.9757e+05 2.2576e+05 1.7243e+05 2.0950e+05 1.5779e+05 2.4535e+05 1.7396e+05
  24.0000 1.8585e+05 1.5028e+05 2.3478e+05 1.5102e+05 2.3424e+05 1.7935e+05 1.9248e+05 1.8281e+05 1.8888e+05 2.1577e+05 1.6487e+05 2.0014e+05 1.5102e+05 2.3424e+05 1.6653e+05
  24.2500 1.7774e+05 1.4389e+05 2.2421e+05 1.4457e+05 2.2370e+05 1.7160e+05 1.8400e+05 1.7484e+05 1.8063e+05 2.0630e+05 1.5770e+05 1.9126e+05 1.4457e+05 2.2370e+05 1.5948e+05
  24.5000 1.7003e+05 1.3780e+05 2.1419e+05 1.3845e+05 2.1371e+05 1.6423e+05 1.7596e+05 1.6727e+05 1.7279e+05 1.9730e+05 1.5088e+05 1.8283e+05 1.3845e+05 2.1371e+05 1.5276e+05
  24.7500 1.6272e+05 1.3201e+05 2.0469e+05 1.3262e+05 2.0423e+05 1.5722e+05 1.6832e+05 1.6008e+05 1.6535e+05 1.8875e+05 1.4441e+05 1.7483e+05 1.3262e+05 2.0423e+05 1.4637e+05
  25.0000 1.5576e+05 1.2650e+05 1.9567e+05 1.2708e+05 1.9523e+05 1.5056e+05 1.6106e+05 1.5325e+05 1.5828e+05 1.8063e+05 1.3825e+05 1.6724e+05 1.2708e+05 1.9523e+05 1.4029e+05
  25.2500 1.4915e+05 1.2126e+05 1.8710e+05 1.2180e+05 1.8670e+05 1.4423e+05 1.5416e+05 1.4674e+05 1.5155e+05 1.7291e+05 1.3240e+05 1.6002e+05 1.2180e+05 1.8670e+05 1.3449e+05
  25.5000 1.4286e+05 1.1626e+05 1.7897e+05 1.1678e+05 1.7858e+05 1.3820e+05 1.4760e+05 1.4056e+05 1.4515e+05 1.6556e+05 1.2684e+05 1.5317e+05 1.1678e+05 1.7858e+05 1.2898e+05
  25.7500 1.3687e+05 1.1150e+05 1.7124e+05 1.1199e+05 1.7088e+05 1.3246e+05 1.4136e+05 1.3468e+05 1.3907e+05 1.5858e+05 1.2154e+05 1.4665e+05 1.1199e+05 1.7088e+05 1.2371e+05
  26.0000 1.3117e+05 1.0697e+05 1.6390e+05 1.0743e+05 1.6356e+05 1.2699e+05 1.3542e+05 1.2908e+05 1.3327e+05 1.5192e+05 1.1649e+05 1.4045e+05 1.0743e+05 1.6356e+05 1.1870e+05
  26.2500 1.2575e+05 1.0264e+05 1.5692e+05 1.0308e+05 1.5659e+05 1.2178e+05 1.2977e+05 1.2374e+05 1.2776e+05 1.4559e+05 1.1169e+05 1.3455e+05 1.0308e+05 1.5659e+05 1.1392e+05
  26.5000 1.2058e+05 9.8519e+04 1.5027e+05 9.8928e+04 1.4997e+05 1.1682e+05 1.2439e+05 1.1866e+05 1.2250e+05 1.3956e+05 1.0711e+05 1.2894e+05 9.8928e+04 1.4997e+05 1.0935e+05
  26.7500 1.1565e+05 9.4584e+04 1.4395e+05 9.4970e+04 1.4366e+05 1.1208e+05 1.1926e+05 1.1381e+05 1.1749e+05 1.3381e+05 1.0275e+05 1.2359e+05 9.4970e+04 1.4366e+05 1.0499e+05
  27.0000 1.1096e+05 9.0828e+04 1.3794e+05 9.1193e+04 1.3766e+05 1.0757e+05 1.1438e+05 1.0920e+05 1.1272e+05 1.2834e+05 9.8596e+04 1.1850e+05 9.1193e+04 1.3766e+05 1.0083e+05
  27.2500 1.0648e+05 8.7245e+04 1.3222e+05 8.7591e+04 1.3196e+05 1.0327e+05 1.0973e+05 1.0479e+05 1.0817e+05 1.2312e+05 9.4634e+04 1.1366e+05 8.7591e+04 1.3196e+05 9.6866e+04
  27.5000 1.0222e+05 8.3827e+04 1.2677e+05 8.4154e+04 1.2652e+05 9.9162e+04 1.0530e+05 1.0060e+05 1.0383e+05 1.1815e+05 9.0856e+04 1.0904e+05 8.4154e+04 1.2652e+05 9.3079e+04
  27.7500 9.8147e+04 8.0563e+04 1.2158e+05 8.0873e+04 1.2134e+05 9.5247e+04 1.0107e+05 9.6598e+04 9.9696e+04 1.1341e+05 8.7252e+04 1.0464e+05 8.0873e+04 1.2134e+05 8.9463e+04
  28.0000 9.4266e+04 7.7446e+04 1.1663e+05 7.7740e+04 1.1641e+05 9.1510e+04 9.7046e+04 9.2780e+04 9.5751e+04 1.0888e+05 8.3814e+04 1.0044e+05 7.7740e+04 1.1641e+05 8.6009e+04
  28.2500 9.0562e+04 7.4469e+04 1.1192e+05 7.4748e+04 1.1171e+05 8.7943e+04 9.3202e+04 8.9137e+04 9.1987e+04 1.0457e+05 8.0533e+04 9.6439e+04 7.4748e+04 1.1171e+05 8.2709e+04
  28.5000 8.7026e+04 7.1624e+04 1.0743e+05 7.1888e+04 1.0723e+05 8.4536e+04 8.9535e+04 8.5659e+04 8.8393e+04 1.0045e+05 7.7401e+04 9.2622e+04 7.1888e+04 1.0723e+05 7.9556e+04
  28.7500 8.3650e+04 6.8905e+04 1.0314e+05 6.9156e+04 1.0295e+05 8.1282e+04 8.6034e+04 8.2338e+04 8.4962e+04 9.6524e+04 7.4409e+04 8.8980e+04 6.9156e+04 1.0295e+05 7.6541e+04
  29.0000 8.0425e+04 6.6305e+04 9.9054e+04 6.6543e+04 9.8873e+04 7.8172e+04 8.2692e+04 7.9166e+04 8.1685e+04 9.2770e+04 7.1551e+04 8.5502e+04 6.6543e+04 9.8873e+04 7.3658e+04
  29.2500 7.7344e+04 6.3819e+04 9.5153e+04 6.4044e+04 9.4981e+04 7.5200e+04 7.9499e+04 7.6135e+04 7.8553e+04 8.9185e+04 6.8820e+04 8.2182e+04 6.4044e+04 9.4981e+04 7.0900e+04
  29.5000 7.4399e+04 6.1440e+04 9.1429e+04 6.1654e+04 9.1265e+04 7.2358e+04 7.6448e+04 7.3237e+04 7.5560e+04 8.5759e+04 6.6209e+04 7.9011e+04 6.1654e+04 9.1265e+04 6.8262e+04
  29.7500 7.1583e+04 5.9163e+04 8.7873e+04 5.9367e+04 8.7718e+04 6.9640e+04 7.3533e+04 7.0467e+04 7.2699e+04 8.2485e+04 6.3712e+04 7.5981e+04 5.9367e+04 8.7718e+04 6.5736e+04
  30.0000 6.8890e+04 5.6984e+04 8.4477e+04 5.7178e+04 8.4329e+04 6.7040e+04 7.0746e+04 6.7817e+04 6.9963e+04 7.9354e+04 6.1324e+04 7.3084e+04 5.7178e+04 8.4329e+04 6.3318e+04
  30.2500 6.6314e+04 5.4897e+04 8.1231e+04 5.5081e+04 8.1090e+04 6.4551e+04 6.8081e+04 6.5282e+04 6.7345e+04 7.6360e+04 5.9040e+04 7.0316e+04 5.5081e+04 8.1090e+04 6.1002e+04
  30.5000 6.3849e+04 5.2898e+04 7.8130e+04 5.3074e+04 7.7996e+04 6.2169e+04 6.5532e+04 6.2857e+04 6.4840e+04 7.3496e+04 5.6853e+04 6.7668e+04 5.3074e+04 7.7996e+04 5.8784e+04
  30.7500 6.1489e+04 5.0984e+04 7.5164e+04 5.1150e+04 7.5036e+04 5.9888e+04 6.3092e+04 6.0535e+04 6.2443e+04 7.0755e+04 5.4760e+04 6.5135e+04 5.1150e+04 7.5036e+04 5.6659e+04
  31.0000 5.9230e+04 4.9149e+04 7.2329e+04 4.9307e+04 7.2207e+04 5.7703e+04 6.0757e+04 5.8312e+04 6.0148e+04 6.8132e+04 5.2756e+04 6.2711e+04 4.9307e+04 7.2207e+04 5.4622e+04
  31.2500 5.7066e+04 4.7390e+04 6.9616e+04 4.7541e+04 6.9500e+04 5.5610e+04 5.8522e+04 5.6183e+04 5.7950e+04 6.5620e+04 5.0836e+04 6.0392e+04 4.7541e+04 6.9500e+04 5.2669e+04
  31.5000 5.4994e+04 4.5703e+04 6.7021e+04 4.5847e+04 6.6910e+04 5.3605e+04 5.6382e+04 5.4143e+04 5.5844e+04 6.3215e+04 4.8997e+04 5.8171e+04 4.5847e+04 6.6910e+04 5.0796e+04
  31.7500 5.3008e+04 4.4085e+04 6.4536e+04 4.4222e+04 6.4431e+04 5.1682e+04 5.4331e+04 5.2189e+04 5.3827e+04 6.0910e+04 4.7234e+04 5.6044e+04 4.4222e+04 6.4431e+04 4.8999e+04
  32.0000 5.1104e+04 4.2534e+04 6.2158e+04 4.2664e+04 6.2058e+04 4.9839e+04 5.2367e+04 5.0315e+04 5.1893e+04 5.8702e+04 4.5544e+04 5.4007e+04 4.2664e+04 6.2058e+04 4.7276e+04
  32.2500 4.9279e+04 4.1044e+04 5.9881e+04 4.1169e+04 5.9785e+04 4.8072e+04 5.0484e+04 4.8519e+04 5.0039e+04 5.6586e+04 4.3924e+04 5.2055e+04 4.1169e+04 5.9785e+04 4.5622e+04
  32.5000 4.7529e+04 3.9615e+04 5.7700e+04 3.9734e+04 5.7608e+04 4.6376e+04 4.8679e+04 4.6797e+04 4.8262e+04 5.4558e+04 4.2370e+04 5.0184e+04 3.9734e+04 5.7608e+04 4.4034e+04
  32.7500 4.5851e+04 3.8243e+04 5.5610e+04 3.8356e+04 5.5522e+04 4.4749e+04 4.6948e+04 4.5145e+04 4.6557e+04 5.2612e+04 4.0880e+04 4.8391e+04 3.8356e+04 5.5522e+04 4.2509e+04
  33.0000 4.4240e+04 3.6925e+04 5.3607e+04 3.7034e+04 5.3523e+04 4.3187e+04 4.5289e+04 4.3560e+04 4.4921e+04 5.0747e+04 3.9449e+04 4.6671e+04 3.7034e+04 5.3523e+04 4.1045e+04
  33.2500 4.2695e+04 3.5660e+04 5.1687e+04 3.5764e+04 5.1607e+04 4.1689e+04 4.3697e+04 4.2039e+04 4.3352e+04 4.8957e+04 3.8077e+04 4.5022e+04 3.5764e+04 5.1607e+04 3.9639e+04
  33.5000 4.1212e+04 3.4445e+04 4.9847e+04 3.4544e+04 4.9771e+04 4.0250e+04 4.2169e+04 4.0579e+04 4.1846e+04 4.7241e+04 3.6760e+04 4.3441e+04 3.4544e+04 4.9771e+04 3.8289e+04
  33.7500 3.9789e+04 3.3278e+04 4.8083e+04 3.3372e+04 4.8010e+04 3.8869e+04 4.0704e+04 3.9178e+04 4.0400e+04 4.5594e+04 3.5495e+04 4.1923e+04 3.3372e+04 4.8010e+04 3.6992e+04
  34.0000 3.8423e+04 3.2156e+04 4.6391e+04 3.2246e+04 4.6321e+04 3.7543e+04 3.9297e+04 3.7833e+04 3.9013e+04 4.4013e+04 3.4280e+04 4.0467e+04 3.2246e+04 4.6321e+04 3.5745e+04
  34.2500 3.7111e+04 3.1079e+04 4.4768e+04 3.1165e+04 4.4701e+04 3.6268e+04 3.7947e+04 3.6541e+04 3.7680e+04 4.2495e+04 3.3114e+04 3.9070e+04 3.1165e+04 4.4701e+04 3.4547e+04
  34.5000 3.5850e+04 3.0042e+04 4.3210e+04 3.0125e+04 4.3146e+04 3.5044e+04 3.6650e+04 3.5300e+04 3.6400e+04 4.1038e+04 3.1994e+04 3.7728e+04 3.0125e+04 4.3146e+04 3.3396e+04
  34.7500 3.4639e+04 2.9046e+04 4.1715e+04 2.9125e+04 4.1654e+04 3.3868e+04 3.5404e+04 3.4108e+04 3.5170e+04 3.9638e+04 3.0917e+04 3.6439e+04 2.9125e+04 4.1654e+04 3.2288e+04
  35.0000 3.3476e+04 2.8088e+04 4.0280e+04 2.8164e+04 4.0221e+04 3.2737e+04 3.4208e+04 3.2962e+04 3.3988e+04 3.8294e+04 2.9882e+04 3.5202e+04 2.8164e+04 4.0221e+04 3.1223e+04
  35.2500 3.2357e+04 2.7167e+04 3.8902e+04 2.7239e+04 3.8846e+04 3.1650e+04 3.3058e+04 3.1861e+04 3.2853e+04 3.7002e+04 2.8888e+04 3.4012e+04 2.7239e+04 3.8846e+04 3.0199e+04
  35.5000 3.1282e+04 2.6280e+04 3.7578e+04 2.6349e+04 3.7524e+04 3.0604e+04 3.1952e+04 3.0802e+04 3.1760e+04 3.5760e+04 2.7931e+04 3.2870e+04 2.6349e+04 3.7524e+04 2.9213e+04
  35.7500 3.0247e+04 2.5427e+04 3.6306e+04 2.5493e+04 3.6254e+04 2.9598e+04 3.0890e+04 2.9784e+04 3.0710e+04 3.4566e+04 2.7011e+04 3.1771e+04 2.5493e+04 3.6254e+04 2.8265e+04
  36.0000 2.9252e+04 2.4605e+04 3.5084e+04 2.4669e+04 3.5034e+04 2.8630e+04 2.9868e+04 2.8805e+04 2.9700e+04 3.3418e+04 2.6126e+04 3.0715e+04 2.4669e+04 3.5034e+04 2.7352e+04
  36.2500 2.8295e+04 2.3815e+04 3.3910e+04 2.3876e+04 3.3862e+04 2.7699e+04 2.8885e+04 2.7862e+04 2.8728e+04 3.2314e+04 2.5274e+04 2.9699e+04 2.3876e+04 3.3862e+04 2.6472e+04
  36.5000 2.7374e+04 2.3053e+04 3.2780e+04 2.3112e+04 3.2734e+04 2.6803e+04 2.7940e+04 2.6956e+04 2.7793e+04 3.1252e+04 2.4455e+04 2.8722e+04 2.3112e+04 3.2734e+04 2.5626e+04
  36.7500 2.6488e+04 2.2320e+04 3.1694e+04 2.2376e+04 3.1650e+04 2.5940e+04 2.7030e+04 2.6083e+04 2.6893e+04 3.0231e+04 2.3666e+04 2.7783e+04 2.2376e+04 3.1650e+04 2.4810e+04
  37.0000 2.5635e+04 2.1613e+04 3.0650e+04 2.1667e+04 3.0607e+04 2.5109e+04 2.6154e+04 2.5243e+04 2.6027e+04 2.9247e+04 2.2906e+04 2.6878e+04 2.1667e+04 3.0607e+04 2.4025e+04
  37.2500 2.4813e+04 2.0933e+04 2.9645e+04 2.0984e+04 2.9604e+04 2.4309e+04 2.5311e+04 2.4434e+04 2.5193e+04 2.8301e+04 2.2175e+04 2.6008e+04 2.0984e+04 2.9604e+04 2.3268e+04
  37.5000 2.4022e+04 2.0277e+04 2.8678e+04 2.0326e+04 2.8639e+04 2.3538e+04 2.4499e+04 2.3654e+04 2.4389e+04 2.7389e+04 2.1470e+04 2.5170e+04 2.0326e+04 2.8639e+04 2.2539e+04
  37.7500 2.3260e+04 1.9644e+04 2.7748e+04 1.9692e+04 2.7710e+04 2.2795e+04 2.3718e+04 2.2904e+04 2.3616e+04 2.6512e+04 2.0791e+04 2.4363e+04 1.9692e+04 2.7710e+04 2.1836e+04
  38.0000 2.2525e+04 1.9035e+04 2.6852e+04 1.9080e+04 2.6816e+04 2.2080e+04 2.2965e+04 2.2181e+04 2.2870e+04 2.5667e+04 2.0137e+04 2.3586e+04 1.9080e+04 2.6816e+04 2.1158e+04
  38.2500 2.1818e+04 1.8447e+04 2.5989e+04 1.8491e+04 2.5955e+04 2.1390e+04 2.2240e+04 2.1484e+04 2.2152e+04 2.4852e+04 1.9507e+04 2.2838e+04 1.8491e+04 2.5955e+04 2.0504e+04
  38.5000 2.1136e+04 1.7880e+04 2.5159e+04 1.7922e+04 2.5125e+04 2.0724e+04 2.1541e+04 2.0812e+04 2.1459e+04 2.4068e+04 1.8899e+04 2.2116e+04 1.7922e+04 2.5125e+04 1.9874e+04
  38.7500 2.0478e+04 1.7333e+04 2.4359e+04 1.7374e+04 2.4327e+04 2.0083e+04 2.0867e+04 2.0165e+04 2.0792e+04 2.3312e+04 1.8313e+04 2.1422e+04 1.7374e+04 2.4327e+04 1.9265e+04
  39.0000 1.9844e+04 1.6805e+04 2.3588e+04 1.6844e+04 2.3557e+04 1.9465e+04 2.0218e+04 1.9540e+04 2.0148e+04 2.2583e+04 1.7748e+04 2.0752e+04 1.6844e+04 2.3557e+04 1.8679e+04
  39.2500 1.9233e+04 1.6296e+04 2.2846e+04 1.6334e+04 2.2816e+04 1.8868e+04 1.9592e+04 1.8938e+04 1.9527e+04 2.1880e+04 1.7204e+04 2.0106e+04 1.6334e+04 2.2816e+04 1.8112e+04
  39.5000 1.8643e+04 1.5805e+04 2.2130e+04 1.5841e+04 2.2101e+04 1.8293e+04 1.8988e+04 1.8358e+04 1.8929e+04 2.1203e+04 1.6678e+04 1.9484e+04 1.5841e+04 2.2101e+04 1.7566e+04
  39.7500 1.8074e+04 1.5330e+04 2.1440e+04 1.5365e+04 2.1412e+04 1.7737e+04 1.8406e+04 1.7798e+04 1.8351e+04 2.0550e+04 1.6171e+04 1.8883e+04 1.5365e+04 2.1412e+04 1.7038e+04
  40.0000 1.7525e+04 1.4872e+04 2.0775e+04 1.4906e+04 2.0748e+04 1.7201e+04 1.7844e+04 1.7257e+04 1.7794e+04 1.9920e+04 1.5681e+04 1.8304e+04 1.4906e+04 2.0748e+04 1.6529e+04
  40.2500 1.6996e+04 1.4430e+04 2.0134e+04 1.4462e+04 2.0108e+04 1.6684e+04 1.7302e+04 1.6735e+04 1.7256e+04 1.9312e+04 1.5209e+04 1.7746e+04 1.4462e+04 2.0108e+04 1.6037e+04
  40.5000 1.6484e+04 1.4003e+04 1.9515e+04 1.4034e+04 1.9490e+04 1.6185e+04 1.6779e+04 1.6232e+04 1.6737e+04 1.8725e+04 1.4753e+04 1.7207e+04 1.4034e+04 1.9490e+04 1.5562e+04
  40.7500 1.5991e+04 1.3590e+04 1.8918e+04 1.3620e+04 1.8894e+04 1.5702e+04 1.6274e+04 1.5746e+04 1.6236e+04 1.8159e+04 1.4313e+04 1.6687e+04 1.3620e+04 1.8894e+04 1.5103e+04
  41.0000 1.5514e+04 1.3192e+04 1.8343e+04 1.3221e+04 1.8320e+04 1.5237e+04 1.5787e+04 1.5276e+04 1.5752e+04 1.7612e+04 1.3888e+04 1.6185e+04 1.3221e+04 1.8320e+04 1.4660e+04
  41.2500 1.5054e+04 1.2807e+04 1.7787e+04 1.2835e+04 1.7765e+04 1.4787e+04 1.5316e+04 1.4823e+04 1.5286e+04 1.7085e+04 1.3477e+04 1.5701e+04 1.2835e+04 1.7765e+04 1.4232e+04
  41.5000 1.4610e+04 1.2435e+04 1.7252e+04 1.2462e+04 1.7230e+04 1.4353e+04 1.4862e+04 1.4386e+04 1.4835e+04 1.6576e+04 1.3081e+04 1.5233e+04 1.2462e+04 1.7230e+04 1.3818e+04
  41.7500 1.4181e+04 1.2075e+04 1.6735e+04 1.2101e+04 1.6714e+04 1.3933e+04 1.4424e+04 1.3963e+04 1.4399e+04 1.6084e+04 1.2698e+04 1.4782e+04 1.2101e+04 1.6714e+04 1.3418e+04
  42.0000 1.3766e+04 1.1728e+04 1.6235e+04 1.1753e+04 1.6215e+04 1.3528e+04 1.4000e+04 1.3555e+04 1.3978e+04 1.5610e+04 1.2328e+04 1.4345e+04 1.1753e+04 1.6215e+04 1.3032e+04
  42.2500 1.3366e+04 1.1392e+04 1.5753e+04 1.1416e+04 1.5734e+04 1.3136e+04 1.3591e+04 1.3160e+04 1.3572e+04 1.5151e+04 1.1971e+04 1.3924e+04 1.1416e+04 1.5734e+04 1.2658e+04
  42.5000 1.2979e+04 1.1067e+04 1.5288e+04 1.1090e+04 1.5269e+04 1.2758e+04 1.3196e+04 1.2779e+04 1.3179e+04 1.4708e+04 1.1625e+04 1.3517e+04 1.1090e+04 1.5269e+04 1.2297e+04
  42.7500 1.2605e+04 1.0753e+04 1.4838e+04 1.0775e+04 1.4820e+04 1.2391e+04 1.2814e+04 1.2411e+04 1.2799e+04 1.4280e+04 1.1291e+04 1.3124e+04 1.0775e+04 1.4820e+04 1.1948e+04
  43.0000 1.2243e+04 1.0449e+04 1.4404e+04 1.0470e+04 1.4387e+04 1.2038e+04 1.2444e+04 1.2054e+04 1.2432e+04 1.3866e+04 1.0968e+04 1.2744e+04 1.0470e+04 1.4387e+04 1.1610e+04
  43.2500 1.1893e+04 1.0155e+04 1.3985e+04 1.0176e+04 1.3968e+04 1.1695e+04 1.2087e+04 1.1710e+04 1.2077e+04 1.3467e+04 1.0656e+04 1.2377e+04 1.0176e+04 1.3968e+04 1.1283e+04
  43.5000 1.1555e+04 9.8703e+03 1.3579e+04 9.8907e+03 1.3563e+04 1.1364e+04 1.1742e+04 1.1377e+04 1.1734e+04 1.3080e+04 1.0354e+04 1.2022e+04 9.8907e+03 1.3563e+04 1.0967e+04
  43.7500 1.1228e+04 9.5951e+03 1.3187e+04 9.6148e+03 1.3171e+04 1.1044e+04 1.1408e+04 1.1055e+04 1.1402e+04 1.2706e+04 1.0062e+04 1.1679e+04 9.6148e+03 1.3171e+04 1.0661e+04
  44.0000 1.0912e+04 9.3287e+03 1.2809e+04 9.3478e+03 1.2793e+04 1.0734e+04 1.1086e+04 1.0743e+04 1.1080e+04 1.2345e+04 9.7790e+03 1.1347e+04 9.3478e+03 1.2793e+04 1.0365e+04
  44.2500 1.0606e+04 9.0708e+03 1.2442e+04 9.0893e+03 1.2427e+04 1.0434e+04 1.0773e+04 1.0442e+04 1.0770e+04 1.1995e+04 9.5056e+03 1.1026e+04 9.0893e+03 1.2427e+04 1.0078e+04
  44.5000 1.0310e+04 8.8212e+03 1.2088e+04 8.8390e+03 1.2074e+04 1.0144e+04 1.0471e+04 1.0150e+04 1.0469e+04 1.1657e+04 9.2409e+03 1.0715e+04 8.8390e+03 1.2074e+04 9.8004e+03
  44.7500 1.0023e+04 8.5795e+03 1.1746e+04 8.5968e+03 1.1732e+04 9.8632e+03 1.0179e+04 9.8674e+03 1.0178e+04 1.1330e+04 8.9847e+03 1.0415e+04 8.5968e+03 1.1732e+04 9.5317e+03
  45.0000 9.7453e+03 8.3454e+03 1.1414e+04 8.3621e+03 1.1401e+04 9.5913e+03 9.8958e+03 9.5941e+03 9.8965e+03 1.1013e+04 8.7368e+03 1.0124e+04 8.3621e+03 1.1401e+04 9.2714e+03
  45.2500 9.4767e+03 8.1186e+03 1.1094e+04 8.1348e+03 1.1081e+04 9.3280e+03 9.6219e+03 9.3295e+03 9.6239e+03 1.0707e+04 8.4966e+03 9.8424e+03 8.1348e+03 1.1081e+04 9.0193e+03
  45.5000 9.2166e+03 7.8990e+03 1.0784e+04 7.9147e+03 1.0771e+04 9.0731e+03 9.3568e+03 9.0734e+03 9.3598e+03 1.0410e+04 8.2641e+03 9.5700e+03 7.9147e+03 1.0771e+04 8.7751e+03
  45.7500 8.9647e+03 7.6862e+03 1.0484e+04 7.7014e+03 1.0471e+04 8.8261e+03 9.1000e+03 8.8253e+03 9.1042e+03 1.0123e+04 8.0390e+03 9.3063e+03 7.7014e+03 1.0471e+04 8.5385e+03
  46.0000 8.7208e+03 7.4800e+03 1.0193e+04 7.4947e+03 1.0181e+04 8.5869e+03 8.8514e+03 8.5850e+03 8.8566e+03 9.8452e+03 7.8209e+03 9.0509e+03 7.4947e+03 1.0181e+04 8.3093e+03
  46.2500 8.4845e+03 7.2801e+03 9.9118e+03 7.2944e+03 9.9000e+03 8.3552e+03 8.6107e+03 8.3523e+03 8.6167e+03 9.5760e+03 7.6096e+03 8.8036e+03 7.2944e+03 9.9000e+03 8.0871e+03
  46.5000 8.2556e+03 7.0864e+03 9.6394e+03 7.1003e+03 9.6280e+03 8.1306e+03 8.3774e+03 8.1268e+03 8.3844e+03 9.3152e+03 7.4048e+03 8.5641e+03 7.1003e+03 9.6280e+03 7.8718e+03
  46.7500 8.0338e+03 6.8986e+03 9.3758e+03 6.9121e+03 9.3647e+03 7.9131e+03 8.1515e+03 7.9083e+03 8.1592e+03 9.0626e+03 7.2064e+03 8.3321e+03 6.9121e+03 9.3647e+03 7.6630e+03
  47.0000 7.8188e+03 6.7166e+03 9.1204e+03 6.7296e+03 9.1096e+03 7.7021e+03 7.9326e+03 7.6966e+03 7.9410e+03 8.8179e+03 7.0142e+03 8.1074e+03 6.7296e+03 9.1096e+03 7.4606e+03
  47.2500 7.6105e+03 6.5401e+03 8.8730e+03 6.5527e+03 8.8625e+03 7.4977e+03 7.7204e+03 7.4914e+03 7.7296e+03 8.5808e+03 6.8278e+03 7.8896e+03 6.5527e+03 8.8625e+03 7.2644e+03
  47.5000 7.4085e+03 6.3689e+03 8.6334e+03 6.3812e+03 8.6232e+03 7.2995e+03 7.5148e+03 7.2925e+03 7.5246e+03 8.3510e+03 6.6471e+03 7.6785e+03 6.3812e+03 8.6232e+03 7.0741e+03
  47.7500 7.2127e+03 6.2029e+03 8.4012e+03 6.2148e+03 8.3913e+03 7.1074e+03 7.3155e+03 7.0996e+03 7.3259e+03 8.1283e+03 6.4720e+03 7.4740e+03 6.2148e+03 8.3913e+03 6.8896e+03
  48.0000 7.0229e+03 6.0418e+03 8.1762e+03 6.0534e+03 8.1666e+03 6.9210e+03 7.1222e+03 6.9126e+03 7.1332e+03 7.9124e+03 6.3021e+03 7.2757e+03 6.0534e+03 8.1666e+03 6.7105e+03
  48.2500 6.8388e+03 5.8856e+03 7.9581e+03 5.8968e+03 7.9488e+03 6.7403e+03 6.9349e+03 6.7313e+03 6.9463e+03 7.7031e+03 6.1374e+03 7.0835e+03 5.8968e+03 7.9488e+03 6.5369e+03
  48.5000 6.6603e+03 5.7340e+03 7.7467e+03 5.7449e+03 7.7376e+03 6.5649e+03 6.7532e+03 6.5555e+03 6.7651e+03 7.5002e+03 5.9776e+03 6.8971e+03 5.7449e+03 7.7376e+03 6.3683e+03
  48.7500 6.4871e+03 5.5868e+03 7.5418e+03 5.5974e+03 7.5330e+03 6.3949e+03 6.5770e+03 6.3849e+03 6.5893e+03 7.3034e+03 5.8226e+03 6.7163e+03 5.5974e+03 7.5330e+03 6.2048e+03
  49.0000 6.3191e+03 5.4441e+03 7.3431e+03 5.4544e+03 7.3345e+03 6.2299e+03 6.4061e+03 6.2195e+03 6.4188e+03 7.1126e+03 5.6722e+03 6.5410e+03 5.4544e+03 7.3345e+03 6.0461e+03
  49.2500 6.1562e+03 5.3055e+03 7.1505e+03 5.3155e+03 7.1421e+03 6.0698e+03 6.2403e+03 6.0589e+03 6.2534e+03 6.9274e+03 5.5262e+03 6.3710e+03 5.3155e+03 7.1421e+03 5.8921e+03
  49.5000 5.9980e+03 5.1709e+03 6.9636e+03 5.1807e+03 6.9555e+03 5.9144e+03 6.0795e+03 5.9032e+03 6.0928e+03 6.7479e+03 5.3846e+03 6.2060e+03 5.1807e+03 6.9555e+03 5.7425e+03
  49.7500 5.8445e+03 5.0403e+03 6.7824e+03 5.0498e+03 6.7745e+03 5.7635e+03 5.9234e+03 5.7520e+03 5.9370e+03 6.5736e+03 5.2472e+03 6.0460e+03 5.0498e+03 6.7745e+03 5.5973e+03
  50.0000 5.6956e+03 4.9135e+03 6.6066e+03 4.9227e+03 6.5989e+03 5.6171e+03 5.7719e+03 5.6053e+03 5.7858e+03 6.4046e+03 5.1138e+03 5.8907e+03 4.9227e+03 6.5989e+03 5.4564e+03
  50.2500 5.5510e+03 4.7904e+03 6.4361e+03 4.7993e+03 6.4286e+03 5.4751e+03 5.6249e+03 5.4629e+03 5.6391e+03 6.2405e+03 4.9843e+03 5.7400e+03 4.7993e+03 6.4286e+03 5.3195e+03
  50.5000 5.4107e+03 4.6708e+03 6.2706e+03 4.6795e+03 6.2633e+03 5.3371e+03 5.4823e+03 5.3247e+03 5.4966e+03 6.0813e+03 4.8586e+03 5.5938e+03 4.6795e+03 6.2633e+03 5.1866e+03
  50.7500 5.2744e+03 4.5547e+03 6.1101e+03 4.5632e+03 6.1030e+03 5.2032e+03 5.3438e+03 5.1905e+03 5.3584e+03 5.9269e+03 4.7366e+03 5.4519e+03 4.5632e+03 6.1030e+03 5.0576e+03
  51.0000 5.1422e+03 4.4419e+03 5.9544e+03 4.4501e+03 5.9474e+03 5.0731e+03 5.2094e+03 5.0603e+03 5.2241e+03 5.7769e+03 4.6181e+03 5.3141e+03 4.4501e+03 5.9474e+03 4.9322e+03
  51.2500 5.0138e+03 4.3324e+03 5.8032e+03 4.3404e+03 5.7964e+03 4.9469e+03 5.0788e+03 4.9338e+03 5.0937e+03 5.6313e+03 4.5031e+03 5.1804e+03 4.3404e+03 5.7964e+03 4.8105e+03
  51.5000 4.8890e+03 4.2259e+03 5.6565e+03 4.2337e+03 5.6499e+03 4.8242e+03 4.9521e+03 4.8110e+03 4.9671e+03 5.4900e+03 4.3913e+03 5.0506e+03 4.2337e+03 5.6499e+03 4.6922e+03
  51.7500 4.7679e+03 4.1225e+03 5.5140e+03 4.1301e+03 5.5076e+03 4.7051e+03 4.8290e+03 4.6916e+03 4.8441e+03 5.3528e+03 4.2827e+03 4.9245e+03 4.1301e+03 5.5076e+03 4.5773e+03
  52.0000 4.6502e+03 4.0220e+03 5.3757e+03 4.0294e+03 5.3695e+03 4.5893e+03 4.7095e+03 4.5758e+03 4.7247e+03 5.2195e+03 4.1773e+03 4.8020e+03 4.0294e+03 5.3695e+03 4.4656e+03
  52.2500 4.5359e+03 3.9244e+03 5.2414e+03 3.9316e+03 5.2353e+03 4.4769e+03 4.5933e+03 4.4632e+03 4.6086e+03 5.0901e+03 4.0748e+03 4.6831e+03 3.9316e+03 5.2353e+03 4.3571e+03
  52.5000 4.4248e+03 3.8294e+03 5.1110e+03 3.8364e+03 5.1051e+03 4.3676e+03 4.4805e+03 4.3538e+03 4.4959e+03 4.9643e+03 3.9753e+03 4.5676e+03 3.8364e+03 5.1051e+03 4.2516e+03
  52.7500 4.3169e+03 3.7371e+03 4.9844e+03 3.7440e+03 4.9786e+03 4.2614e+03 4.3709e+03 4.2475e+03 4.3863e+03 4.8422e+03 3.8785e+03 4.4553e+03 3.7440e+03 4.9786e+03 4.1491e+03
  53.0000 4.2120e+03 3.6474e+03 4.8613e+03 3.6541e+03 4.8557e+03 4.1581e+03 4.2644e+03 4.1442e+03 4.2798e+03 4.7235e+03 3.7845e+03 4.3462e+03 3.6541e+03 4.8557e+03 4.0494e+03
  53.2500 4.1101e+03 3.5602e+03 4.7418e+03 3.5667e+03 4.7363e+03 4.0578e+03 4.1608e+03 4.0438e+03 4.1763e+03 4.6082e+03 3.6931e+03 4.2403e+03 3.5667e+03 4.7363e+03 3.9525e+03
  53.5000 4.0109e+03 3.4754e+03 4.6257e+03 3.4817e+03 4.6203e+03 3.9602e+03 4.0602e+03 3.9462e+03 4.0757e+03 4.4961e+03 3.6042e+03 4.1373e+03 3.4817e+03 4.6203e+03 3.8582e+03
  53.7500 3.9146e+03 3.3929e+03 4.5128e+03 3.3991e+03 4.5075e+03 3.8654e+03 3.9624e+03 3.8513e+03 3.9779e+03 4.3871e+03 3.5178e+03 4.0372e+03 3.3991e+03 4.5075e+03 3.7666e+03
  54.0000 3.8209e+03 3.3126e+03 4.4031e+03 3.3187e+03 4.3980e+03 3.7732e+03 3.8672e+03 3.7590e+03 3.8828e+03 4.2812e+03 3.4338e+03 3.9398e+03 3.3187e+03 4.3980e+03 3.6774e+03
  54.2500 3.7298e+03 3.2346e+03 4.2965e+03 3.2404e+03 4.2915e+03 3.6835e+03 3.7748e+03 3.6693e+03 3.7903e+03 4.1783e+03 3.3521e+03 3.8452e+03 3.2404e+03 4.2915e+03 3.5907e+03
  54.5000 3.6412e+03 3.1586e+03 4.1929e+03 3.1644e+03 4.1880e+03 3.5962e+03 3.6848e+03 3.5820e+03 3.7003e+03 4.0782e+03 3.2727e+03 3.7532e+03 3.1644e+03 4.1880e+03 3.5063e+03
  54.7500 3.5550e+03 3.0847e+03 4.0922e+03 3.0903e+03 4.0873e+03 3.5113e+03 3.5974e+03 3.4972e+03 3.6128e+03 3.9809e+03 3.1954e+03 3.6637e+03 3.0903e+03 4.0873e+03 3.4242e+03
  55.0000 3.4712e+03 3.0128e+03 3.9942e+03 3.0183e+03 3.9895e+03 3.4288e+03 3.5123e+03 3.4146e+03 3.5277e+03 3.8862e+03 3.1202e+03 3.5767e+03 3.0183e+03 3.9895e+03 3.3443e+03
  55.2500 3.3896e+03 2.9429e+03 3.8989e+03 2.9482e+03 3.8944e+03 3.3485e+03 3.4296e+03 3.3343e+03 3.4449e+03 3.7941e+03 3.0470e+03 3.4921e+03 2.9482e+03 3.8944e+03 3.2666e+03
  55.5000 3.3103e+03 2.8748e+03 3.8063e+03 2.8800e+03 3.8018e+03 3.2703e+03 3.3491e+03 3.2562e+03 3.3644e+03 3.7046e+03 2.9758e+03 3.4098e+03 2.8800e+03 3.8018e+03 3.1910e+03
  55.7500 3.2331e+03 2.8085e+03 3.7162e+03 2.8136e+03 3.7118e+03 3.1942e+03 3.2707e+03 3.1802e+03 3.2860e+03 3.6174e+03 2.9066e+03 3.3297e+03 2.8136e+03 3.7118e+03 3.1173e+03
  56.0000 3.1579e+03 2.7439e+03 3.6286e+03 2.7489e+03 3.6243e+03 3.1202e+03 3.1945e+03 3.1062e+03 3.2097e+03 3.5327e+03 2.8391e+03 3.2517e+03 2.7489e+03 3.6243e+03 3.0457e+03
  56.2500 3.0848e+03 2.6811e+03 3.5433e+03 2.6860e+03 3.5391e+03 3.0482e+03 3.1203e+03 3.0342e+03 3.1354e+03 3.4502e+03 2.7735e+03 3.1759e+03 2.6860e+03 3.5391e+03 2.9759e+03
  56.5000 3.0136e+03 2.6200e+03 3.4604e+03 2.6247e+03 3.4563e+03 2.9780e+03 3.0481e+03 2.9641e+03 3.0632e+03 3.3699e+03 2.7097e+03 3.1021e+03 2.6247e+03 3.4563e+03 2.9079e+03
  56.7500 2.9443e+03 2.5604e+03 3.3796e+03 2.5650e+03 3.3756e+03 2.9098e+03 2.9779e+03 2.8958e+03 2.9928e+03 3.2918e+03 2.6475e+03 3.0303e+03 2.5650e+03 3.3756e+03 2.8418e+03
  57.0000 2.8769e+03 2.5024e+03 3.3011e+03 2.5069e+03 3.2972e+03 2.8433e+03 2.9095e+03 2.8294e+03 2.9243e+03 3.2158e+03 2.5869e+03 2.9604e+03 2.5069e+03 3.2972e+03 2.7773e+03
  57.2500 2.8112e+03 2.4459e+03 3.2246e+03 2.4503e+03 3.2208e+03 2.7785e+03 2.8429e+03 2.7647e+03 2.8576e+03 3.1418e+03 2.5280e+03 2.8923e+03 2.4503e+03 3.2208e+03 2.7146e+03
  57.5000 2.7472e+03 2.3908e+03 3.1502e+03 2.3952e+03 3.1465e+03 2.7155e+03 2.7780e+03 2.7018e+03 2.7927e+03 3.0697e+03 2.4706e+03 2.8261e+03 2.3952e+03 3.1465e+03 2.6534e+03
  57.7500 2.6849e+03 2.3372e+03 3.0778e+03 2.3415e+03 3.0741e+03 2.6541e+03 2.7149e+03 2.6404e+03 2.7294e+03 2.9995e+03 2.4147e+03 2.7616e+03 2.3415e+03 3.0741e+03 2.5939e+03
  58.0000 2.6243e+03 2.2850e+03 3.0073e+03 2.2891e+03 3.0037e+03 2.5943e+03 2.6534e+03 2.5807e+03 2.6678e+03 2.9312e+03 2.3602e+03 2.6987e+03 2.2891e+03 3.0037e+03 2.5359e+03
  58.2500 2.5652e+03 2.2341e+03 2.9386e+03 2.2382e+03 2.9351e+03 2.5360e+03 2.5935e+03 2.5225e+03 2.6078e+03 2.8647e+03 2.3071e+03 2.6375e+03 2.2382e+03 2.9351e+03 2.4794e+03
  58.5000 2.5076e+03 2.1845e+03 2.8717e+03 2.1885e+03 2.8683e+03 2.4792e+03 2.5351e+03 2.4658e+03 2.5494e+03 2.7999e+03 2.2555e+03 2.5779e+03 2.1885e+03 2.8683e+03 2.4243e+03
  58.7500 2.4515e+03 2.1362e+03 2.8066e+03 2.1401e+03 2.8032e+03 2.4239e+03 2.4783e+03 2.4106e+03 2.4924e+03 2.7368e+03 2.2051e+03 2.5199e+03 2.1401e+03 2.8032e+03 2.3706e+03
  59.0000 2.3969e+03 2.0891e+03 2.7432e+03 2.0929e+03 2.7399e+03 2.3700e+03 2.4229e+03 2.3568e+03 2.4369e+03 2.6753e+03 2.1561e+03 2.4634e+03 2.0929e+03 2.7399e+03 2.3183e+03
  59.2500 2.3436e+03 2.0432e+03 2.6814e+03 2.0469e+03 2.6782e+03 2.3175e+03 2.3690e+03 2.3044e+03 2.3829e+03 2.6154e+03 2.1082e+03 2.4083e+03 2.0469e+03 2.6782e+03 2.2673e+03
  59.5000 2.2918e+03 1.9984e+03 2.6213e+03 2.0020e+03 2.6181e+03 2.2663e+03 2.3164e+03 2.2533e+03 2.3302e+03 2.5570e+03 2.0617e+03 2.3546e+03 2.0020e+03 2.6181e+03 2.2176e+03
  59.7500 2.2412e+03 1.9548e+03 2.5627e+03 1.9583e+03 2.5595e+03 2.2165e+03 2.2652e+03 2.2036e+03 2.2788e+03 2.5001e+03 2.0162e+03 2.3023e+03 1.9583e+03 2.5595e+03 2.1692e+03
  60.0000 2.1919e+03 1.9122e+03 2.5055e+03 1.9157e+03 2.5025e+03 2.1678e+03 2.2152e+03 2.1550e+03 2.2288e+03 2.4447e+03 1.9720e+03 2.2513e+03 1.9157e+03 2.5025e+03 2.1220e+03
  60.2500 2.1439e+03 1.8708e+03 2.4499e+03 1.8742e+03 2.4469e+03 2.1204e+03 2.1666e+03 2.1077e+03 2.1800e+03 2.3907e+03 1.9288e+03 2.2017e+03 1.8742e+03 2.4469e+03 2.0759e+03
  60.5000 2.0970e+03 1.8303e+03 2.3956e+03 1.8337e+03 2.3927e+03 2.0742e+03 2.1191e+03 2.0616e+03 2.1324e+03 2.3381e+03 1.8868e+03 2.1532e+03 1.8337e+03 2.3927e+03 2.0310e+03
  60.7500 2.0514e+03 1.7909e+03 2.3428e+03 1.7941e+03 2.3399e+03 2.0292e+03 2.0729e+03 2.0167e+03 2.0860e+03 2.2868e+03 1.8457e+03 2.1061e+03 1.7941e+03 2.3399e+03 1.9872e+03
  61.0000 2.0068e+03 1.7524e+03 2.2913e+03 1.7556e+03 2.2885e+03 1.9852e+03 2.0278e+03 1.9728e+03 2.0408e+03 2.2368e+03 1.8057e+03 2.0600e+03 1.7556e+03 2.2885e+03 1.9445e+03
  61.2500 1.9634e+03 1.7149e+03 2.2411e+03 1.7180e+03 2.2383e+03 1.9424e+03 1.9838e+03 1.9301e+03 1.9967e+03 2.1880e+03 1.7667e+03 2.0152e+03 1.7180e+03 2.2383e+03 1.9028e+03
  61.5000 1.9211e+03 1.6783e+03 2.1921e+03 1.6813e+03 2.1894e+03 1.9006e+03 1.9409e+03 1.8884e+03 1.9537e+03 2.1404e+03 1.7287e+03 1.9714e+03 1.6813e+03 2.1894e+03 1.8622e+03
  61.7500 1.8798e+03 1.6426e+03 2.1444e+03 1.6456e+03 2.1417e+03 1.8598e+03 1.8991e+03 1.8478e+03 1.9118e+03 2.0941e+03 1.6916e+03 1.9288e+03 1.6456e+03 2.1417e+03 1.8226e+03
  62.0000 1.8395e+03 1.6078e+03 2.0979e+03 1.6107e+03 2.0953e+03 1.8201e+03 1.8584e+03 1.8082e+03 1.8709e+03 2.0489e+03 1.6554e+03 1.8872e+03 1.6107e+03 2.0953e+03 1.7839e+03
  62.2500 1.8003e+03 1.5738e+03 2.0525e+03 1.5767e+03 2.0500e+03 1.7813e+03 1.8186e+03 1.7695e+03 1.8310e+03 2.0048e+03 1.6202e+03 1.8467e+03 1.5767e+03 2.0500e+03 1.7462e+03
  62.5000 1.7620e+03 1.5406e+03 2.0083e+03 1.5435e+03 2.0058e+03 1.7435e+03 1.7798e+03 1.7318e+03 1.7921e+03 1.9618e+03 1.5858e+03 1.8071e+03 1.5435e+03 2.0058e+03 1.7094e+03
  62.7500 1.7246e+03 1.5083e+03 1.9652e+03 1.5111e+03 1.9627e+03 1.7066e+03 1.7420e+03 1.6950e+03 1.7542e+03 1.9199e+03 1.5522e+03 1.7686e+03 1.5111e+03 1.9627e+03 1.6735e+03
  63.0000 1.6882e+03 1.4767e+03 1.9231e+03 1.4795e+03 1.9207e+03 1.6707e+03 1.7051e+03 1.6592e+03 1.7172e+03 1.8790e+03 1.5194e+03 1.7309e+03 1.4795e+03 1.9207e+03 1.6385e+03
  63.2500 1.6526e+03 1.4459e+03 1.8821e+03 1.4486e+03 1.8797e+03 1.6355e+03 1.6691e+03 1.6242e+03 1.6810e+03 1.8392e+03 1.4875e+03 1.6942e+03 1.4486e+03 1.8797e+03 1.6043e+03
  63.5000 1.6179e+03 1.4159e+03 1.8420e+03 1.4185e+03 1.8397e+03 1.6013e+03 1.6340e+03 1.5900e+03 1.6458e+03 1.8002e+03 1.4563e+03 1.6585e+03 1.4185e+03 1.8397e+03 1.5709e+03
  63.7500 1.5840e+03 1.3865e+03 1.8030e+03 1.3891e+03 1.8007e+03 1.5678e+03 1.5997e+03 1.5567e+03 1.6114e+03 1.7623e+03 1.4258e+03 1.6235e+03 1.3891e+03 1.8007e+03 1.5383e+03
  64.0000 1.5510e+03 1.3579e+03 1.7649e+03 1.3604e+03 1.7627e+03 1.5352e+03 1.5663e+03 1.5242e+03 1.5778e+03 1.7252e+03 1.3962e+03 1.5894e+03 1.3604e+03 1.7627e+03 1.5065e+03
  64.2500 1.5188e+03 1.3299e+03 1.7278e+03 1.3324e+03 1.7256e+03 1.5034e+03 1.5337e+03 1.4924e+03 1.5451e+03 1.6891e+03 1.3672e+03 1.5562e+03 1.3324e+03 1.7256e+03 1.4755e+03
  64.5000 1.4873e+03 1.3026e+03 1.6915e+03 1.3051e+03 1.6893e+03 1.4723e+03 1.5018e+03 1.4615e+03 1.5131e+03 1.6538e+03 1.3389e+03 1.5237e+03 1.3051e+03 1.6893e+03 1.4452e+03
  64.7500 1.4565e+03 1.2760e+03 1.6561e+03 1.2784e+03 1.6540e+03 1.4419e+03 1.4707e+03 1.4312e+03 1.4819e+03 1.6194e+03 1.3112e+03 1.4920e+03 1.2784e+03 1.6540e+03 1.4156e+03
  65.0000 1.4266e+03 1.2500e+03 1.6216e+03 1.2523e+03 1.6195e+03 1.4123e+03 1.4404e+03 1.4017e+03 1.4514e+03 1.5858e+03 1.2843e+03 1.4611e+03 1.2523e+03 1.6195e+03 1.3867e+03
  65.2500 1.3973e+03 1.2246e+03 1.5879e+03 1.2269e+03 1.5858e+03 1.3833e+03 1.4108e+03 1.3729e+03 1.4217e+03 1.5530e+03 1.2580e+03 1.4309e+03 1.2269e+03 1.5858e+03 1.3585e+03
  65.5000 1.3687e+03 1.1997e+03 1.5550e+03 1.2020e+03 1.5530e+03 1.3551e+03 1.3818e+03 1.3448e+03 1.3926e+03 1.5210e+03 1.2322e+03 1.4015e+03 1.2020e+03 1.5530e+03 1.3310e+03
  65.7500 1.3408e+03 1.1755e+03 1.5229e+03 1.1777e+03 1.5209e+03 1.3275e+03 1.3536e+03 1.3173e+03 1.3642e+03 1.4897e+03 1.2072e+03 1.3727e+03 1.1777e+03 1.5209e+03 1.3041e+03
  66.0000 1.3135e+03 1.1518e+03 1.4915e+03 1.1540e+03 1.4896e+03 1.3006e+03 1.3260e+03 1.2905e+03 1.3365e+03 1.4592e+03 1.1826e+03 1.3446e+03 1.1540e+03 1.4896e+03 1.2778e+03
  66.2500 1.2869e+03 1.1287e+03 1.4609e+03 1.1308e+03 1.4590e+03 1.2743e+03 1.2991e+03 1.2642e+03 1.3095e+03 1.4294e+03 1.1587e+03 1.3172e+03 1.1308e+03 1.4590e+03 1.2521e+03
  66.5000 1.2609e+03 1.1061e+03 1.4311e+03 1.1082e+03 1.4292e+03 1.2486e+03 1.2728e+03 1.2387e+03 1.2831e+03 1.4003e+03 1.1353e+03 1.2904e+03 1.1082e+03 1.4292e+03 1.2271e+03
  66.7500 1.2355e+03 1.0840e+03 1.4019e+03 1.0861e+03 1.4000e+03 1.2235e+03 1.2471e+03 1.2137e+03 1.2573e+03 1.3719e+03 1.1125e+03 1.2642e+03 1.0861e+03 1.4000e+03 1.2026e+03
  67.0000 1.2107e+03 1.0625e+03 1.3734e+03 1.0645e+03 1.3716e+03 1.1989e+03 1.2220e+03 1.1892e+03 1.2320e+03 1.3442e+03 1.0902e+03 1.2387e+03 1.0645e+03 1.3716e+03 1.1786e+03
  67.2500 1.1864e+03 1.0414e+03 1.3455e+03 1.0434e+03 1.3438e+03 1.1750e+03 1.1975e+03 1.1654e+03 1.2074e+03 1.3171e+03 1.0683e+03 1.2137e+03 1.0434e+03 1.3438e+03 1.1552e+03
  67.5000 1.1627e+03 1.0208e+03 1.3184e+03 1.0227e+03 1.3166e+03 1.1516e+03 1.1735e+03 1.1421e+03 1.1833e+03 1.2906e+03 1.0470e+03 1.1894e+03 1.0227e+03 1.3166e+03 1.1324e+03
  67.7500 1.1396e+03 1.0007e+03 1.2918e+03 1.0026e+03 1.2901e+03 1.1287e+03 1.1501e+03 1.1193e+03 1.1598e+03 1.2647e+03 1.0262e+03 1.1655e+03 1.0026e+03 1.2901e+03 1.1100e+03
  68.0000 1.1170e+03 9.8099e+02 1.2659e+03 9.8287e+02 1.2642e+03 1.1063e+03 1.1273e+03 1.0971e+03 1.1369e+03 1.2394e+03 1.0059e+03 1.1423e+03 9.8287e+02 1.2642e+03 1.0882e+03
  68.2500 1.0949e+03 9.6176e+02 1.2406e+03 9.6361e+02 1.2389e+03 1.0845e+03 1.1049e+03 1.0753e+03 1.1144e+03 1.2148e+03 9.8603e+02 1.1196e+03 9.6361e+02 1.2389e+03 1.0669e+03
  68.5000 1.0733e+03 9.4297e+02 1.2158e+03 9.4478e+02 1.2142e+03 1.0632e+03 1.0831e+03 1.0541e+03 1.0925e+03 1.1906e+03 9.6661e+02 1.0973e+03 9.4478e+02 1.2142e+03 1.0460e+03
  68.7500 1.0522e+03 9.2459e+02 1.1916e+03 9.2638e+02 1.1900e+03 1.0423e+03 1.0618e+03 1.0333e+03 1.0710e+03 1.1671e+03 9.4762e+02 1.0756e+03 9.2638e+02 1.1900e+03 1.0256e+03
  69.0000 1.0316e+03 9.0663e+02 1.1680e+03 9.0838e+02 1.1664e+03 1.0219e+03 1.0409e+03 1.0131e+03 1.0501e+03 1.1440e+03 9.2907e+02 1.0544e+03 9.0838e+02 1.1664e+03 1.0057e+03
  69.2500 1.0114e+03 8.8907e+02 1.1449e+03 8.9079e+02 1.1433e+03 1.0020e+03 1.0205e+03 9.9322e+02 1.0296e+03 1.1215e+03 9.1093e+02 1.0337e+03 8.9079e+02 1.1433e+03 9.8622e+02
  69.5000 9.9169e+02 8.7189e+02 1.1223e+03 8.7359e+02 1.1208e+03 9.8248e+02 1.0006e+03 9.7384e+02 1.0095e+03 1.0995e+03 8.9320e+02 1.0134e+03 8.7359e+02 1.1208e+03 9.6717e+02
  69.7500 9.7242e+02 8.5510e+02 1.1003e+03 8.5677e+02 1.0988e+03 9.6342e+02 9.8112e+02 9.5488e+02 9.8996e+02 1.0780e+03 8.7586e+02 9.9363e+02 8.5677e+02 1.0988e+03 9.4853e+02
  70.0000 9.5358e+02 8.3868e+02 1.0787e+03 8.4032e+02 1.0772e+03 9.4479e+02 9.6209e+02 9.3635e+02 9.7081e+02 1.0570e+03 8.5891e+02 9.7426e+02 8.4032e+02 1.0772e+03 9.3031e+02
  70.2500 9.3516e+02 8.2262e+02 1.0577e+03 8.2423e+02 1.0562e+03 9.2658e+02 9.4347e+02 9.1823e+02 9.5209e+02 1.0364e+03 8.4234e+02 9.5534e+02 8.2423e+02 1.0562e+03 9.1249e+02
  70.5000 9.1715e+02 8.0691e+02 1.0371e+03 8.0850e+02 1.0356e+03 9.0876e+02 9.2527e+02 9.0052e+02 9.3378e+02 1.0163e+03 8.2613e+02 9.3683e+02 8.0850e+02 1.0356e+03 8.9507e+02
  70.7500 8.9954e+02 7.9155e+02 1.0169e+03 7.9311e+02 1.0155e+03 8.9134e+02 9.0747e+02 8.8320e+02 9.1588e+02 9.9668e+02 8.1028e+02 9.1874e+02 7.9311e+02 1.0155e+03 8.7802e+02
  71.0000 8.8231e+02 7.7652e+02 9.9726e+02 7.7805e+02 9.9587e+02 8.7430e+02 8.9007e+02 8.6625e+02 8.9837e+02 9.7747e+02 7.9478e+02 9.0104e+02 7.7805e+02 9.9587e+02 8.6135e+02
  71.2500 8.6547e+02 7.6182e+02 9.7801e+02 7.6333e+02 9.7664e+02 8.5764e+02 8.7304e+02 8.4969e+02 8.8125e+02 9.5868e+02 7.7962e+02 8.8374e+02 7.6333e+02 9.7664e+02 8.4504e+02
  71.5000 8.4899e+02 7.4744e+02 9.5919e+02 7.4892e+02 9.5784e+02 8.4134e+02 8.5640e+02 8.3348e+02 8.6450e+02 9.4031e+02 7.6479e+02 8.6682e+02 7.4892e+02 9.5784e+02 8.2908e+02
  71.7500 8.3287e+02 7.3337e+02 9.4079e+02 7.3483e+02 9.3946e+02 8.2539e+02 8.4011e+02 8.1763e+02 8.4812e+02 9.2235e+02 7.5028e+02 8.5027e+02 7.3483e+02 9.3946e+02 8.1347e+02
  72.0000 8.1711e+02 7.1960e+02 9.2279e+02 7.2103e+02 9.2149e+02 8.0979e+02 8.2419e+02 8.0212e+02 8.3209e+02 9.0478e+02 7.3610e+02 8.3409e+02 7.2103e+02 9.2149e+02 7.9819e+02
  72.2500 8.0168e+02 7.0613e+02 9.0520e+02 7.0754e+02 9.0391e+02 7.9453e+02 8.0861e+02 7.8696e+02 8.1641e+02 8.8759e+02 7.2221e+02 8.1825e+02 7.0754e+02 9.0391e+02 7.8325e+02
  72.5000 7.8659e+02 6.9294e+02 8.8798e+02 6.9433e+02 8.8672e+02 7.7960e+02 7.9336e+02 7.7212e+02 8.0107e+02 8.7078e+02 7.0863e+02 8.0277e+02 6.9433e+02 8.8672e+02 7.6862e+02
  72.7500 7.7183e+02 6.8004e+02 8.7115e+02 6.8141e+02 8.6990e+02 7.6499e+02 7.7845e+02 7.5760e+02 7.8606e+02 8.5434e+02 6.9534e+02 7.8762e+02 6.8141e+02 8.6990e+02 7.5431e+02
  73.0000 7.5738e+02 6.6741e+02 8.5468e+02 6.6876e+02 8.5345e+02 7.5070e+02 7.6386e+02 7.4340e+02 7.7137e+02 8.3825e+02 6.8234e+02 7.7280e+02 6.6876e+02 8.5345e+02 7.4030e+02
  73.2500 7.4325e+02 6.5506e+02 8.3857e+02 6.5638e+02 8.3736e+02 7.3671e+02 7.4958e+02 7.2950e+02 7.5700e+02 8.2251e+02 6.6961e+02 7.5829e+02 6.5638e+02 8.3736e+02 7.2659e+02
  73.5000 7.2942e+02 6.4296e+02 8.2280e+02 6.4426e+02 8.2161e+02 7.2302e+02 7.3561e+02 7.1589e+02 7.4294e+02 8.0711e+02 6.5716e+02 7.4411e+02 6.4426e+02 8.2161e+02 7.1317e+02
  73.7500 7.1588e+02 6.3112e+02 8.0738e+02 6.3240e+02 8.0621e+02 7.0962e+02 7.2194e+02 7.0259e+02 7.2917e+02 7.9204e+02 6.4497e+02 7.3022e+02 6.3240e+02 8.0621e+02 7.0004e+02
  74.0000 7.0263e+02 6.1953e+02 7.9230e+02 6.2079e+02 7.9114e+02 6.9650e+02 7.0856e+02 6.8956e+02 7.1570e+02 7.7730e+02 6.3304e+02 7.1663e+02 6.2079e+02 7.9114e+02 6.8718e+02
  74.2500 6.8966e+02 6.0818e+02 7.7753e+02 6.0943e+02 7.7639e+02 6.8367e+02 6.9547e+02 6.7681e+02 7.0252e+02 7.6287e+02 6.2137e+02 7.0334e+02 6.0943e+02 7.7639e+02 6.7459e+02
  74.5000 6.7697e+02 5.9707e+02 7.6309e+02 5.9830e+02 7.6197e+02 6.7110e+02 6.8265e+02 6.6433e+02 6.8961e+02 7.4875e+02 6.0994e+02 6.9033e+02 5.9830e+02 7.6197e+02 6.6227e+02
  74.7500 6.6454e+02 5.8620e+02 7.4895e+02 5.8740e+02 7.4784e+02 6.5880e+02 6.7010e+02 6.5211e+02 6.7698e+02 7.3492e+02 5.9875e+02 6.7759e+02 5.8740e+02 7.4784e+02 6.5021e+02
  75.0000 6.5238e+02 5.7554e+02 7.3511e+02 5.7673e+02 7.3402e+02 6.4676e+02 6.5782e+02 6.4015e+02 6.6461e+02 7.2140e+02 5.8780e+02 6.6512e+02 5.7673e+02 7.3402e+02 6.3839e+02
  75.2500 6.4047e+02 5.6511e+02 7.2157e+02 5.6628e+02 7.2050e+02 6.3497e+02 6.4580e+02 6.2845e+02 6.5250e+02 7.0815e+02 5.7707e+02 6.5292e+02 5.6628e+02 7.2050e+02 6.2682e+02
  75.5000 6.2881e+02 5.5490e+02 7.0832e+02 5.5605e+02 7.0726e+02 6.2343e+02 6.3403e+02 6.1698e+02 6.4064e+02 6.9519e+02 5.6657e+02 6.4097e+02 5.5605e+02 7.0726e+02 6.1549e+02
  75.7500 6.1739e+02 5.4490e+02 6.9535e+02 5.4603e+02 6.9430e+02 6.1212e+02 6.2250e+02 6.0576e+02 6.2903e+02 6.8250e+02 5.5629e+02 6.2928e+02 5.4603e+02 6.9430e+02 6.0440e+02
  76.0000 6.0622e+02 5.3510e+02 6.8264e+02 5.3622e+02 6.8162e+02 6.0105e+02 6.1122e+02 5.9477e+02 6.1766e+02 6.7008e+02 5.4623e+02 6.1783e+02 5.3622e+02 6.8162e+02 5.9353e+02
  76.2500 5.9527e+02 5.2551e+02 6.7021e+02 5.2661e+02 6.6919e+02 5.9022e+02 6.0017e+02 5.8401e+02 6.0653e+02 6.5791e+02 5.3637e+02 6.0661e+02 5.2661e+02 6.6919e+02 5.8289e+02
  76.5000 5.8455e+02 5.1611e+02 6.5803e+02 5.1720e+02 6.5703e+02 5.7960e+02 5.8935e+02 5.7348e+02 5.9563e+02 6.4600e+02 5.2671e+02 5.9563e+02 5.1720e+02 6.5703e+02 5.7247e+02
  76.7500 5.7405e+02 5.0691e+02 6.4610e+02 5.0798e+02 6.4512e+02 5.6921e+02 5.7875e+02 5.6316e+02 5.8495e+02 6.3433e+02 5.1726e+02 5.8488e+02 5.0798e+02 6.4512e+02 5.6226e+02
  77.0000 5.6377e+02 4.9790e+02 6.3443e+02 4.9895e+02 6.3346e+02 5.5902e+02 5.6837e+02 5.5305e+02 5.7449e+02 6.2291e+02 5.0800e+02 5.7435e+02 4.9895e+02 6.3346e+02 5.5226e+02
  77.2500 5.5370e+02 4.8906e+02 6.2299e+02 4.9010e+02 6.2204e+02 5.4905e+02 5.5820e+02 5.4315e+02 5.6425e+02 6.1172e+02 4.9893e+02 5.6404e+02 4.9010e+02 6.2204e+02 5.4247e+02
  77.5000 5.4383e+02 4.8041e+02 6.1179e+02 4.8143e+02 6.1085e+02 5.3928e+02 5.4824e+02 5.3345e+02 5.5421e+02 6.0076e+02 4.9004e+02 5.5393e+02 4.8143e+02 6.1085e+02 5.3287e+02
  77.7500 5.3417e+02 4.7194e+02 6.0082e+02 4.7294e+02 5.9989e+02 5.2971e+02 5.3849e+02 5.2396e+02 5.4438e+02 5.9002e+02 4.8134e+02 5.4404e+02 4.7294e+02 5.9989e+02 5.2347e+02
  78.0000 5.2470e+02 4.6363e+02 5.9008e+02 4.6462e+02 5.8916e+02 5.2033e+02 5.2893e+02 5.1465e+02 5.3475e+02 5.7951e+02 4.7281e+02 5.3435e+02 4.6462e+02 5.8916e+02 5.1426e+02
  78.2500 5.1542e+02 4.5549e+02 5.7955e+02 4.5647e+02 5.7865e+02 5.1114e+02 5.1957e+02 5.0554e+02 5.2532e+02 5.6921e+02 4.6445e+02 5.2485e+02 4.5647e+02 5.7865e+02 5.0524e+02
  78.5000 5.0634e+02 4.4752e+02 5.6924e+02 4.4848e+02 5.6835e+02 5.0214e+02 5.1040e+02 4.9660e+02 5.1607e+02 5.5912e+02 4.5627e+02 5.1555e+02 4.4848e+02 5.6835e+02 4.9639e+02
  78.7500 4.9743e+02 4.3971e+02 5.5914e+02 4.4065e+02 5.5826e+02 4.9333e+02 5.0141e+02 4.8785e+02 5.0701e+02 5.4923e+02 4.4825e+02 5.0644e+02 4.4065e+02 5.5826e+02 4.8773e+02
  79.0000 4.8871e+02 4.3205e+02 5.4925e+02 4.3298e+02 5.4838e+02 4.8468e+02 4.9261e+02 4.7928e+02 4.9814e+02 5.3955e+02 4.4039e+02 4.9751e+02 4.3298e+02 5.4838e+02 4.7923e+02
  79.2500 4.8016e+02 4.2454e+02 5.3955e+02 4.2547e+02 5.3870e+02 4.7622e+02 4.8398e+02 4.7088e+02 4.8944e+02 5.3005e+02 4.3269e+02 4.8876e+02 4.2547e+02 5.3870e+02 4.7091e+02
  79.5000 4.7178e+02 4.1719e+02 5.3005e+02 4.1810e+02 5.2921e+02 4.6792e+02 4.7552e+02 4.6264e+02 4.8092e+02 5.2075e+02 4.2514e+02 4.8019e+02 4.1810e+02 5.2921e+02 4.6275e+02
  79.7500 4.6357e+02 4.0998e+02 5.2075e+02 4.1088e+02 5.1991e+02 4.5978e+02 4.6724e+02 4.5458e+02 4.7256e+02 5.1164e+02 4.1775e+02 4.7178e+02 4.1088e+02 5.1991e+02 4.5476e+02
  80.0000 4.5552e+02 4.0291e+02 5.1162e+02 4.0380e+02 5.1081e+02 4.5181e+02 4.5912e+02 4.4667e+02 4.6438e+02 5.0271e+02 4.1050e+02 4.6355e+02 4.0380e+02 5.1081e+02 4.4692e+02
  80.2500 4.4763e+02 3.9599e+02 5.0269e+02 3.9686e+02 5.0188e+02 4.4400e+02 4.5116e+02 4.3892e+02 4.5635e+02 4.9396e+02 4.0339e+02 4.5548e+02 3.9686e+02 5.0188e+02 4.3924e+02
  80.5000 4.3990e+02 3.8919e+02 4.9393e+02 3.9005e+02 4.9313e+02 4.3634e+02 4.4336e+02 4.3132e+02 4.4849e+02 4.8538e+02 3.9643e+02 4.4757e+02 3.9005e+02 4.9313e+02 4.3171e+02
  80.7500 4.3233e+02 3.8254e+02 4.8534e+02 3.8338e+02 4.8456e+02 4.2883e+02 4.3571e+02 4.2388e+02 4.4077e+02 4.7697e+02 3.8960e+02 4.3982e+02 3.8338e+02 4.8456e+02 4.2432e+02
  81.0000 4.2490e+02 3.7601e+02 4.7693e+02 3.7684e+02 4.7615e+02 4.2147e+02 4.2821e+02 4.1658e+02 4.3322e+02 4.6873e+02 3.8291e+02 4.3222e+02 3.7684e+02 4.7615e+02 4.1708e+02
  81.2500 4.1761e+02 3.6961e+02 4.6868e+02 3.7043e+02 4.6791e+02 4.1426e+02 4.2087e+02 4.0942e+02 4.2581e+02 4.6065e+02 3.7635e+02 4.2478e+02 3.7043e+02 4.6791e+02 4.0999e+02
  81.5000 4.1047e+02 3.6334e+02 4.6060e+02 3.6415e+02 4.5984e+02 4.0719e+02 4.1366e+02 4.0241e+02 4.1854e+02 4.5274e+02 3.6992e+02 4.1748e+02 3.6415e+02 4.5984e+02 4.0303e+02
  81.7500 4.0347e+02 3.5718e+02 4.5267e+02 3.5798e+02 4.5193e+02 4.0025e+02 4.0660e+02 3.9553e+02 4.1142e+02 4.4497e+02 3.6361e+02 4.1032e+02 3.5798e+02 4.5193e+02 3.9620e+02
  82.0000 3.9661e+02 3.5115e+02 4.4490e+02 3.5194e+02 4.4417e+02 3.9345e+02 3.9967e+02 3.8879e+02 4.0443e+02 4.3736e+02 3.5743e+02 4.0330e+02 3.5194e+02 4.4417e+02 3.8951e+02
  82.2500 3.8988e+02 3.4523e+02 4.3729e+02 3.4601e+02 4.3656e+02 3.8678e+02 3.9288e+02 3.8218e+02 3.9758e+02 4.2990e+02 3.5136e+02 3.9642e+02 3.4601e+02 4.3656e+02 3.8295e+02
  82.5000 3.8328e+02 3.3943e+02 4.2982e+02 3.4020e+02 4.2910e+02 3.8024e+02 3.8623e+02 3.7569e+02 3.9087e+02 4.2258e+02 3.4542e+02 3.8967e+02 3.4020e+02 4.2910e+02 3.7652e+02
  82.7500 3.7681e+02 3.3374e+02 4.2250e+02 3.3450e+02 4.2179e+02 3.7383e+02 3.7970e+02 3.6934e+02 3.8428e+02 4.1541e+02 3.3959e+02 3.8306e+02 3.3450e+02 4.2179e+02 3.7021e+02
  83.0000 3.7046e+02 3.2816e+02 4.1532e+02 3.2890e+02 4.1462e+02 3.6754e+02 3.7329e+02 3.6310e+02 3.7782e+02 4.0838e+02 3.3387e+02 3.7657e+02 3.2890e+02 4.1462e+02 3.6402e+02
  83.2500 3.6424e+02 3.2268e+02 4.0828e+02 3.2342e+02 4.0759e+02 3.6137e+02 3.6701e+02 3.5699e+02 3.7149e+02 4.0148e+02 3.2826e+02 3.7021e+02 3.2342e+02 4.0759e+02 3.5794e+02
  83.5000 3.5813e+02 3.1731e+02 4.0138e+02 3.1804e+02 4.0070e+02 3.5532e+02 3.6086e+02 3.5099e+02 3.6528e+02 3.9471e+02 3.2276e+02 3.6398e+02 3.1804e+02 4.0070e+02 3.5199e+02
  83.7500 3.5215e+02 3.1204e+02 3.9461e+02 3.1276e+02 3.9394e+02 3.4939e+02 3.5482e+02 3.4511e+02 3.5918e+02 3.8808e+02 3.1737e+02 3.5786e+02 3.1276e+02 3.9394e+02 3.4615e+02
  84.0000 3.4627e+02 3.0687e+02 3.8797e+02 3.0758e+02 3.8731e+02 3.4357e+02 3.4889e+02 3.3934e+02 3.5321e+02 3.8157e+02 3.1207e+02 3.5186e+02 3.0758e+02 3.8731e+02 3.4042e+02
  84.2500 3.4051e+02 3.0180e+02 3.8146e+02 3.0250e+02 3.8081e+02 3.3786e+02 3.4308e+02 3.3369e+02 3.4734e+02 3.7519e+02 3.0688e+02 3.4597e+02 3.0250e+02 3.8081e+02 3.3479e+02
  84.5000 3.3486e+02 2.9683e+02 3.7507e+02 2.9752e+02 3.7443e+02 3.3226e+02 3.3738e+02 3.2814e+02 3.4159e+02 3.6893e+02 3.0179e+02 3.4020e+02 2.9752e+02 3.7443e+02 3.2928e+02
  84.7500 3.2932e+02 2.9195e+02 3.6881e+02 2.9263e+02 3.6817e+02 3.2677e+02 3.3179e+02 3.2269e+02 3.3595e+02 3.6279e+02 2.9680e+02 3.3454e+02 2.9263e+02 3.6817e+02 3.2387e+02
  85.0000 3.2388e+02 2.8716e+02 3.6267e+02 2.8783e+02 3.6204e+02 3.2138e+02 3.2631e+02 3.1735e+02 3.3041e+02 3.5677e+02 2.9190e+02 3.2898e+02 2.8783e+02 3.6204e+02 3.1856e+02
  85.2500 3.1855e+02 2.8246e+02 3.5664e+02 2.8312e+02 3.5602e+02 3.1609e+02 3.2092e+02 3.1211e+02 3.2498e+02 3.5086e+02 2.8709e+02 3.2353e+02 2.8312e+02 3.5602e+02 3.1335e+02
  85.5000 3.1331e+02 2.7785e+02 3.5073e+02 2.7851e+02 3.5012e+02 3.1090e+02 3.1564e+02 3.0697e+02 3.1965e+02 3.4506e+02 2.8237e+02 3.1819e+02 2.7851e+02 3.5012e+02 3.0823e+02
  85.7500 3.0817e+02 2.7333e+02 3.4493e+02 2.7397e+02 3.4432e+02 3.0581e+02 3.1046e+02 3.0193e+02 3.1442e+02 3.3937e+02 2.7774e+02 3.1294e+02 2.7397e+02 3.4432e+02 3.0322e+02
  86.0000 3.0313e+02 2.6889e+02 3.3924e+02 2.6952e+02 3.3864e+02 3.0081e+02 3.0538e+02 2.9698e+02 3.0929e+02 3.3380e+02 2.7320e+02 3.0780e+02 2.6952e+02 3.3864e+02 2.9829e+02
  86.2500 2.9819e+02 2.6453e+02 3.3366e+02 2.6516e+02 3.3307e+02 2.9591e+02 3.0039e+02 2.9212e+02 3.0425e+02 3.2832e+02 2.6874e+02 3.0275e+02 2.6516e+02 3.3307e+02 2.9346e+02
  86.5000 2.9333e+02 2.6025e+02 3.2818e+02 2.6087e+02 3.2760e+02 2.9110e+02 2.9550e+02 2.8735e+02 2.9931e+02 3.2295e+02 2.6437e+02 2.9779e+02 2.6087e+02 3.2760e+02 2.8872e+02
  86.7500 2.8857e+02 2.5605e+02 3.2281e+02 2.5667e+02 3.2223e+02 2.8638e+02 2.9069e+02 2.8268e+02 2.9446e+02 3.1768e+02 2.6008e+02 2.9293e+02 2.5667e+02 3.2223e+02 2.8406e+02
  87.0000 2.8389e+02 2.5193e+02 3.1754e+02 2.5254e+02 3.1696e+02 2.8175e+02 2.8598e+02 2.7809e+02 2.8970e+02 3.1250e+02 2.5587e+02 2.8816e+02 2.5254e+02 3.1696e+02 2.7950e+02
  87.2500 2.7931e+02 2.4789e+02 3.1236e+02 2.4849e+02 3.1180e+02 2.7720e+02 2.8135e+02 2.7358e+02 2.8503e+02 3.0743e+02 2.5173e+02 2.8348e+02 2.4849e+02 3.1180e+02 2.7501e+02
  87.5000 2.7480e+02 2.4392e+02 3.0728e+02 2.4451e+02 3.0673e+02 2.7273e+02 2.7681e+02 2.6916e+02 2.8045e+02 3.0245e+02 2.4767e+02 2.7889e+02 2.4451e+02 3.0673e+02 2.7061e+02
  87.7500 2.7038e+02 2.4002e+02 3.0230e+02 2.4060e+02 3.0175e+02 2.6835e+02 2.7235e+02 2.6482e+02 2.7594e+02 2.9756e+02 2.4369e+02 2.7438e+02 2.4060e+02 3.0175e+02 2.6629e+02
  88.0000 2.6605e+02 2.3620e+02 2.9741e+02 2.3677e+02 2.9687e+02 2.6405e+02 2.6798e+02 2.6056e+02 2.7153e+02 2.9276e+02 2.3978e+02 2.6995e+02 2.3677e+02 2.9687e+02 2.6205e+02
  88.2500 2.6179e+02 2.3244e+02 2.9261e+02 2.3301e+02 2.9207e+02 2.5983e+02 2.6369e+02 2.5638e+02 2.6719e+02 2.8805e+02 2.3594e+02 2.6561e+02 2.3301e+02 2.9207e+02 2.5788e+02
  88.5000 2.5761e+02 2.2875e+02 2.8790e+02 2.2931e+02 2.8737e+02 2.5568e+02 2.5947e+02 2.5228e+02 2.6293e+02 2.8343e+02 2.3217e+02 2.6134e+02 2.2931e+02 2.8737e+02 2.5379e+02
  88.7500 2.5350e+02 2.2513e+02 2.8328e+02 2.2569e+02 2.8275e+02 2.5161e+02 2.5533e+02 2.4825e+02 2.5875e+02 2.7889e+02 2.2847e+02 2.5716e+02 2.2569e+02 2.8275e+02 2.4978e+02
  89.0000 2.4947e+02 2.2158e+02 2.7874e+02 2.2212e+02 2.7822e+02 2.4762e+02 2.5127e+02 2.4429e+02 2.5465e+02 2.7444e+02 2.2484e+02 2.5305e+02 2.2212e+02 2.7822e+02 2.4584e+02
  89.2500 2.4552e+02 2.1809e+02 2.7428e+02 2.1863e+02 2.7377e+02 2.4370e+02 2.4728e+02 2.4041e+02 2.5062e+02 2.7006e+02 2.2128e+02 2.4901e+02 2.1863e+02 2.7377e+02 2.4196e+02
  89.5000 2.4163e+02 2.1466e+02 2.6991e+02 2.1519e+02 2.6940e+02 2.3985e+02 2.4336e+02 2.3660e+02 2.4666e+02 2.6577e+02 2.1778e+02 2.4505e+02 2.1519e+02 2.6940e+02 2.3816e+02
  89.7500 2.3782e+02 2.1129e+02 2.6562e+02 2.1182e+02 2.6512e+02 2.3606e+02 2.3952e+02 2.3286e+02 2.4278e+02 2.6156e+02 2.1434e+02 2.4117e+02 2.1182e+02 2.6512e+02 2.3443e+02
  90.0000 2.3407e+02 2.0799e+02 2.6140e+02 2.0851e+02 2.6091e+02 2.3235e+02 2.3574e+02 2.2918e+02 2.3897e+02 2.5742e+02 2.1097e+02 2.3735e+02 2.0851e+02 2.6091e+02 2.3077e+02
  90.2500 2.3040e+02 2.0474e+02 2.5726e+02 2.0525e+02 2.5677e+02 2.2871e+02 2.3204e+02 2.2557e+02 2.3522e+02 2.5335e+02 2.0765e+02 2.3360e+02 2.0525e+02 2.5677e+02 2.2717e+02
  90.5000 2.2679e+02 2.0155e+02 2.5320e+02 2.0206e+02 2.5272e+02 2.2512e+02 2.2840e+02 2.2203e+02 2.3154e+02 2.4937e+02 2.0440e+02 2.2992e+02 2.0206e+02 2.5272e+02 2.2363e+02
  90.7500 2.2324e+02 1.9842e+02 2.4921e+02 1.9892e+02 2.4873e+02 2.2161e+02 2.2482e+02 2.1855e+02 2.2793e+02 2.4545e+02 2.0120e+02 2.2631e+02 1.9892e+02 2.4873e+02 2.2016e+02
  91.0000 2.1976e+02 1.9534e+02 2.4529e+02 1.9584e+02 2.4482e+02 2.1815e+02 2.2131e+02 2.1513e+02 2.2438e+02 2.4160e+02 1.9806e+02 2.2276e+02 1.9584e+02 2.4482e+02 2.1675e+02
  91.2500 2.1634e+02 1.9232e+02 2.4145e+02 1.9281e+02 2.4098e+02 2.1476e+02 2.1786e+02 2.1178e+02 2.2090e+02 2.3783e+02 1.9498e+02 2.1928e+02 1.9281e+02 2.4098e+02 2.1340e+02
  91.5000 2.1298e+02 1.8935e+02 2.3767e+02 1.8984e+02 2.3721e+02 2.1143e+02 2.1448e+02 2.0848e+02 2.1748e+02 2.3412e+02 1.9195e+02 2.1585e+02 1.8984e+02 2.3721e+02 2.1011e+02
  91.7500 2.0968e+02 1.8644e+02 2.3396e+02 1.8692e+02 2.3351e+02 2.0816e+02 2.1115e+02 2.0524e+02 2.1412e+02 2.3047e+02 1.8898e+02 2.1249e+02 1.8692e+02 2.3351e+02 2.0688e+02
  92.0000 2.0644e+02 1.8358e+02 2.3032e+02 1.8405e+02 2.2987e+02 2.0494e+02 2.0789e+02 2.0206e+02 2.1081e+02 2.2690e+02 1.8606e+02 2.0919e+02 1.8405e+02 2.2987e+02 2.0370e+02
  92.2500 2.0325e+02 1.8076e+02 2.2674e+02 1.8123e+02 2.2630e+02 2.0179e+02 2.0468e+02 1.9894e+02 2.0757e+02 2.2338e+02 1.8319e+02 2.0595e+02 1.8123e+02 2.2630e+02 2.0058e+02
  92.5000 2.0013e+02 1.7800e+02 2.2323e+02 1.7846e+02 2.2279e+02 1.9869e+02 2.0153e+02 1.9587e+02 2.0438e+02 2.1993e+02 1.8037e+02 2.0277e+02 1.7846e+02 2.2279e+02 1.9752e+02
  92.7500 1.9706e+02 1.7528e+02 2.1978e+02 1.7574e+02 2.1934e+02 1.9564e+02 1.9843e+02 1.9286e+02 2.0125e+02 2.1654e+02 1.7760e+02 1.9964e+02 1.7574e+02 2.1934e+02 1.9451e+02
  93.0000 1.9404e+02 1.7262e+02 2.1639e+02 1.7307e+02 2.1596e+02 1.9265e+02 1.9539e+02 1.8990e+02 1.9818e+02 2.1321e+02 1.7488e+02 1.9657e+02 1.7307e+02 2.1596e+02 1.9155e+02
  93.2500 1.9107e+02 1.6999e+02 2.1306e+02 1.7044e+02 2.1264e+02 1.8971e+02 1.9240e+02 1.8699e+02 1.9516e+02 2.0994e+02 1.7221e+02 1.9355e+02 1.7044e+02 2.1264e+02 1.8864e+02
  93.5000 1.8816e+02 1.6742e+02 2.0979e+02 1.6786e+02 2.0937e+02 1.8682e+02 1.8947e+02 1.8413e+02 1.9219e+02 2.0673e+02 1.6958e+02 1.9058e+02 1.6786e+02 2.0937e+02 1.8579e+02
  93.7500 1.8530e+02 1.6489e+02 2.0657e+02 1.6532e+02 2.0616e+02 1.8398e+02 1.8658e+02 1.8132e+02 1.8927e+02 2.0357e+02 1.6700e+02 1.8767e+02 1.6532e+02 2.0616e+02 1.8298e+02
  94.0000 1.8248e+02 1.6240e+02 2.0342e+02 1.6283e+02 2.0301e+02 1.8119e+02 1.8375e+02 1.7856e+02 1.8641e+02 2.0047e+02 1.6446e+02 1.8481e+02 1.6283e+02 2.0301e+02 1.8022e+02
  94.2500 1.7972e+02 1.5995e+02 2.0031e+02 1.6038e+02 1.9991e+02 1.7844e+02 1.8096e+02 1.7585e+02 1.8359e+02 1.9742e+02 1.6197e+02 1.8199e+02 1.6038e+02 1.9991e+02 1.7751e+02
  94.5000 1.7700e+02 1.5755e+02 1.9726e+02 1.5797e+02 1.9686e+02 1.7575e+02 1.7822e+02 1.7319e+02 1.8082e+02 1.9442e+02 1.5952e+02 1.7923e+02 1.5797e+02 1.9686e+02 1.7484e+02
  94.7500 1.7433e+02 1.5518e+02 1.9427e+02 1.5560e+02 1.9387e+02 1.7310e+02 1.7553e+02 1.7057e+02 1.7810e+02 1.9147e+02 1.5712e+02 1.7651e+02 1.5560e+02 1.9387e+02 1.7222e+02
  95.0000 1.7171e+02 1.5286e+02 1.9132e+02 1.5327e+02 1.9093e+02 1.7050e+02 1.7289e+02 1.6799e+02 1.7542e+02 1.8858e+02 1.5475e+02 1.7384e+02 1.5327e+02 1.9093e+02 1.6965e+02
  95.2500 1.6913e+02 1.5058e+02 1.8843e+02 1.5098e+02 1.8804e+02 1.6794e+02 1.7029e+02 1.6546e+02 1.7279e+02 1.8574e+02 1.5242e+02 1.7121e+02 1.5098e+02 1.8804e+02 1.6712e+02
  95.5000 1.6659e+02 1.4833e+02 1.8558e+02 1.4874e+02 1.8520e+02 1.6542e+02 1.6773e+02 1.6298e+02 1.7021e+02 1.8294e+02 1.5014e+02 1.6863e+02 1.4874e+02 1.8520e+02 1.6463e+02
  95.7500 1.6410e+02 1.4613e+02 1.8279e+02 1.4652e+02 1.8241e+02 1.6295e+02 1.6522e+02 1.6053e+02 1.6767e+02 1.8019e+02 1.4789e+02 1.6610e+02 1.4652e+02 1.8241e+02 1.6218e+02
  96.0000 1.6165e+02 1.4396e+02 1.8004e+02 1.4435e+02 1.7967e+02 1.6052e+02 1.6275e+02 1.5813e+02 1.6517e+02 1.7749e+02 1.4568e+02 1.6361e+02 1.4435e+02 1.7967e+02 1.5978e+02
  96.2500 1.5924e+02 1.4183e+02 1.7734e+02 1.4221e+02 1.7697e+02 1.5813e+02 1.6032e+02 1.5577e+02 1.6272e+02 1.7484e+02 1.4351e+02 1.6116e+02 1.4221e+02 1.7697e+02 1.5741e+02
  96.5000 1.5688e+02 1.3973e+02 1.7469e+02 1.4011e+02 1.7432e+02 1.5578e+02 1.5794e+02 1.5345e+02 1.6030e+02 1.7222e+02 1.4138e+02 1.5875e+02 1.4011e+02 1.7432e+02 1.5509e+02
  96.7500 1.5455e+02 1.3767e+02 1.7208e+02 1.3805e+02 1.7171e+02 1.5347e+02 1.5559e+02 1.5116e+02 1.5793e+02 1.6966e+02 1.3928e+02 1.5638e+02 1.3805e+02 1.7171e+02 1.5280e+02
  97.0000 1.5226e+02 1.3564e+02 1.6951e+02 1.3602e+02 1.6915e+02 1.5120e+02 1.5329e+02 1.4892e+02 1.5560e+02 1.6714e+02 1.3722e+02 1.5406e+02 1.3602e+02 1.6915e+02 1.5055e+02
  97.2500 1.5001e+02 1.3365e+02 1.6699e+02 1.3402e+02 1.6664e+02 1.4897e+02 1.5102e+02 1.4671e+02 1.5331e+02 1.6466e+02 1.3519e+02 1.5177e+02 1.3402e+02 1.6664e+02 1.4834e+02
  97.5000 1.4780e+02 1.3169e+02 1.6451e+02 1.3206e+02 1.6416e+02 1.4677e+02 1.4879e+02 1.4454e+02 1.5105e+02 1.6222e+02 1.3319e+02 1.4952e+02 1.3206e+02 1.6416e+02 1.4617e+02
  97.7500 1.4562e+02 1.2977e+02 1.6207e+02 1.3013e+02 1.6173e+02 1.4462e+02 1.4660e+02 1.4241e+02 1.4883e+02 1.5982e+02 1.3123e+02 1.4731e+02 1.3013e+02 1.6173e+02 1.4403e+02
  98.0000 1.4348e+02 1.2787e+02 1.5968e+02 1.2823e+02 1.5934e+02 1.4249e+02 1.4445e+02 1.4032e+02 1.4665e+02 1.5747e+02 1.2931e+02 1.4513e+02 1.2823e+02 1.5934e+02 1.4193e+02
  98.2500 1.4138e+02 1.2601e+02 1.5732e+02 1.2636e+02 1.5698e+02 1.4041e+02 1.4233e+02 1.3825e+02 1.4451e+02 1.5515e+02 1.2741e+02 1.4300e+02 1.2636e+02 1.5698e+02 1.3987e+02
  98.5000 1.3931e+02 1.2417e+02 1.5500e+02 1.2452e+02 1.5467e+02 1.3836e+02 1.4025e+02 1.3623e+02 1.4240e+02 1.5287e+02 1.2555e+02 1.4090e+02 1.2452e+02 1.5467e+02 1.3784e+02
  98.7500 1.3728e+02 1.2237e+02 1.5273e+02 1.2272e+02 1.5240e+02 1.3634e+02 1.3820e+02 1.3423e+02 1.4033e+02 1.5063e+02 1.2371e+02 1.3883e+02 1.2272e+02 1.5240e+02 1.3584e+02
  99.0000 1.3528e+02 1.2060e+02 1.5049e+02 1.2094e+02 1.5016e+02 1.3435e+02 1.3618e+02 1.3227e+02 1.3829e+02 1.4843e+02 1.2191e+02 1.3680e+02 1.2094e+02 1.5016e+02 1.3387e+02
  99.2500 1.3331e+02 1.1886e+02 1.4829e+02 1.1919e+02 1.4796e+02 1.3240e+02 1.3420e+02 1.3035e+02 1.3628e+02 1.4626e+02 1.2014e+02 1.3480e+02 1.1919e+02 1.4796e+02 1.3194e+02
  99.5000 1.3138e+02 1.1714e+02 1.4612e+02 1.1748e+02 1.4580e+02 1.3048e+02 1.3225e+02 1.2845e+02 1.3431e+02 1.4413e+02 1.1840e+02 1.3283e+02 1.1748e+02 1.4580e+02 1.3004e+02
  99.7500 1.2948e+02 1.1546e+02 1.4399e+02 1.1579e+02 1.4368e+02 1.2860e+02 1.3034e+02 1.2659e+02 1.3237e+02 1.4203e+02 1.1668e+02 1.3090e+02 1.1579e+02 1.4368e+02 1.2817e+02
 100.0000 1.2761e+02 1.1380e+02 1.4190e+02 1.1412e+02 1.4158e+02 1.2674e+02 1.2845e+02 1.2475e+02 1.3047e+02 1.3997e+02 1.1500e+02 1.2900e+02 1.1412e+02 1.4158e+02 1.2633e+02
 100.2500 1.2577e+02 1.1217e+02 1.3984e+02 1.1249e+02 1.3953e+02 1.2492e+02 1.2660e+02 1.2295e+02 1.2859e+02 1.3795e+02 1.1334e+02 1.2713e+02 1.1249e+02 1.3953e+02 1.2452e+02
 100.5000 1.2396e+02 1.1056e+02 1.3781e+02 1.1088e+02 1.3751e+02 1.2312e+02 1.2478e+02 1.2118e+02 1.2674e+02 1.3596e+02 1.1170e+02 1.2529e+02 1.1088e+02 1.3751e+02 1.2274e+02
 100.7500 1.2218e+02 1.0898e+02 1.3582e+02 1.0930e+02 1.3552e+02 1.2135e+02 1.2298e+02 1.1943e+02 1.2493e+02 1.3399e+02 1.1010e+02 1.2348e+02 1.0930e+02 1.3552e+02 1.2098e+02
 101.0000 1.2043e+02 1.0743e+02 1.3386e+02 1.0774e+02 1.3356e+02 1.1961e+02 1.2122e+02 1.1772e+02 1.2314e+02 1.3207e+02 1.0852e+02 1.2171e+02 1.0774e+02 1.3356e+02 1.1926e+02
 101.2500 1.1871e+02 1.0590e+02 1.3193e+02 1.0621e+02 1.3164e+02 1.1791e+02 1.1949e+02 1.1603e+02 1.2139e+02 1.3017e+02 1.0697e+02 1.1996e+02 1.0621e+02 1.3164e+02 1.1757e+02
 101.5000 1.1701e+02 1.0440e+02 1.3004e+02 1.0470e+02 1.2975e+02 1.1622e+02 1.1778e+02 1.1437e+02 1.1966e+02 1.2830e+02 1.0544e+02 1.1824e+02 1.0470e+02 1.2975e+02 1.1590e+02
 101.7500 1.1534e+02 1.0292e+02 1.2818e+02 1.0322e+02 1.2788e+02 1.1457e+02 1.1610e+02 1.1273e+02 1.1796e+02 1.2647e+02 1.0394e+02 1.1654e+02 1.0322e+02 1.2788e+02 1.1426e+02
 102.0000 1.1370e+02 1.0146e+02 1.2634e+02 1.0176e+02 1.2605e+02 1.1294e+02 1.1445e+02 1.1113e+02 1.1628e+02 1.2466e+02 1.0246e+02 1.1488e+02 1.0176e+02 1.2605e+02 1.1264e+02
 102.2500 1.1209e+02 1.0003e+02 1.2454e+02 1.0033e+02 1.2425e+02 1.1134e+02 1.1282e+02 1.0955e+02 1.1464e+02 1.2289e+02 1.0100e+02 1.1324e+02 1.0033e+02 1.2425e+02 1.1106e+02
 102.5000 1.1050e+02 9.8620e+01 1.2276e+02 9.8912e+01 1.2248e+02 1.0977e+02 1.1122e+02 1.0799e+02 1.1302e+02 1.2114e+02 9.9574e+01 1.1163e+02 9.8912e+01 1.2248e+02 1.0949e+02
 102.7500 1.0894e+02 9.7233e+01 1.2102e+02 9.7523e+01 1.2074e+02 1.0822e+02 1.0965e+02 1.0646e+02 1.1143e+02 1.1942e+02 9.8166e+01 1.1004e+02 9.7523e+01 1.2074e+02 1.0795e+02
 103.0000 1.0741e+02 9.5869e+01 1.1930e+02 9.6155e+01 1.1902e+02 1.0669e+02 1.0811e+02 1.0495e+02 1.0986e+02 1.1773e+02 9.6781e+01 1.0848e+02 9.6155e+01 1.1902e+02 1.0644e+02
 103.2500 1.0589e+02 9.4527e+01 1.1761e+02 9.4810e+01 1.1734e+02 1.0519e+02 1.0658e+02 1.0347e+02 1.0832e+02 1.1607e+02 9.5418e+01 1.0695e+02 9.4810e+01 1.1734e+02 1.0495e+02
 103.5000 1.0441e+02 9.3205e+01 1.1595e+02 9.3486e+01 1.1568e+02 1.0371e+02 1.0508e+02 1.0202e+02 1.0680e+02 1.1443e+02 9.4077e+01 1.0544e+02 9.3486e+01 1.1568e+02 1.0349e+02
 103.7500 1.0294e+02 9.1905e+01 1.1431e+02 9.2183e+01 1.1404e+02 1.0226e+02 1.0361e+02 1.0058e+02 1.0531e+02 1.1282e+02 9.2757e+01 1.0395e+02 9.2183e+01 1.1404e+02 1.0205e+02
 104.0000 1.0150e+02 9.0626e+01 1.1270e+02 9.0900e+01 1.1244e+02 1.0083e+02 1.0216e+02 9.9170e+01 1.0383e+02 1.1123e+02 9.1459e+01 1.0249e+02 9.0900e+01 1.1244e+02 1.0062e+02
 104.2500 1.0008e+02 8.9366e+01 1.1112e+02 8.9638e+01 1.1086e+02 9.9422e+01 1.0073e+02 9.7781e+01 1.0239e+02 1.0967e+02 9.0181e+01 1.0105e+02 8.9638e+01 1.1086e+02 9.9228e+01
 104.5000 9.8690e+01 8.8127e+01 1.0956e+02 8.8396e+01 1.0930e+02 9.8038e+01 9.9326e+01 9.6415e+01 1.0097e+02 1.0814e+02 8.8923e+01 9.9639e+01 8.8396e+01 1.0930e+02 9.7854e+01
 104.7500 9.7318e+01 8.6907e+01 1.0803e+02 8.7173e+01 1.0777e+02 9.6675e+01 9.7944e+01 9.5070e+01 9.9565e+01 1.0663e+02 8.7686e+01 9.8247e+01 8.7173e+01 1.0777e+02 9.6501e+01
 105.0000 9.5967e+01 8.5707e+01 1.0652e+02 8.5970e+01 1.0626e+02 9.5334e+01 9.6583e+01 9.3747e+01 9.8187e+01 1.0514e+02 8.6468e+01 9.6876e+01 8.5970e+01 1.0626e+02 9.5169e+01
 105.2500 9.4637e+01 8.4525e+01 1.0503e+02 8.4785e+01 1.0478e+02 9.4014e+01 9.5244e+01 9.2444e+01 9.6830e+01 1.0368e+02 8.5269e+01 9.5528e+01 8.4785e+01 1.0478e+02 9.3858e+01
 105.5000 9.3329e+01 8.3362e+01 1.0357e+02 8.3620e+01 1.0332e+02 9.2715e+01 9.3927e+01 9.1162e+01 9.5495e+01 1.0224e+02 8.4089e+01 9.4200e+01 8.3620e+01 1.0332e+02 9.2568e+01
 105.7500 9.2040e+01 8.2217e+01 1.0213e+02 8.2472e+01 1.0189e+02 9.1436e+01 9.2630e+01 8.9901e+01 9.4180e+01 1.0083e+02 8.2928e+01 9.2894e+01 8.2472e+01 1.0189e+02 9.1298e+01
 106.0000 9.0773e+01 8.1090e+01 1.0072e+02 8.1342e+01 1.0048e+02 9.0177e+01 9.1353e+01 8.8659e+01 9.2886e+01 9.9433e+01 8.1785e+01 9.1609e+01 8.1342e+01 1.0048e+02 9.0048e+01
 106.2500 8.9525e+01 7.9981e+01 9.9328e+01 8.0230e+01 9.9086e+01 8.8939e+01 9.0097e+01 8.7437e+01 9.1613e+01 9.8062e+01 8.0660e+01 9.0343e+01 8.0230e+01 9.9086e+01 8.8817e+01
 106.5000 8.8297e+01 7.8888e+01 9.7957e+01 7.9135e+01 9.7718e+01 8.7719e+01 8.8860e+01 8.6234e+01 9.0359e+01 9.6711e+01 7.9553e+01 8.9098e+01 7.9135e+01 9.7718e+01 8.7605e+01
 106.7500 8.7088e+01 7.7813e+01 9.6608e+01 7.8058e+01 9.6371e+01 8.6519e+01 8.7642e+01 8.5050e+01 8.9125e+01 9.5382e+01 7.8463e+01 8.7872e+01 7.8058e+01 9.6371e+01 8.6413e+01
 107.0000 8.5898e+01 7.6755e+01 9.5280e+01 7.6997e+01 9.5046e+01 8.5337e+01 8.6444e+01 8.3885e+01 8.7911e+01 9.4074e+01 7.7390e+01 8.6666e+01 7.6997e+01 9.5046e+01 8.5238e+01
 107.2500 8.4726e+01 7.5713e+01 9.3974e+01 7.5952e+01 9.3741e+01 8.4174e+01 8.5264e+01 8.2737e+01 8.6715e+01 9.2787e+01 7.6333e+01 8.5478e+01 7.5952e+01 9.3741e+01 8.4082e+01
 107.5000 8.3573e+01 7.4687e+01 9.2687e+01 7.4924e+01 9.2457e+01 8.3029e+01 8.4103e+01 8.1608e+01 8.5538e+01 9.1519e+01 7.5294e+01 8.4310e+01 7.4924e+01 9.2457e+01 8.2944e+01
 107.7500 8.2438e+01 7.3677e+01 9.1421e+01 7.3911e+01 9.1193e+01 8.1902e+01 8.2960e+01 8.0496e+01 8.4379e+01 9.0271e+01 7.4270e+01 8.3159e+01 7.3911e+01 9.1193e+01 8.1824e+01
 108.0000 8.1320e+01 7.2682e+01 9.0175e+01 7.2915e+01 8.9949e+01 8.0792e+01 8.1834e+01 7.9402e+01 8.3238e+01 8.9043e+01 7.3262e+01 8.2026e+01 7.2915e+01 8.9949e+01 8.0720e+01
 108.2500 8.0219e+01 7.1703e+01 8.8948e+01 7.1933e+01 8.8725e+01 7.9699e+01 8.0726e+01 7.8325e+01 8.2114e+01 8.7834e+01 7.2270e+01 8.0911e+01 7.1933e+01 8.8725e+01 7.9634e+01
 108.5000 7.9136e+01 7.0739e+01 8.7740e+01 7.0966e+01 8.7519e+01 7.8624e+01 7.9635e+01 7.7264e+01 8.1008e+01 8.6644e+01 7.1293e+01 7.9813e+01 7.0966e+01 8.7519e+01 7.8564e+01
 108.7500 7.8069e+01 6.9790e+01 8.6551e+01 7.0015e+01 8.6332e+01 7.7564e+01 7.8561e+01 7.6219e+01 7.9919e+01 8.5472e+01 7.0332e+01 7.8733e+01 7.0015e+01 8.6332e+01 7.7511e+01
 109.0000 7.7019e+01 6.8855e+01 8.5380e+01 6.9078e+01 8.5164e+01 7.6522e+01 7.7504e+01 7.5191e+01 7.8847e+01 8.4318e+01 6.9385e+01 7.7669e+01 6.9078e+01 8.5164e+01 7.6474e+01
 109.2500 7.5985e+01 6.7934e+01 8.4228e+01 6.8155e+01 8.4013e+01 7.5495e+01 7.6463e+01 7.4179e+01 7.7791e+01 8.3182e+01 6.8452e+01 7.6621e+01 6.8155e+01 8.4013e+01 7.5453e+01
 109.5000 7.4967e+01 6.7028e+01 8.3093e+01 6.7246e+01 8.2881e+01 7.4484e+01 7.5438e+01 7.3182e+01 7.6751e+01 8.2064e+01 6.7534e+01 7.5590e+01 6.7246e+01 8.2881e+01 7.4447e+01
 109.7500 7.3964e+01 6.6135e+01 8.1976e+01 6.6351e+01 8.1766e+01 7.3488e+01 7.4428e+01 7.2201e+01 7.5728e+01 8.0963e+01 6.6630e+01 7.4574e+01 6.6351e+01 8.1766e+01 7.3456e+01
 110.0000 7.2977e+01 6.5256e+01 8.0877e+01 6.5470e+01 8.0668e+01 7.2508e+01 7.3434e+01 7.1234e+01 7.4720e+01 7.9879e+01 6.5740e+01 7.3575e+01 6.5470e+01 8.0668e+01 7.2481e+01
 110.2500 7.2005e+01 6.4390e+01 7.9794e+01 6.4602e+01 7.9588e+01 7.1542e+01 7.2456e+01 7.0282e+01 7.3727e+01 7.8811e+01 6.4864e+01 7.2590e+01 6.4602e+01 7.9588e+01 7.1520e+01
 110.5000 7.1047e+01 6.3537e+01 7.8727e+01 6.3747e+01 7.8523e+01 7.0591e+01 7.1492e+01 6.9345e+01 7.2749e+01 7.7760e+01 6.4001e+01 7.1621e+01 6.3747e+01 7.8523e+01 7.0574e+01
 110.7500 7.0105e+01 6.2698e+01 7.7678e+01 6.2905e+01 7.7475e+01 6.9655e+01 7.0543e+01 6.8422e+01 7.1786e+01 7.6725e+01 6.3151e+01 7.0666e+01 6.2905e+01 7.7475e+01 6.9643e+01
 111.0000 6.9176e+01 6.1871e+01 7.6644e+01 6.2076e+01 7.6444e+01 6.8733e+01 6.9608e+01 6.7514e+01 7.0838e+01 7.5706e+01 6.2313e+01 6.9726e+01 6.2076e+01 7.6444e+01 6.8725e+01
 111.2500 6.8262e+01 6.1056e+01 7.5626e+01 6.1259e+01 7.5428e+01 6.7825e+01 6.8687e+01 6.6619e+01 6.9904e+01 7.4702e+01 6.1489e+01 6.8801e+01 6.1259e+01 7.5428e+01 6.7821e+01
 111.5000 6.7361e+01 6.0254e+01 7.4623e+01 6.0455e+01 7.4427e+01 6.6931e+01 6.7781e+01 6.5738e+01 6.8985e+01 7.3714e+01 6.0677e+01 6.7889e+01 6.0455e+01 7.4427e+01 6.6931e+01
 111.7500 6.6474e+01 5.9463e+01 7.3636e+01 5.9663e+01 7.3442e+01 6.6050e+01 6.6888e+01 6.4870e+01 6.8079e+01 7.2741e+01 5.9877e+01 6.6992e+01 5.9663e+01 7.3442e+01 6.6054e+01
 112.0000 6.5601e+01 5.8685e+01 7.2664e+01 5.8882e+01 7.2472e+01 6.5182e+01 6.6009e+01 6.4015e+01 6.7186e+01 7.1782e+01 5.9090e+01 6.6108e+01 5.8882e+01 7.2472e+01 6.5190e+01
 112.2500 6.4740e+01 5.7918e+01 7.1707e+01 5.8114e+01 7.1516e+01 6.4328e+01 6.5143e+01 6.3173e+01 6.6308e+01 7.0838e+01 5.8314e+01 6.5237e+01 5.8114e+01 7.1516e+01 6.4339e+01
 112.5000 6.3893e+01 5.7163e+01 7.0764e+01 5.7356e+01 7.0576e+01 6.3486e+01 6.4290e+01 6.2344e+01 6.5442e+01 6.9908e+01 5.7550e+01 6.4379e+01 5.7356e+01 7.0576e+01 6.3501e+01
 112.7500 6.3058e+01 5.6419e+01 6.9836e+01 5.6610e+01 6.9649e+01 6.2657e+01 6.3449e+01 6.1527e+01 6.4590e+01 6.8993e+01 5.6798e+01 6.3535e+01 5.6610e+01 6.9649e+01 6.2676e+01
 113.0000 6.2236e+01 5.5686e+01 6.8921e+01 5.5876e+01 6.8736e+01 6.1841e+01 6.2622e+01 6.0723e+01 6.3750e+01 6.8091e+01 5.6056e+01 6.2703e+01 5.5876e+01 6.8736e+01 6.1862e+01
 113.2500 6.1426e+01 5.4964e+01 6.8021e+01 5.5152e+01 6.7837e+01 6.1036e+01 6.1807e+01 5.9930e+01 6.2922e+01 6.7203e+01 5.5326e+01 6.1884e+01 5.5152e+01 6.7837e+01 6.1061e+01
 113.5000 6.0629e+01 5.4253e+01 6.7133e+01 5.4438e+01 6.6952e+01 6.0244e+01 6.1004e+01 5.9150e+01 6.2107e+01 6.6328e+01 5.4607e+01 6.1077e+01 5.4438e+01 6.6952e+01 6.0272e+01
 113.7500 5.9843e+01 5.3552e+01 6.6260e+01 5.3736e+01 6.6080e+01 5.9463e+01 6.0213e+01 5.8381e+01 6.1304e+01 6.5466e+01 5.3898e+01 6.0282e+01 5.3736e+01 6.6080e+01 5.9494e+01
 114.0000 5.9069e+01 5.2861e+01 6.5399e+01 5.3044e+01 6.5221e+01 5.8694e+01 5.9434e+01 5.7624e+01 6.0514e+01 6.4617e+01 5.3200e+01 5.9500e+01 5.3044e+01 6.5221e+01 5.8728e+01
 114.2500 5.8306e+01 5.2181e+01 6.4551e+01 5.2362e+01 6.4375e+01 5.7937e+01 5.8666e+01 5.6878e+01 5.9734e+01 6.3781e+01 5.2513e+01 5.8728e+01 5.2362e+01 6.4375e+01 5.7973e+01
 114.5000 5.7555e+01 5.1511e+01 6.3716e+01 5.1690e+01 6.3542e+01 5.7191e+01 5.7910e+01 5.6143e+01 5.8967e+01 6.2957e+01 5.1836e+01 5.7969e+01 5.1690e+01 6.3542e+01 5.7230e+01
 114.7500 5.6814e+01 5.0851e+01 6.2893e+01 5.1027e+01 6.2721e+01 5.6455e+01 5.7164e+01 5.5419e+01 5.8210e+01 6.2145e+01 5.1168e+01 5.7220e+01 5.1027e+01 6.2721e+01 5.6497e+01
 115.0000 5.6085e+01 5.0200e+01 6.2082e+01 5.0375e+01 6.1911e+01 5.5730e+01 5.6430e+01 5.4705e+01 5.7464e+01 6.1345e+01 5.0510e+01 5.6483e+01 5.0375e+01 6.1911e+01 5.5775e+01
 115.2500 5.5365e+01 4.9558e+01 6.1283e+01 4.9731e+01 6.1114e+01 5.5016e+01 5.5706e+01 5.4001e+01 5.6730e+01 6.0557e+01 4.9862e+01 5.5755e+01 4.9731e+01 6.1114e+01 5.5063e+01
 115.5000 5.4657e+01 4.8926e+01 6.0496e+01 4.9097e+01 6.0328e+01 5.4312e+01 5.4993e+01 5.3308e+01 5.6005e+01 5.9780e+01 4.9223e+01 5.5039e+01 4.9097e+01 6.0328e+01 5.4361e+01
 115.7500 5.3958e+01 4.8303e+01 5.9720e+01 4.8473e+01 5.9553e+01 5.3618e+01 5.4290e+01 5.2625e+01 5.5292e+01 5.9014e+01 4.8593e+01 5.4333e+01 4.8473e+01 5.9553e+01 5.3669e+01
 116.0000 5.3270e+01 4.7688e+01 5.8955e+01 4.7857e+01 5.8790e+01 5.2934e+01 5.3597e+01 5.1952e+01 5.4588e+01 5.8260e+01 4.7972e+01 5.3637e+01 4.7857e+01 5.8790e+01 5.2988e+01
 116.2500 5.2591e+01 4.7083e+01 5.8201e+01 4.7250e+01 5.8038e+01 5.2261e+01 5.2914e+01 5.1288e+01 5.3895e+01 5.7516e+01 4.7361e+01 5.2951e+01 4.7250e+01 5.8038e+01 5.2316e+01
 116.5000 5.1923e+01 4.6486e+01 5.7458e+01 4.6651e+01 5.7296e+01 5.1596e+01 5.2241e+01 5.0634e+01 5.3211e+01 5.6783e+01 4.6758e+01 5.2275e+01 4.6651e+01 5.7296e+01 5.1654e+01
 116.7500 5.1263e+01 4.5898e+01 5.6726e+01 4.6061e+01 5.6566e+01 5.0941e+01 5.1578e+01 4.9989e+01 5.2537e+01 5.6061e+01 4.6163e+01 5.1609e+01 4.6061e+01 5.6566e+01 5.1001e+01
 117.0000 5.0614e+01 4.5318e+01 5.6004e+01 4.5480e+01 5.5845e+01 5.0296e+01 5.0924e+01 4.9354e+01 5.1873e+01 5.5348e+01 4.5578e+01 5.0952e+01 4.5480e+01 5.5845e+01 5.0358e+01
 117.2500 4.9973e+01 4.4747e+01 5.5292e+01 4.4907e+01 5.5136e+01 4.9660e+01 5.0279e+01 4.8728e+01 5.1219e+01 5.4647e+01 4.5000e+01 5.0305e+01 4.4907e+01 5.5136e+01 4.9723e+01
 117.5000 4.9342e+01 4.4183e+01 5.4591e+01 4.4342e+01 5.4436e+01 4.9033e+01 4.9644e+01 4.8110e+01 5.0574e+01 5.3955e+01 4.4431e+01 4.9667e+01 4.4342e+01 5.4436e+01 4.9098e+01
 117.7500 4.8720e+01 4.3628e+01 5.3900e+01 4.3785e+01 5.3746e+01 4.8414e+01 4.9017e+01 4.7502e+01 4.9937e+01 5.3273e+01 4.3870e+01 4.9038e+01 4.3785e+01 5.3746e+01 4.8482e+01
 118.0000 4.8106e+01 4.3080e+01 5.3219e+01 4.3236e+01 5.3066e+01 4.7805e+01 4.8400e+01 4.6902e+01 4.9310e+01 5.2600e+01 4.3317e+01 4.8418e+01 4.3236e+01 5.3066e+01 4.7874e+01
 118.2500 4.7501e+01 4.2540e+01 5.2547e+01 4.2695e+01 5.2396e+01 4.7204e+01 4.7791e+01 4.6310e+01 4.8692e+01 5.1938e+01 4.2772e+01 4.7807e+01 4.2695e+01 5.2396e+01 4.7275e+01
 118.5000 4.6905e+01 4.2008e+01 5.1885e+01 4.2161e+01 5.1735e+01 4.6612e+01 4.7191e+01 4.5728e+01 4.8083e+01 5.1284e+01 4.2234e+01 4.7204e+01 4.2161e+01 5.1735e+01 4.6684e+01
 118.7500 4.6317e+01 4.1484e+01 5.1232e+01 4.1635e+01 5.1084e+01 4.6028e+01 4.6600e+01 4.5153e+01 4.7482e+01 5.0640e+01 4.1705e+01 4.6610e+01 4.1635e+01 5.1084e+01 4.6102e+01
 119.0000 4.5738e+01 4.0966e+01 5.0589e+01 4.1116e+01 5.0442e+01 4.5453e+01 4.6017e+01 4.4586e+01 4.6889e+01 5.0005e+01 4.1182e+01 4.6025e+01 4.1116e+01 5.0442e+01 4.5528e+01
 119.2500 4.5167e+01 4.0456e+01 4.9955e+01 4.0605e+01 4.9809e+01 4.4885e+01 4.5442e+01 4.4028e+01 4.6306e+01 4.9379e+01 4.0667e+01 4.5448e+01 4.0605e+01 4.9809e+01 4.4962e+01
 119.5000 4.4603e+01 3.9954e+01 4.9329e+01 4.0101e+01 4.9185e+01 4.4325e+01 4.4875e+01 4.3477e+01 4.5730e+01 4.8762e+01 4.0160e+01 4.4879e+01 4.0101e+01 4.9185e+01 4.4404e+01
 119.7500 4.4048e+01 3.9458e+01 4.8713e+01 3.9603e+01 4.8570e+01 4.3774e+01 4.4316e+01 4.2934e+01 4.5162e+01 4.8154e+01 3.9659e+01 4.4318e+01 3.9603e+01 4.8570e+01 4.3854e+01
 120.0000 4.3501e+01 3.8969e+01 4.8105e+01 3.9113e+01 4.7964e+01 4.3230e+01 4.3765e+01 4.2399e+01 4.4602e+01 4.7554e+01 3.9166e+01 4.3765e+01 3.9113e+01 4.7964e+01 4.3312e+01
