   5.0000 1.8948e+07 1.2039e+07 2.7575e+07 1.2796e+07 2.6850e+07 1.6536e+07 2.1765e+07 1.6933e+07 2.0963e+07
   5.2500 1.7763e+07 1.1444e+07 2.5820e+07 1.2135e+07 2.5178e+07 1.5566e+07 2.0314e+07 1.5911e+07 1.9615e+07
   5.5000 1.6607e+07 1.0845e+07 2.4109e+07 1.1475e+07 2.3541e+07 1.4612e+07 1.8912e+07 1.4908e+07 1.8306e+07
   5.7500 1.5492e+07 1.0249e+07 2.2458e+07 1.0822e+07 2.1956e+07 1.3684e+07 1.7571e+07 1.3936e+07 1.7047e+07
   6.0000 1.4425e+07 9.6624e+06 2.0881e+07 1.0184e+07 2.0437e+07 1.2789e+07 1.6298e+07 1.3003e+07 1.5848e+07
   6.2500 1.3412e+07 9.0909e+06 1.9383e+07 9.5653e+06 1.8991e+07 1.1934e+07 1.5097e+07 1.2112e+07 1.4712e+07
   6.5000 1.2456e+07 8.5382e+06 1.7971e+07 8.9693e+06 1.7624e+07 1.1120e+07 1.3972e+07 1.1269e+07 1.3643e+07
   6.7500 1.1558e+07 8.0080e+06 1.6645e+07 8.3998e+06 1.6337e+07 1.0352e+07 1.2921e+07 1.0474e+07 1.2641e+07
   7.0000 1.0717e+07 7.5002e+06 1.5405e+07 7.8560e+06 1.5133e+07 9.6285e+06 1.1944e+07 9.7282e+06 1.1706e+07
   7.2500 9.9333e+06 7.0166e+06 1.4251e+07 7.3399e+06 1.4008e+07 8.9503e+06 1.1037e+07 9.0306e+06 1.0836e+07
   7.5000 9.2043e+06 6.5626e+06 1.3178e+07 6.8568e+06 1.2963e+07 8.3164e+06 1.0199e+07 8.3801e+06 1.0029e+07
   7.7500 8.5278e+06 6.1368e+06 1.2184e+07 6.4050e+06 1.1992e+07 7.7254e+06 9.4238e+06 7.7749e+06 9.2807e+06
   8.0000 7.9011e+06 5.7064e+06 1.1265e+07 5.9474e+06 1.1093e+07 7.1756e+06 8.7092e+06 7.2131e+06 8.5892e+06
   8.2500 7.3214e+06 5.3012e+06 1.0415e+07 5.5174e+06 1.0262e+07 6.6649e+06 8.0508e+06 6.6923e+06 7.9505e+06
   8.5000 6.7857e+06 4.9256e+06 9.6317e+06 5.1199e+06 9.4938e+06 6.1912e+06 7.4447e+06 6.2102e+06 7.3613e+06
   8.7500 6.2912e+06 4.5779e+06 8.9094e+06 4.7527e+06 8.7856e+06 5.7522e+06 6.8871e+06 5.7642e+06 6.8182e+06
   9.0000 5.8348e+06 4.2563e+06 8.2442e+06 4.4137e+06 8.1328e+06 5.3459e+06 6.3743e+06 5.3519e+06 6.3178e+06
   9.2500 5.4139e+06 3.9588e+06 7.6317e+06 4.1008e+06 7.5313e+06 4.9699e+06 5.9028e+06 4.9711e+06 5.8568e+06
   9.5000 5.0258e+06 3.6837e+06 7.0679e+06 3.8121e+06 6.9773e+06 4.6221e+06 5.4694e+06 4.6193e+06 5.4322e+06
   9.7500 4.6679e+06 3.4293e+06 6.5492e+06 3.5456e+06 6.4672e+06 4.3005e+06 5.0708e+06 4.2945e+06 5.0413e+06
  10.0000 4.3379e+06 3.1942e+06 6.0721e+06 3.2996e+06 5.9978e+06 4.0031e+06 4.7044e+06 3.9945e+06 4.6813e+06
  10.2500 4.0337e+06 2.9768e+06 5.6331e+06 3.0725e+06 5.5656e+06 3.7282e+06 4.3674e+06 3.7176e+06 4.3497e+06
  10.5000 3.7530e+06 2.7759e+06 5.2289e+06 2.8629e+06 5.1676e+06 3.4741e+06 4.0573e+06 3.4619e+06 4.0442e+06
  10.7500 3.4941e+06 2.5900e+06 4.8567e+06 2.6693e+06 4.8008e+06 3.2391e+06 3.7717e+06 3.2257e+06 3.7625e+06
  11.0000 3.2550e+06 2.4181e+06 4.5136e+06 2.4904e+06 4.4626e+06 3.0218e+06 3.5086e+06 3.0073e+06 3.5026e+06
  11.2500 3.0341e+06 2.2591e+06 4.1972e+06 2.3250e+06 4.1507e+06 2.8206e+06 3.2659e+06 2.8054e+06 3.2627e+06
  11.5000 2.8299e+06 2.1117e+06 3.9052e+06 2.1720e+06 3.8626e+06 2.6343e+06 3.0420e+06 2.6186e+06 3.0412e+06
  11.7500 2.6410e+06 1.9752e+06 3.6355e+06 2.0303e+06 3.5966e+06 2.4617e+06 2.8352e+06 2.4457e+06 2.8363e+06
  12.0000 2.4665e+06 1.8488e+06 3.3869e+06 1.8992e+06 3.3513e+06 2.3019e+06 2.6444e+06 2.2857e+06 2.6472e+06
  12.2500 2.3052e+06 1.7315e+06 3.1579e+06 1.7778e+06 3.1252e+06 2.1540e+06 2.4685e+06 2.1377e+06 2.4726e+06
  12.5000 2.1559e+06 1.6228e+06 2.9465e+06 1.6652e+06 2.9165e+06 2.0168e+06 2.3060e+06 2.0006e+06 2.3112e+06
  12.7500 2.0177e+06 1.5218e+06 2.7513e+06 1.5608e+06 2.7236e+06 1.8896e+06 2.1557e+06 1.8735e+06 2.1618e+06
  13.0000 1.8895e+06 1.4279e+06 2.5707e+06 1.4639e+06 2.5452e+06 1.7714e+06 2.0166e+06 1.7556e+06 2.0234e+06
  13.2500 1.7706e+06 1.3406e+06 2.4035e+06 1.3738e+06 2.3800e+06 1.6616e+06 1.8877e+06 1.6461e+06 1.8951e+06
  13.5000 1.6601e+06 1.2594e+06 2.2485e+06 1.2900e+06 2.2268e+06 1.5594e+06 1.7681e+06 1.5442e+06 1.7760e+06
  13.7500 1.5574e+06 1.1837e+06 2.1047e+06 1.2119e+06 2.0846e+06 1.4643e+06 1.6571e+06 1.4494e+06 1.6652e+06
  14.0000 1.4617e+06 1.1131e+06 1.9711e+06 1.1392e+06 1.9526e+06 1.3756e+06 1.5539e+06 1.3612e+06 1.5623e+06
  14.2500 1.3727e+06 1.0473e+06 1.8470e+06 1.0714e+06 1.8298e+06 1.2930e+06 1.4578e+06 1.2789e+06 1.4664e+06
  14.5000 1.2897e+06 9.8580e+05 1.7315e+06 1.0082e+06 1.7155e+06 1.2158e+06 1.3685e+06 1.2022e+06 1.3771e+06
  14.7500 1.2125e+06 9.2856e+05 1.6244e+06 9.4930e+05 1.6096e+06 1.1441e+06 1.2855e+06 1.1309e+06 1.2942e+06
  15.0000 1.1408e+06 8.7523e+05 1.5250e+06 8.9448e+05 1.5112e+06 1.0773e+06 1.2084e+06 1.0645e+06 1.2171e+06
  15.2500 1.0740e+06 8.2549e+05 1.4327e+06 8.4336e+05 1.4199e+06 1.0151e+06 1.1367e+06 1.0027e+06 1.1454e+06
  15.5000 1.0118e+06 7.7904e+05 1.3468e+06 7.9564e+05 1.3349e+06 9.5706e+05 1.0700e+06 9.4505e+05 1.0786e+06
  15.7500 9.5375e+05 7.3563e+05 1.2669e+06 7.5107e+05 1.2558e+06 9.0286e+05 1.0078e+06 8.9124e+05 1.0163e+06
  16.0000 8.9954e+05 6.9501e+05 1.1924e+06 7.0938e+05 1.1821e+06 8.5221e+05 9.4972e+05 8.4098e+05 9.5811e+05
  16.2500 8.4888e+05 6.5698e+05 1.1230e+06 6.7036e+05 1.1133e+06 8.0481e+05 8.9553e+05 7.9397e+05 9.0379e+05
  16.5000 8.0148e+05 6.2133e+05 1.0582e+06 6.3381e+05 1.0492e+06 7.6043e+05 8.4489e+05 7.4996e+05 8.5300e+05
  16.7500 7.5710e+05 5.8789e+05 9.9759e+05 5.9953e+05 9.8918e+05 7.1884e+05 7.9752e+05 7.0874e+05 8.0547e+05
  17.0000 7.1552e+05 5.5650e+05 9.4096e+05 5.6736e+05 9.3310e+05 6.7983e+05 7.5317e+05 6.7009e+05 7.6094e+05
  17.2500 6.7651e+05 5.2700e+05 8.8795e+05 5.3715e+05 8.8060e+05 6.4320e+05 7.1162e+05 6.3382e+05 7.1920e+05
  17.5000 6.3990e+05 4.9926e+05 8.3831e+05 5.0875e+05 8.3143e+05 6.0879e+05 6.7265e+05 5.9975e+05 6.8005e+05
  17.7500 6.0551e+05 4.7315e+05 7.9178e+05 4.8203e+05 7.8533e+05 5.7644e+05 6.3608e+05 5.6774e+05 6.4328e+05
  18.0000 5.7326e+05 4.4863e+05 7.4822e+05 4.5695e+05 7.4217e+05 5.4607e+05 6.0181e+05 5.3770e+05 6.0881e+05
  18.2500 5.4301e+05 4.2560e+05 7.0744e+05 4.3339e+05 7.0176e+05 5.1758e+05 5.6970e+05 5.0952e+05 5.7650e+05
  18.5000 5.1462e+05 4.0396e+05 6.6924e+05 4.1126e+05 6.6391e+05 4.9082e+05 5.3957e+05 4.8306e+05 5.4618e+05
  18.7500 4.8796e+05 3.8360e+05 6.3342e+05 3.9045e+05 6.2842e+05 4.6567e+05 5.1130e+05 4.5821e+05 5.1772e+05
  19.0000 4.6291e+05 3.6444e+05 5.9982e+05 3.7087e+05 5.9512e+05 4.4202e+05 4.8476e+05 4.3484e+05 4.9098e+05
  19.2500 4.3935e+05 3.4640e+05 5.6829e+05 3.5243e+05 5.6387e+05 4.1977e+05 4.5980e+05 4.1286e+05 4.6584e+05
  19.5000 4.1718e+05 3.2939e+05 5.3866e+05 3.3506e+05 5.3450e+05 3.9881e+05 4.3634e+05 3.9216e+05 4.4219e+05
  19.7500 3.9630e+05 3.1335e+05 5.1082e+05 3.1868e+05 5.0690e+05 3.7906e+05 4.1426e+05 3.7267e+05 4.1993e+05
  20.0000 3.7662e+05 2.9821e+05 4.8463e+05 3.0322e+05 4.8094e+05 3.6044e+05 3.9347e+05 3.5429e+05 3.9896e+05
  20.2500 3.5807e+05 2.8391e+05 4.5998e+05 2.8863e+05 4.5651e+05 3.4288e+05 3.7388e+05 3.3696e+05 3.7920e+05
  20.5000 3.4057e+05 2.7041e+05 4.3677e+05 2.7484e+05 4.3350e+05 3.2629e+05 3.5541e+05 3.2060e+05 3.6056e+05
  20.7500 3.2405e+05 2.5764e+05 4.1491e+05 2.6182e+05 4.1182e+05 3.1063e+05 3.3799e+05 3.0515e+05 3.4296e+05
  21.0000 3.0845e+05 2.4555e+05 3.9429e+05 2.4949e+05 3.9137e+05 2.9582e+05 3.2155e+05 2.9055e+05 3.2636e+05
  21.2500 2.9371e+05 2.3412e+05 3.7484e+05 2.3783e+05 3.7209e+05 2.8182e+05 3.0602e+05 2.7675e+05 3.1067e+05
  21.5000 2.7976e+05 2.2329e+05 3.5649e+05 2.2679e+05 3.5389e+05 2.6857e+05 2.9134e+05 2.6369e+05 2.9584e+05
  21.7500 2.6657e+05 2.1303e+05 3.3916e+05 2.1633e+05 3.3670e+05 2.5603e+05 2.7747e+05 2.5134e+05 2.8181e+05
  22.0000 2.5409e+05 2.0330e+05 3.2279e+05 2.0643e+05 3.2047e+05 2.4416e+05 2.6435e+05 2.3964e+05 2.6854e+05
  22.2500 2.4229e+05 1.9410e+05 3.0734e+05 1.9705e+05 3.0514e+05 2.3292e+05 2.5196e+05 2.2858e+05 2.5600e+05
  22.5000 2.3113e+05 1.8538e+05 2.9274e+05 1.8817e+05 2.9066e+05 2.2229e+05 2.4023e+05 2.1811e+05 2.4414e+05
  22.7500 2.2056e+05 1.7711e+05 2.7895e+05 1.7975e+05 2.7698e+05 2.1222e+05 2.2914e+05 2.0820e+05 2.3292e+05
  23.0000 2.1055e+05 1.6928e+05 2.6590e+05 1.7177e+05 2.6403e+05 2.0268e+05 2.1865e+05 1.9881e+05 2.2229e+05
  23.2500 2.0107e+05 1.6184e+05 2.5356e+05 1.6420e+05 2.5179e+05 1.9364e+05 2.0871e+05 1.8991e+05 2.1223e+05
  23.5000 1.9208e+05 1.5479e+05 2.4188e+05 1.5702e+05 2.4020e+05 1.8506e+05 1.9929e+05 1.8147e+05 2.0269e+05
  23.7500 1.8356e+05 1.4809e+05 2.3082e+05 1.5021e+05 2.2923e+05 1.7692e+05 1.9036e+05 1.7347e+05 1.9364e+05
  24.0000 1.7547e+05 1.4173e+05 2.2034e+05 1.4373e+05 2.1883e+05 1.6920e+05 1.8190e+05 1.6587e+05 1.8507e+05
  24.2500 1.6780e+05 1.3568e+05 2.1042e+05 1.3758e+05 2.0898e+05 1.6187e+05 1.7387e+05 1.5866e+05 1.7693e+05
  24.5000 1.6051e+05 1.2993e+05 2.0100e+05 1.3173e+05 1.9964e+05 1.5490e+05 1.6625e+05 1.5181e+05 1.6920e+05
  24.7500 1.5358e+05 1.2446e+05 1.9207e+05 1.2617e+05 1.9078e+05 1.4828e+05 1.5901e+05 1.4530e+05 1.6187e+05
  25.0000 1.4700e+05 1.1926e+05 1.8360e+05 1.2088e+05 1.8237e+05 1.4198e+05 1.5214e+05 1.3912e+05 1.5490e+05
  25.2500 1.4075e+05 1.1430e+05 1.7556e+05 1.1584e+05 1.7439e+05 1.3599e+05 1.4561e+05 1.3323e+05 1.4827e+05
  25.5000 1.3480e+05 1.0959e+05 1.6792e+05 1.1105e+05 1.6681e+05 1.3030e+05 1.3940e+05 1.2763e+05 1.4197e+05
  25.7500 1.2914e+05 1.0509e+05 1.6067e+05 1.0648e+05 1.5961e+05 1.2487e+05 1.3350e+05 1.2230e+05 1.3598e+05
  26.0000 1.2376e+05 1.0081e+05 1.5377e+05 1.0213e+05 1.5276e+05 1.1971e+05 1.2788e+05 1.1723e+05 1.3028e+05
  26.2500 1.1863e+05 9.6730e+04 1.4722e+05 9.7987e+04 1.4626e+05 1.1479e+05 1.2254e+05 1.1240e+05 1.2485e+05
  26.5000 1.1374e+05 9.2838e+04 1.4098e+05 9.4033e+04 1.4007e+05 1.1010e+05 1.1745e+05 1.0780e+05 1.1968e+05
  26.7500 1.0908e+05 8.9124e+04 1.3505e+05 9.0261e+04 1.3418e+05 1.0563e+05 1.1260e+05 1.0341e+05 1.1476e+05
  27.0000 1.0465e+05 8.5581e+04 1.2941e+05 8.6663e+04 1.2857e+05 1.0137e+05 1.0798e+05 9.9232e+04 1.1007e+05
  27.2500 1.0042e+05 8.2201e+04 1.2403e+05 8.3232e+04 1.2324e+05 9.7305e+04 1.0359e+05 9.5246e+04 1.0560e+05
  27.5000 9.6392e+04 7.8975e+04 1.1892e+05 7.9957e+04 1.1816e+05 9.3432e+04 9.9397e+04 9.1446e+04 1.0134e+05
  27.7500 9.2550e+04 7.5897e+04 1.1405e+05 7.6832e+04 1.1333e+05 8.9736e+04 9.5404e+04 8.7821e+04 9.7280e+04
  28.0000 8.8885e+04 7.2957e+04 1.0941e+05 7.3849e+04 1.0872e+05 8.6210e+04 9.1596e+04 8.4362e+04 9.3408e+04
  28.2500 8.5387e+04 7.0149e+04 1.0499e+05 7.1000e+04 1.0433e+05 8.2844e+04 8.7964e+04 8.1061e+04 8.9714e+04
  28.5000 8.2049e+04 6.7467e+04 1.0077e+05 6.8277e+04 1.0014e+05 7.9630e+04 8.4498e+04 7.7909e+04 8.6189e+04
  28.7500 7.8862e+04 6.4902e+04 9.6751e+04 6.5676e+04 9.6150e+04 7.6560e+04 8.1190e+04 7.4899e+04 8.2824e+04
  29.0000 7.5817e+04 6.2451e+04 9.2915e+04 6.3189e+04 9.2341e+04 7.3627e+04 7.8032e+04 7.2024e+04 7.9611e+04
  29.2500 7.2909e+04 6.0106e+04 8.9255e+04 6.0811e+04 8.8707e+04 7.0823e+04 7.5016e+04 6.9275e+04 7.6542e+04
  29.5000 7.0129e+04 5.7864e+04 8.5762e+04 5.8536e+04 8.5237e+04 6.8143e+04 7.2134e+04 6.6648e+04 7.3609e+04
  29.7500 6.7471e+04 5.5717e+04 8.2426e+04 5.6360e+04 8.1924e+04 6.5580e+04 6.9380e+04 6.4136e+04 7.0806e+04
  30.0000 6.4930e+04 5.3663e+04 7.9240e+04 5.4277e+04 7.8759e+04 6.3128e+04 6.6748e+04 6.1734e+04 6.8126e+04
  30.2500 6.2499e+04 5.1696e+04 7.6195e+04 5.2283e+04 7.5735e+04 6.0781e+04 6.4230e+04 5.9434e+04 6.5564e+04
  30.5000 6.0173e+04 4.9812e+04 7.3286e+04 5.0374e+04 7.2845e+04 5.8535e+04 6.1823e+04 5.7234e+04 6.3112e+04
  30.7500 5.7947e+04 4.8007e+04 7.0504e+04 4.8544e+04 7.0082e+04 5.6385e+04 5.9519e+04 5.5128e+04 6.0766e+04
  31.0000 5.5816e+04 4.6278e+04 6.7844e+04 4.6792e+04 6.7440e+04 5.4326e+04 5.7314e+04 5.3111e+04 5.8520e+04
  31.2500 5.3775e+04 4.4620e+04 6.5300e+04 4.5112e+04 6.4913e+04 5.2353e+04 5.5204e+04 5.1179e+04 5.6370e+04
  31.5000 5.1820e+04 4.3031e+04 6.2866e+04 4.3501e+04 6.2494e+04 5.0463e+04 5.3183e+04 4.9328e+04 5.4311e+04
  31.7500 4.9946e+04 4.1507e+04 6.0536e+04 4.1957e+04 6.0180e+04 4.8651e+04 5.1247e+04 4.7554e+04 5.2338e+04
  32.0000 4.8151e+04 4.0045e+04 5.8305e+04 4.0476e+04 5.7964e+04 4.6914e+04 4.9393e+04 4.5854e+04 5.0448e+04
  32.2500 4.6430e+04 3.8641e+04 5.6170e+04 3.9055e+04 5.5842e+04 4.5249e+04 4.7616e+04 4.4223e+04 4.8637e+04
  32.5000 4.4780e+04 3.7295e+04 5.4124e+04 3.7691e+04 5.3809e+04 4.3651e+04 4.5912e+04 4.2659e+04 4.6900e+04
  32.7500 4.3197e+04 3.6002e+04 5.2164e+04 3.6382e+04 5.1862e+04 4.2118e+04 4.4279e+04 4.1159e+04 4.5235e+04
  33.0000 4.1679e+04 3.4761e+04 5.0285e+04 3.5125e+04 4.9996e+04 4.0647e+04 4.2712e+04 3.9720e+04 4.3638e+04
  33.2500 4.0222e+04 3.3569e+04 4.8485e+04 3.3918e+04 4.8207e+04 3.9236e+04 4.1210e+04 3.8338e+04 4.2105e+04
  33.5000 3.8824e+04 3.2425e+04 4.6760e+04 3.2760e+04 4.6492e+04 3.7880e+04 3.9769e+04 3.7012e+04 4.0635e+04
  33.7500 3.7482e+04 3.1326e+04 4.5105e+04 3.1647e+04 4.4848e+04 3.6580e+04 3.8386e+04 3.5739e+04 3.9225e+04
  34.0000 3.6194e+04 3.0269e+04 4.3519e+04 3.0578e+04 4.3272e+04 3.5330e+04 3.7058e+04 3.4517e+04 3.7871e+04
  34.2500 3.4958e+04 2.9254e+04 4.1996e+04 2.9550e+04 4.1759e+04 3.4130e+04 3.5784e+04 3.3343e+04 3.6571e+04
  34.5000 3.3769e+04 2.8278e+04 4.0536e+04 2.8563e+04 4.0307e+04 3.2978e+04 3.4561e+04 3.2216e+04 3.5323e+04
  34.7500 3.2628e+04 2.7340e+04 3.9134e+04 2.7613e+04 3.8914e+04 3.1870e+04 3.3386e+04 3.1132e+04 3.4124e+04
  35.0000 3.1531e+04 2.6438e+04 3.7788e+04 2.6700e+04 3.7576e+04 3.0805e+04 3.2256e+04 3.0090e+04 3.2971e+04
  35.2500 3.0477e+04 2.5570e+04 3.6495e+04 2.5822e+04 3.6292e+04 2.9781e+04 3.1172e+04 2.9089e+04 3.1864e+04
  35.5000 2.9464e+04 2.4735e+04 3.5254e+04 2.4978e+04 3.5058e+04 2.8796e+04 3.0129e+04 2.8126e+04 3.0800e+04
  35.7500 2.8489e+04 2.3932e+04 3.4061e+04 2.4165e+04 3.3872e+04 2.7850e+04 2.9126e+04 2.7200e+04 2.9777e+04
  36.0000 2.7552e+04 2.3159e+04 3.2915e+04 2.3383e+04 3.2733e+04 2.6938e+04 2.8163e+04 2.6309e+04 2.8793e+04
  36.2500 2.6650e+04 2.2414e+04 3.1813e+04 2.2630e+04 3.1638e+04 2.6062e+04 2.7236e+04 2.5452e+04 2.7847e+04
  36.5000 2.5782e+04 2.1697e+04 3.0754e+04 2.1905e+04 3.0586e+04 2.5218e+04 2.6344e+04 2.4627e+04 2.6936e+04
  36.7500 2.4947e+04 2.1007e+04 2.9736e+04 2.1206e+04 2.9574e+04 2.4406e+04 2.5486e+04 2.3833e+04 2.6060e+04
  37.0000 2.4143e+04 2.0342e+04 2.8756e+04 2.0534e+04 2.8600e+04 2.3624e+04 2.4660e+04 2.3068e+04 2.5216e+04
  37.2500 2.3369e+04 1.9701e+04 2.7814e+04 1.9886e+04 2.7663e+04 2.2870e+04 2.3865e+04 2.2332e+04 2.4405e+04
  37.5000 2.2623e+04 1.9083e+04 2.6908e+04 1.9262e+04 2.6762e+04 2.2145e+04 2.3099e+04 2.1623e+04 2.3623e+04
  37.7500 2.1905e+04 1.8488e+04 2.6035e+04 1.8660e+04 2.5894e+04 2.1446e+04 2.2362e+04 2.0939e+04 2.2870e+04
  38.0000 2.1213e+04 1.7914e+04 2.5195e+04 1.8080e+04 2.5059e+04 2.0772e+04 2.1652e+04 2.0281e+04 2.2145e+04
  38.2500 2.0547e+04 1.7361e+04 2.4386e+04 1.7520e+04 2.4255e+04 2.0123e+04 2.0968e+04 1.9646e+04 2.1446e+04
  38.5000 1.9904e+04 1.6827e+04 2.3607e+04 1.6981e+04 2.3481e+04 1.9497e+04 2.0309e+04 1.9035e+04 2.0773e+04
  38.7500 1.9285e+04 1.6312e+04 2.2857e+04 1.6460e+04 2.2735e+04 1.8893e+04 1.9674e+04 1.8445e+04 2.0124e+04
  39.0000 1.8688e+04 1.5816e+04 2.2134e+04 1.5958e+04 2.2017e+04 1.8311e+04 1.9062e+04 1.7876e+04 1.9498e+04
  39.2500 1.8112e+04 1.5336e+04 2.1438e+04 1.5474e+04 2.1324e+04 1.7750e+04 1.8471e+04 1.7328e+04 1.8895e+04
  39.5000 1.7556e+04 1.4874e+04 2.0767e+04 1.5007e+04 2.0657e+04 1.7208e+04 1.7902e+04 1.6799e+04 1.8314e+04
  39.7500 1.7021e+04 1.4427e+04 2.0120e+04 1.4556e+04 2.0014e+04 1.6686e+04 1.7353e+04 1.6288e+04 1.7752e+04
  40.0000 1.6504e+04 1.3996e+04 1.9496e+04 1.4120e+04 1.9394e+04 1.6182e+04 1.6823e+04 1.5796e+04 1.7211e+04
  40.2500 1.6005e+04 1.3580e+04 1.8895e+04 1.3700e+04 1.8796e+04 1.5695e+04 1.6312e+04 1.5320e+04 1.6689e+04
  40.5000 1.5523e+04 1.3178e+04 1.8315e+04 1.3293e+04 1.8219e+04 1.5225e+04 1.5819e+04 1.4861e+04 1.6185e+04
  40.7500 1.5058e+04 1.2790e+04 1.7755e+04 1.2901e+04 1.7662e+04 1.4771e+04 1.5343e+04 1.4418e+04 1.5698e+04
  41.0000 1.4610e+04 1.2415e+04 1.7215e+04 1.2522e+04 1.7126e+04 1.4333e+04 1.4884e+04 1.3990e+04 1.5229e+04
  41.2500 1.4176e+04 1.2052e+04 1.6694e+04 1.2156e+04 1.6608e+04 1.3910e+04 1.4440e+04 1.3577e+04 1.4776e+04
  41.5000 1.3758e+04 1.1702e+04 1.6192e+04 1.1803e+04 1.6108e+04 1.3502e+04 1.4012e+04 1.3178e+04 1.4338e+04
  41.7500 1.3354e+04 1.1364e+04 1.5707e+04 1.1461e+04 1.5626e+04 1.3107e+04 1.3599e+04 1.2792e+04 1.3915e+04
  42.0000 1.2964e+04 1.1037e+04 1.5239e+04 1.1131e+04 1.5160e+04 1.2725e+04 1.3200e+04 1.2420e+04 1.3507e+04
  42.2500 1.2586e+04 1.0721e+04 1.4787e+04 1.0812e+04 1.4711e+04 1.2357e+04 1.2814e+04 1.2060e+04 1.3113e+04
  42.5000 1.2222e+04 1.0415e+04 1.4350e+04 1.0503e+04 1.4277e+04 1.2001e+04 1.2441e+04 1.1712e+04 1.2732e+04
  42.7500 1.1870e+04 1.0120e+04 1.3929e+04 1.0204e+04 1.3858e+04 1.1656e+04 1.2081e+04 1.1375e+04 1.2364e+04
  43.0000 1.1529e+04 9.8336e+03 1.3522e+04 9.9157e+03 1.3452e+04 1.1323e+04 1.1733e+04 1.1050e+04 1.2008e+04
  43.2500 1.1200e+04 9.5569e+03 1.3128e+04 9.6364e+03 1.3061e+04 1.1001e+04 1.1396e+04 1.0736e+04 1.1664e+04
  43.5000 1.0882e+04 9.2893e+03 1.2748e+04 9.3663e+03 1.2683e+04 1.0690e+04 1.1071e+04 1.0432e+04 1.1331e+04
  43.7500 1.0574e+04 9.0303e+03 1.2380e+04 9.1048e+03 1.2317e+04 1.0389e+04 1.0756e+04 1.0137e+04 1.1009e+04
  44.0000 1.0276e+04 8.7797e+03 1.2025e+04 8.8518e+03 1.1964e+04 1.0097e+04 1.0452e+04 9.8527e+03 1.0698e+04
  44.2500 9.9874e+03 8.5370e+03 1.1681e+04 8.6069e+03 1.1622e+04 9.8152e+03 1.0158e+04 9.5773e+03 1.0397e+04
  44.5000 9.7085e+03 8.3021e+03 1.1349e+04 8.3698e+03 1.1292e+04 9.5423e+03 9.8728e+03 9.3108e+03 1.0106e+04
  44.7500 9.4386e+03 8.0747e+03 1.1028e+04 8.1403e+03 1.0972e+04 9.2781e+03 9.5972e+03 9.0527e+03 9.8240e+03
  45.0000 9.1773e+03 7.8544e+03 1.0717e+04 7.9180e+03 1.0663e+04 9.0224e+03 9.3305e+03 8.8030e+03 9.5513e+03
  45.2500 8.9244e+03 7.6410e+03 1.0417e+04 7.7027e+03 1.0364e+04 8.7747e+03 9.0723e+03 8.5611e+03 9.2873e+03
  45.5000 8.6795e+03 7.4344e+03 1.0126e+04 7.4941e+03 1.0075e+04 8.5349e+03 8.8224e+03 8.3270e+03 9.0317e+03
  45.7500 8.4424e+03 7.2341e+03 9.8441e+03 7.2921e+03 9.7947e+03 8.3027e+03 8.5804e+03 8.1002e+03 8.7843e+03
  46.0000 8.2127e+03 7.0401e+03 9.5715e+03 7.0963e+03 9.5236e+03 8.0777e+03 8.3461e+03 7.8805e+03 8.5446e+03
  46.2500 7.9902e+03 6.8521e+03 9.3077e+03 6.9066e+03 9.2611e+03 7.8597e+03 8.1191e+03 7.6676e+03 8.3125e+03
  46.5000 7.7747e+03 6.6698e+03 9.0522e+03 6.7227e+03 9.0070e+03 7.6486e+03 7.8993e+03 7.4614e+03 8.0877e+03
  46.7500 7.5659e+03 6.4931e+03 8.8049e+03 6.5445e+03 8.7609e+03 7.4439e+03 7.6863e+03 7.2616e+03 7.8699e+03
  47.0000 7.3635e+03 6.3219e+03 8.5653e+03 6.3717e+03 8.5226e+03 7.2456e+03 7.4799e+03 7.0679e+03 7.6588e+03
  47.2500 7.1673e+03 6.1558e+03 8.3332e+03 6.2041e+03 8.2917e+03 7.0533e+03 7.2799e+03 6.8802e+03 7.4542e+03
  47.5000 6.9772e+03 5.9947e+03 8.1084e+03 6.0416e+03 8.0681e+03 6.8669e+03 7.0861e+03 6.6982e+03 7.2560e+03
  47.7500 6.7929e+03 5.8385e+03 7.8905e+03 5.8840e+03 7.8514e+03 6.6861e+03 6.8982e+03 6.5217e+03 7.0638e+03
  48.0000 6.6142e+03 5.6869e+03 7.6794e+03 5.7312e+03 7.6413e+03 6.5109e+03 6.7161e+03 6.3506e+03 6.8775e+03
  48.2500 6.4409e+03 5.5399e+03 7.4748e+03 5.5829e+03 7.4378e+03 6.3409e+03 6.5395e+03 6.1846e+03 6.6968e+03
  48.5000 6.2728e+03 5.3972e+03 7.2765e+03 5.4390e+03 7.2405e+03 6.1760e+03 6.3683e+03 6.0237e+03 6.5216e+03
  48.7500 6.1097e+03 5.2588e+03 7.0842e+03 5.2994e+03 7.0492e+03 6.0161e+03 6.2022e+03 5.8675e+03 6.3517e+03
  49.0000 5.9516e+03 5.1245e+03 6.8978e+03 5.1639e+03 6.8637e+03 5.8609e+03 6.0411e+03 5.7160e+03 6.1869e+03
  49.2500 5.7981e+03 4.9941e+03 6.7170e+03 5.0324e+03 6.6839e+03 5.7103e+03 5.8848e+03 5.5690e+03 6.0270e+03
  49.5000 5.6492e+03 4.8675e+03 6.5417e+03 4.9048e+03 6.5094e+03 5.5642e+03 5.7332e+03 5.4264e+03 5.8718e+03
  49.7500 5.5048e+03 4.7446e+03 6.3717e+03 4.7808e+03 6.3402e+03 5.4223e+03 5.5861e+03 5.2879e+03 5.7212e+03
  50.0000 5.3645e+03 4.6253e+03 6.2067e+03 4.6605e+03 6.1761e+03 5.2846e+03 5.4433e+03 5.1536e+03 5.5751e+03
  50.2500 5.2284e+03 4.5094e+03 6.0467e+03 4.5437e+03 6.0169e+03 5.1510e+03 5.3047e+03 5.0231e+03 5.4334e+03
  50.5000 5.0963e+03 4.3969e+03 5.8914e+03 4.4302e+03 5.8624e+03 5.0213e+03 5.1702e+03 4.8965e+03 5.2958e+03
  50.7500 4.9680e+03 4.2876e+03 5.7408e+03 4.3201e+03 5.7125e+03 4.8953e+03 5.0397e+03 4.7735e+03 5.1622e+03
  51.0000 4.8435e+03 4.1815e+03 5.5946e+03 4.2131e+03 5.5671e+03 4.7730e+03 4.9130e+03 4.6542e+03 5.0325e+03
  51.2500 4.7226e+03 4.0784e+03 5.4527e+03 4.1091e+03 5.4259e+03 4.6543e+03 4.7900e+03 4.5382e+03 4.9066e+03
  51.5000 4.6052e+03 3.9782e+03 5.3150e+03 4.0082e+03 5.2889e+03 4.5389e+03 4.6705e+03 4.4256e+03 4.7844e+03
  51.7500 4.4911e+03 3.8809e+03 5.1814e+03 3.9101e+03 5.1559e+03 4.4269e+03 4.5545e+03 4.3162e+03 4.6657e+03
  52.0000 4.3803e+03 3.7863e+03 5.0516e+03 3.8147e+03 5.0268e+03 4.3180e+03 4.4418e+03 4.2100e+03 4.5504e+03
  52.2500 4.2727e+03 3.6944e+03 4.9255e+03 3.7221e+03 4.9014e+03 4.2122e+03 4.3323e+03 4.1067e+03 4.4384e+03
  52.5000 4.1681e+03 3.6051e+03 4.8031e+03 3.6320e+03 4.7796e+03 4.1094e+03 4.2259e+03 4.0064e+03 4.3295e+03
  52.7500 4.0665e+03 3.5183e+03 4.6843e+03 3.5445e+03 4.6613e+03 4.0096e+03 4.1226e+03 3.9089e+03 4.2238e+03
  53.0000 3.9677e+03 3.4338e+03 4.5688e+03 3.4594e+03 4.5464e+03 3.9125e+03 4.0222e+03 3.8141e+03 4.1211e+03
  53.2500 3.8717e+03 3.3517e+03 4.4566e+03 3.3766e+03 4.4347e+03 3.8181e+03 3.9246e+03 3.7220e+03 4.0212e+03
  53.5000 3.7784e+03 3.2719e+03 4.3476e+03 3.2962e+03 4.3262e+03 3.7264e+03 3.8297e+03 3.6324e+03 3.9241e+03
  53.7500 3.6877e+03 3.1942e+03 4.2417e+03 3.2179e+03 4.2208e+03 3.6372e+03 3.7375e+03 3.5454e+03 3.8298e+03
  54.0000 3.5995e+03 3.1187e+03 4.1387e+03 3.1418e+03 4.1184e+03 3.5504e+03 3.6478e+03 3.4607e+03 3.7381e+03
  54.2500 3.5137e+03 3.0453e+03 4.0387e+03 3.0678e+03 4.0188e+03 3.4661e+03 3.5607e+03 3.3783e+03 3.6489e+03
  54.5000 3.4303e+03 2.9738e+03 3.9414e+03 2.9958e+03 3.9220e+03 3.3840e+03 3.4759e+03 3.2982e+03 3.5621e+03
  54.7500 3.3492e+03 2.9043e+03 3.8468e+03 2.9257e+03 3.8279e+03 3.3042e+03 3.3935e+03 3.2203e+03 3.4778e+03
  55.0000 3.2702e+03 2.8366e+03 3.7549e+03 2.8575e+03 3.7364e+03 3.2266e+03 3.3133e+03 3.1446e+03 3.3957e+03
  55.2500 3.1934e+03 2.7707e+03 3.6655e+03 2.7912e+03 3.6474e+03 3.1510e+03 3.2353e+03 3.0708e+03 3.3159e+03
  55.5000 3.1188e+03 2.7066e+03 3.5785e+03 2.7266e+03 3.5609e+03 3.0775e+03 3.1594e+03 2.9991e+03 3.2382e+03
  55.7500 3.0461e+03 2.6443e+03 3.4939e+03 2.6637e+03 3.4767e+03 3.0060e+03 3.0855e+03 2.9292e+03 3.1627e+03
  56.0000 2.9753e+03 2.5835e+03 3.4117e+03 2.6025e+03 3.3948e+03 2.9364e+03 3.0137e+03 2.8613e+03 3.0892e+03
  56.2500 2.9065e+03 2.5244e+03 3.3316e+03 2.5429e+03 3.3151e+03 2.8686e+03 2.9438e+03 2.7952e+03 3.0176e+03
  56.5000 2.8394e+03 2.4668e+03 3.2538e+03 2.4849e+03 3.2376e+03 2.8026e+03 2.8757e+03 2.7308e+03 2.9480e+03
  56.7500 2.7742e+03 2.4108e+03 3.1780e+03 2.4284e+03 3.1622e+03 2.7384e+03 2.8094e+03 2.6681e+03 2.8802e+03
  57.0000 2.7107e+03 2.3562e+03 3.1042e+03 2.3734e+03 3.0888e+03 2.6759e+03 2.7450e+03 2.6071e+03 2.8142e+03
  57.2500 2.6488e+03 2.3030e+03 3.0325e+03 2.3199e+03 3.0174e+03 2.6150e+03 2.6822e+03 2.5476e+03 2.7499e+03
  57.5000 2.5886e+03 2.2512e+03 2.9626e+03 2.2677e+03 2.9479e+03 2.5557e+03 2.6211e+03 2.4898e+03 2.6874e+03
  57.7500 2.5300e+03 2.2007e+03 2.8946e+03 2.2168e+03 2.8802e+03 2.4980e+03 2.5615e+03 2.4334e+03 2.6264e+03
  58.0000 2.4729e+03 2.1516e+03 2.8284e+03 2.1673e+03 2.8143e+03 2.4417e+03 2.5036e+03 2.3785e+03 2.5671e+03
  58.2500 2.4172e+03 2.1037e+03 2.7639e+03 2.1191e+03 2.7501e+03 2.3869e+03 2.4471e+03 2.3251e+03 2.5093e+03
  58.5000 2.3630e+03 2.0570e+03 2.7011e+03 2.0720e+03 2.6876e+03 2.3335e+03 2.3921e+03 2.2730e+03 2.4530e+03
  58.7500 2.3102e+03 2.0115e+03 2.6400e+03 2.0262e+03 2.6268e+03 2.2815e+03 2.3385e+03 2.2222e+03 2.3982e+03
  59.0000 2.2588e+03 1.9672e+03 2.5804e+03 1.9815e+03 2.5675e+03 2.2308e+03 2.2863e+03 2.1728e+03 2.3448e+03
  59.2500 2.2087e+03 1.9240e+03 2.5224e+03 1.9380e+03 2.5098e+03 2.1815e+03 2.2354e+03 2.1246e+03 2.2927e+03
  59.5000 2.1598e+03 1.8818e+03 2.4659e+03 1.8956e+03 2.4536e+03 2.1333e+03 2.1859e+03 2.0776e+03 2.2419e+03
  59.7500 2.1122e+03 1.8408e+03 2.4109e+03 1.8542e+03 2.3988e+03 2.0864e+03 2.1376e+03 2.0318e+03 2.1925e+03
  60.0000 2.0658e+03 1.8008e+03 2.3573e+03 1.8139e+03 2.3454e+03 2.0407e+03 2.0905e+03 1.9872e+03 2.1443e+03
  60.2500 2.0205e+03 1.7617e+03 2.3050e+03 1.7746e+03 2.2934e+03 1.9961e+03 2.0446e+03 1.9438e+03 2.0973e+03
  60.5000 1.9765e+03 1.7237e+03 2.2541e+03 1.7362e+03 2.2427e+03 1.9527e+03 1.9999e+03 1.9013e+03 2.0516e+03
  60.7500 1.9335e+03 1.6865e+03 2.2044e+03 1.6988e+03 2.1933e+03 1.9103e+03 1.9563e+03 1.8600e+03 2.0069e+03
  61.0000 1.8915e+03 1.6503e+03 2.1561e+03 1.6624e+03 2.1452e+03 1.8690e+03 1.9138e+03 1.8197e+03 1.9634e+03
  61.2500 1.8507e+03 1.6150e+03 2.1089e+03 1.6268e+03 2.0982e+03 1.8287e+03 1.8724e+03 1.7804e+03 1.9209e+03
  61.5000 1.8108e+03 1.5806e+03 2.0629e+03 1.5921e+03 2.0525e+03 1.7894e+03 1.8319e+03 1.7421e+03 1.8795e+03
  61.7500 1.7719e+03 1.5470e+03 2.0181e+03 1.5583e+03 2.0079e+03 1.7510e+03 1.7925e+03 1.7047e+03 1.8392e+03
  62.0000 1.7340e+03 1.5142e+03 1.9744e+03 1.5253e+03 1.9644e+03 1.7137e+03 1.7541e+03 1.6682e+03 1.7998e+03
  62.2500 1.6971e+03 1.4822e+03 1.9318e+03 1.4931e+03 1.9220e+03 1.6772e+03 1.7166e+03 1.6327e+03 1.7615e+03
  62.5000 1.6610e+03 1.4510e+03 1.8903e+03 1.4616e+03 1.8806e+03 1.6417e+03 1.6801e+03 1.5980e+03 1.7240e+03
  62.7500 1.6258e+03 1.4206e+03 1.8498e+03 1.4310e+03 1.8403e+03 1.6070e+03 1.6444e+03 1.5642e+03 1.6875e+03
  63.0000 1.5915e+03 1.3909e+03 1.8103e+03 1.4011e+03 1.8010e+03 1.5731e+03 1.6096e+03 1.5312e+03 1.6519e+03
  63.2500 1.5580e+03 1.3619e+03 1.7717e+03 1.3719e+03 1.7626e+03 1.5401e+03 1.5757e+03 1.4990e+03 1.6171e+03
  63.5000 1.5253e+03 1.3336e+03 1.7341e+03 1.3434e+03 1.7252e+03 1.5079e+03 1.5426e+03 1.4675e+03 1.5832e+03
  63.7500 1.4935e+03 1.3060e+03 1.6975e+03 1.3156e+03 1.6887e+03 1.4764e+03 1.5103e+03 1.4368e+03 1.5501e+03
  64.0000 1.4623e+03 1.2791e+03 1.6617e+03 1.2884e+03 1.6531e+03 1.4457e+03 1.4787e+03 1.4069e+03 1.5178e+03
  64.2500 1.4320e+03 1.2527e+03 1.6268e+03 1.2619e+03 1.6184e+03 1.4158e+03 1.4480e+03 1.3777e+03 1.4863e+03
  64.5000 1.4023e+03 1.2271e+03 1.5927e+03 1.2361e+03 1.5845e+03 1.3865e+03 1.4179e+03 1.3492e+03 1.4555e+03
  64.7500 1.3734e+03 1.2020e+03 1.5595e+03 1.2108e+03 1.5514e+03 1.3580e+03 1.3886e+03 1.3213e+03 1.4255e+03
  65.0000 1.3452e+03 1.1775e+03 1.5270e+03 1.1861e+03 1.5191e+03 1.3301e+03 1.3600e+03 1.2942e+03 1.3962e+03
  65.2500 1.3176e+03 1.1536e+03 1.4954e+03 1.1620e+03 1.4876e+03 1.3029e+03 1.3321e+03 1.2676e+03 1.3676e+03
  65.5000 1.2907e+03 1.1302e+03 1.4645e+03 1.1385e+03 1.4568e+03 1.2763e+03 1.3048e+03 1.2417e+03 1.3397e+03
  65.7500 1.2644e+03 1.1074e+03 1.4343e+03 1.1155e+03 1.4268e+03 1.2504e+03 1.2782e+03 1.2164e+03 1.3124e+03
  66.0000 1.2387e+03 1.0851e+03 1.4048e+03 1.0931e+03 1.3975e+03 1.2250e+03 1.2522e+03 1.1917e+03 1.2857e+03
  66.2500 1.2136e+03 1.0633e+03 1.3761e+03 1.0712e+03 1.3688e+03 1.2003e+03 1.2268e+03 1.1675e+03 1.2597e+03
  66.5000 1.1891e+03 1.0420e+03 1.3480e+03 1.0498e+03 1.3409e+03 1.1761e+03 1.2020e+03 1.1440e+03 1.2343e+03
  66.7500 1.1652e+03 1.0213e+03 1.3206e+03 1.0288e+03 1.3136e+03 1.1525e+03 1.1777e+03 1.1210e+03 1.2095e+03
  67.0000 1.1418e+03 1.0010e+03 1.2938e+03 1.0084e+03 1.2870e+03 1.1294e+03 1.1541e+03 1.0985e+03 1.1853e+03
  67.2500 1.1190e+03 9.8112e+02 1.2676e+03 9.8840e+02 1.2609e+03 1.1069e+03 1.1310e+03 1.0765e+03 1.1616e+03
  67.5000 1.0967e+03 9.6174e+02 1.2421e+03 9.6888e+02 1.2355e+03 1.0849e+03 1.1084e+03 1.0550e+03 1.1384e+03
  67.7500 1.0749e+03 9.4278e+02 1.2172e+03 9.4980e+02 1.2107e+03 1.0634e+03 1.0863e+03 1.0340e+03 1.1158e+03
  68.0000 1.0536e+03 9.2426e+02 1.1928e+03 9.3115e+02 1.1864e+03 1.0423e+03 1.0648e+03 1.0135e+03 1.0938e+03
  68.2500 1.0328e+03 9.0616e+02 1.1690e+03 9.1293e+02 1.1627e+03 1.0218e+03 1.0437e+03 9.9349e+02 1.0722e+03
  68.5000 1.0125e+03 8.8847e+02 1.1457e+03 8.9511e+02 1.1396e+03 1.0017e+03 1.0231e+03 9.7390e+02 1.0511e+03
  68.7500 9.9259e+02 8.7117e+02 1.1230e+03 8.7769e+02 1.1169e+03 9.8208e+02 1.0030e+03 9.5476e+02 1.0305e+03
  69.0000 9.7317e+02 8.5426e+02 1.1008e+03 8.6066e+02 1.0948e+03 9.6289e+02 9.8331e+02 9.3606e+02 1.0103e+03
  69.2500 9.5418e+02 8.3772e+02 1.0791e+03 8.4401e+02 1.0732e+03 9.4413e+02 9.6409e+02 9.1777e+02 9.9062e+02
  69.5000 9.3561e+02 8.2155e+02 1.0579e+03 8.2773e+02 1.0521e+03 9.2580e+02 9.4530e+02 8.9989e+02 9.7136e+02
  69.7500 9.1746e+02 8.0574e+02 1.0371e+03 8.1182e+02 1.0315e+03 9.0787e+02 9.2693e+02 8.8241e+02 9.5254e+02
  70.0000 8.9972e+02 7.9028e+02 1.0169e+03 7.9625e+02 1.0113e+03 8.9034e+02 9.0897e+02 8.6533e+02 9.3414e+02
  70.2500 8.8237e+02 7.7516e+02 9.9706e+02 7.8102e+02 9.9160e+02 8.7320e+02 8.9141e+02 8.4862e+02 9.1615e+02
  70.5000 8.6540e+02 7.6037e+02 9.7770e+02 7.6613e+02 9.7233e+02 8.5644e+02 8.7424e+02 8.3227e+02 8.9855e+02
  70.7500 8.4881e+02 7.4590e+02 9.5877e+02 7.5157e+02 9.5349e+02 8.4005e+02 8.5746e+02 8.1630e+02 8.8135e+02
  71.0000 8.3258e+02 7.3175e+02 9.4027e+02 7.3732e+02 9.3507e+02 8.2401e+02 8.4104e+02 8.0067e+02 8.6452e+02
  71.2500 8.1671e+02 7.1791e+02 9.2217e+02 7.2338e+02 9.1706e+02 8.0833e+02 8.2498e+02 7.8538e+02 8.4807e+02
  71.5000 8.0119e+02 7.0437e+02 9.0448e+02 7.0975e+02 8.9945e+02 7.9300e+02 8.0928e+02 7.7043e+02 8.3197e+02
  71.7500 7.8601e+02 6.9112e+02 8.8718e+02 6.9641e+02 8.8223e+02 7.7799e+02 7.9392e+02 7.5581e+02 8.1623e+02
  72.0000 7.7115e+02 6.7815e+02 8.7025e+02 6.8336e+02 8.6539e+02 7.6332e+02 7.7889e+02 7.4150e+02 8.0083e+02
  72.2500 7.5662e+02 6.6547e+02 8.5371e+02 6.7058e+02 8.4892e+02 7.4895e+02 7.6420e+02 7.2750e+02 7.8576e+02
  72.5000 7.4241e+02 6.5305e+02 8.3752e+02 6.5808e+02 8.3281e+02 7.3490e+02 7.4982e+02 7.1381e+02 7.7102e+02
  72.7500 7.2850e+02 6.4090e+02 8.2169e+02 6.4585e+02 8.1705e+02 7.2116e+02 7.3575e+02 7.0041e+02 7.5660e+02
  73.0000 7.1489e+02 6.2901e+02 8.0620e+02 6.3388e+02 8.0164e+02 7.0770e+02 7.2198e+02 6.8730e+02 7.4249e+02
  73.2500 7.0157e+02 6.1737e+02 7.9105e+02 6.2216e+02 7.8656e+02 6.9454e+02 7.0851e+02 6.7447e+02 7.2869e+02
  73.5000 6.8854e+02 6.0598e+02 7.7622e+02 6.1070e+02 7.7180e+02 6.8165e+02 6.9533e+02 6.6192e+02 7.1517e+02
  73.7500 6.7578e+02 5.9483e+02 7.6172e+02 5.9947e+02 7.5737e+02 6.6904e+02 6.8243e+02 6.4963e+02 7.0195e+02
  74.0000 6.6330e+02 5.8392e+02 7.4753e+02 5.8848e+02 7.4325e+02 6.5670e+02 6.6981e+02 6.3760e+02 6.8901e+02
  74.2500 6.5108e+02 5.7323e+02 7.3365e+02 5.7772e+02 7.2943e+02 6.4462e+02 6.5746e+02 6.2583e+02 6.7634e+02
  74.5000 6.3912e+02 5.6277e+02 7.2006e+02 5.6719e+02 7.1590e+02 6.3280e+02 6.4536e+02 6.1431e+02 6.6394e+02
  74.7500 6.2741e+02 5.5252e+02 7.0676e+02 5.5687e+02 7.0267e+02 6.2122e+02 6.3352e+02 6.0303e+02 6.5180e+02
  75.0000 6.1595e+02 5.4249e+02 6.9374e+02 5.4677e+02 6.8972e+02 6.0988e+02 6.2194e+02 5.9199e+02 6.3992e+02
  75.2500 6.0472e+02 5.3267e+02 6.8101e+02 5.3688e+02 6.7704e+02 5.9879e+02 6.1059e+02 5.8117e+02 6.2828e+02
  75.5000 5.9374e+02 5.2305e+02 6.6854e+02 5.2720e+02 6.6463e+02 5.8792e+02 5.9949e+02 5.7059e+02 6.1689e+02
  75.7500 5.8298e+02 5.1363e+02 6.5633e+02 5.1771e+02 6.5248e+02 5.7728e+02 5.8861e+02 5.6022e+02 6.0574e+02
  76.0000 5.7245e+02 5.0440e+02 6.4438e+02 5.0843e+02 6.4059e+02 5.6686e+02 5.7796e+02 5.5008e+02 5.9482e+02
  76.2500 5.6213e+02 4.9537e+02 6.3268e+02 4.9933e+02 6.2895e+02 5.5666e+02 5.6753e+02 5.4014e+02 5.8412e+02
  76.5000 5.5203e+02 4.8651e+02 6.2122e+02 4.9042e+02 6.1754e+02 5.4667e+02 5.5732e+02 5.3040e+02 5.7365e+02
  76.7500 5.4213e+02 4.7785e+02 6.1000e+02 4.8169e+02 6.0638e+02 5.3688e+02 5.4732e+02 5.2087e+02 5.6339e+02
  77.0000 5.3244e+02 4.6935e+02 5.9902e+02 4.7314e+02 5.9544e+02 5.2730e+02 5.3752e+02 5.1154e+02 5.5335e+02
  77.2500 5.2295e+02 4.6104e+02 5.8825e+02 4.6477e+02 5.8473e+02 5.1791e+02 5.2793e+02 5.0239e+02 5.4350e+02
  77.5000 5.1365e+02 4.5289e+02 5.7771e+02 4.5656e+02 5.7425e+02 5.0871e+02 5.1853e+02 4.9344e+02 5.3386e+02
  77.7500 5.0454e+02 4.4490e+02 5.6739e+02 4.4852e+02 5.6397e+02 4.9970e+02 5.0933e+02 4.8466e+02 5.2442e+02
  78.0000 4.9562e+02 4.3708e+02 5.5728e+02 4.4065e+02 5.5391e+02 4.9087e+02 5.0031e+02 4.7606e+02 5.1517e+02
  78.2500 4.8687e+02 4.2942e+02 5.4737e+02 4.3293e+02 5.4405e+02 4.8223e+02 4.9147e+02 4.6764e+02 5.0610e+02
  78.5000 4.7831e+02 4.2190e+02 5.3767e+02 4.2537e+02 5.3440e+02 4.7375e+02 4.8281e+02 4.5939e+02 4.9722e+02
  78.7500 4.6991e+02 4.1454e+02 5.2816e+02 4.1795e+02 5.2493e+02 4.6545e+02 4.7433e+02 4.5131e+02 4.8852e+02
  79.0000 4.6169e+02 4.0733e+02 5.1885e+02 4.1069e+02 5.1567e+02 4.5731e+02 4.6602e+02 4.4339e+02 4.7999e+02
  79.2500 4.5363e+02 4.0026e+02 5.0972e+02 4.0357e+02 5.0659e+02 4.4934e+02 4.5788e+02 4.3562e+02 4.7163e+02
  79.5000 4.4573e+02 3.9333e+02 5.0078e+02 3.9660e+02 4.9769e+02 4.4152e+02 4.4989e+02 4.2802e+02 4.6344e+02
  79.7500 4.3799e+02 3.8654e+02 4.9202e+02 3.8976e+02 4.8897e+02 4.3387e+02 4.4207e+02 4.2056e+02 4.5542e+02
  80.0000 4.3040e+02 3.7988e+02 4.8343e+02 3.8306e+02 4.8042e+02 4.2636e+02 4.3440e+02 4.1325e+02 4.4755e+02
  80.2500 4.2297e+02 3.7336e+02 4.7502e+02 3.7649e+02 4.7205e+02 4.1900e+02 4.2689e+02 4.0609e+02 4.3984e+02
  80.5000 4.1568e+02 3.6696e+02 4.6677e+02 3.7004e+02 4.6384e+02 4.1179e+02 4.1953e+02 3.9907e+02 4.3228e+02
  80.7500 4.0853e+02 3.6069e+02 4.5869e+02 3.6373e+02 4.5580e+02 4.0472e+02 4.1231e+02 3.9219e+02 4.2487e+02
  81.0000 4.0153e+02 3.5454e+02 4.5076e+02 3.5754e+02 4.4792e+02 3.9779e+02 4.0523e+02 3.8545e+02 4.1761e+02
  81.2500 3.9466e+02 3.4851e+02 4.4300e+02 3.5147e+02 4.4019e+02 3.9100e+02 3.9829e+02 3.7883e+02 4.1049e+02
  81.5000 3.8793e+02 3.4260e+02 4.3538e+02 3.4551e+02 4.3261e+02 3.8433e+02 3.9149e+02 3.7235e+02 4.0350e+02
  81.7500 3.8133e+02 3.3680e+02 4.2792e+02 3.3968e+02 4.2519e+02 3.7780e+02 3.8482e+02 3.6600e+02 3.9666e+02
  82.0000 3.7486e+02 3.3112e+02 4.2060e+02 3.3395e+02 4.1791e+02 3.7140e+02 3.7828e+02 3.5976e+02 3.8995e+02
  82.2500 3.6851e+02 3.2555e+02 4.1343e+02 3.2834e+02 4.1077e+02 3.6512e+02 3.7187e+02 3.5365e+02 3.8337e+02
  82.5000 3.6229e+02 3.2008e+02 4.0640e+02 3.2283e+02 4.0377e+02 3.5896e+02 3.6558e+02 3.4766e+02 3.7691e+02
  82.7500 3.5619e+02 3.1472e+02 3.9950e+02 3.1744e+02 3.9691e+02 3.5292e+02 3.5942e+02 3.4178e+02 3.7058e+02
  83.0000 3.5020e+02 3.0946e+02 3.9274e+02 3.1214e+02 3.9018e+02 3.4700e+02 3.5337e+02 3.3602e+02 3.6437e+02
  83.2500 3.4433e+02 3.0430e+02 3.8611e+02 3.0694e+02 3.8359e+02 3.4119e+02 3.4744e+02 3.3037e+02 3.5829e+02
  83.5000 3.3857e+02 2.9924e+02 3.7961e+02 3.0185e+02 3.7712e+02 3.3549e+02 3.4163e+02 3.2483e+02 3.5231e+02
  83.7500 3.3293e+02 2.9428e+02 3.7323e+02 2.9685e+02 3.7077e+02 3.2990e+02 3.3592e+02 3.1939e+02 3.4646e+02
  84.0000 3.2739e+02 2.8941e+02 3.6698e+02 2.9195e+02 3.6455e+02 3.2442e+02 3.3033e+02 3.1406e+02 3.4071e+02
  84.2500 3.2196e+02 2.8463e+02 3.6084e+02 2.8714e+02 3.5845e+02 3.1904e+02 3.2484e+02 3.0883e+02 3.3508e+02
  84.5000 3.1663e+02 2.7994e+02 3.5483e+02 2.8242e+02 3.5246e+02 3.1377e+02 3.1946e+02 3.0370e+02 3.2955e+02
  84.7500 3.1140e+02 2.7534e+02 3.4892e+02 2.7778e+02 3.4659e+02 3.0859e+02 3.1418e+02 2.9866e+02 3.2412e+02
  85.0000 3.0627e+02 2.7083e+02 3.4314e+02 2.7324e+02 3.4083e+02 3.0351e+02 3.0899e+02 2.9373e+02 3.1880e+02
  85.2500 3.0123e+02 2.6640e+02 3.3746e+02 2.6878e+02 3.3518e+02 2.9853e+02 3.0391e+02 2.8888e+02 3.1358e+02
  85.5000 2.9630e+02 2.6206e+02 3.3189e+02 2.6441e+02 3.2964e+02 2.9364e+02 2.9892e+02 2.8413e+02 3.0846e+02
  85.7500 2.9145e+02 2.5780e+02 3.2642e+02 2.6011e+02 3.2420e+02 2.8885e+02 2.9403e+02 2.7946e+02 3.0343e+02
  86.0000 2.8669e+02 2.5361e+02 3.2106e+02 2.5590e+02 3.1887e+02 2.8414e+02 2.8923e+02 2.7488e+02 2.9850e+02
  86.2500 2.8203e+02 2.4951e+02 3.1580e+02 2.5176e+02 3.1364e+02 2.7952e+02 2.8451e+02 2.7039e+02 2.9366e+02
  86.5000 2.7745e+02 2.4548e+02 3.1064e+02 2.4770e+02 3.0850e+02 2.7499e+02 2.7989e+02 2.6599e+02 2.8891e+02
  86.7500 2.7296e+02 2.4152e+02 3.0557e+02 2.4372e+02 3.0346e+02 2.7054e+02 2.7535e+02 2.6166e+02 2.8425e+02
  87.0000 2.6855e+02 2.3764e+02 3.0060e+02 2.3981e+02 2.9852e+02 2.6617e+02 2.7090e+02 2.5742e+02 2.7967e+02
  87.2500 2.6422e+02 2.3383e+02 2.9572e+02 2.3597e+02 2.9367e+02 2.6189e+02 2.6653e+02 2.5325e+02 2.7518e+02
  87.5000 2.5997e+02 2.3009e+02 2.9094e+02 2.3220e+02 2.8890e+02 2.5768e+02 2.6224e+02 2.4916e+02 2.7077e+02
  87.7500 2.5580e+02 2.2641e+02 2.8624e+02 2.2850e+02 2.8423e+02 2.5355e+02 2.5803e+02 2.4515e+02 2.6644e+02
  88.0000 2.5171e+02 2.2281e+02 2.8163e+02 2.2487e+02 2.7964e+02 2.4950e+02 2.5389e+02 2.4121e+02 2.6219e+02
  88.2500 2.4769e+02 2.1927e+02 2.7710e+02 2.2131e+02 2.7514e+02 2.4552e+02 2.4984e+02 2.3734e+02 2.5802e+02
  88.5000 2.4374e+02 2.1579e+02 2.7266e+02 2.1780e+02 2.7072e+02 2.4161e+02 2.4585e+02 2.3355e+02 2.5393e+02
  88.7500 2.3987e+02 2.1238e+02 2.6830e+02 2.1437e+02 2.6639e+02 2.3778e+02 2.4194e+02 2.2982e+02 2.4991e+02
  89.0000 2.3607e+02 2.0903e+02 2.6402e+02 2.1099e+02 2.6213e+02 2.3401e+02 2.3810e+02 2.2616e+02 2.4597e+02
  89.2500 2.3233e+02 2.0574e+02 2.5982e+02 2.0768e+02 2.5795e+02 2.3032e+02 2.3433e+02 2.2257e+02 2.4209e+02
  89.5000 2.2867e+02 2.0251e+02 2.5570e+02 2.0442e+02 2.5385e+02 2.2669e+02 2.3063e+02 2.1904e+02 2.3829e+02
  89.7500 2.2507e+02 1.9934e+02 2.5165e+02 2.0123e+02 2.4982e+02 2.2312e+02 2.2700e+02 2.1558e+02 2.3455e+02
  90.0000 2.2154e+02 1.9622e+02 2.4767e+02 1.9809e+02 2.4587e+02 2.1962e+02 2.2343e+02 2.1218e+02 2.3089e+02
  90.2500 2.1807e+02 1.9316e+02 2.4377e+02 1.9501e+02 2.4199e+02 2.1619e+02 2.1993e+02 2.0884e+02 2.2728e+02
  90.5000 2.1466e+02 1.9015e+02 2.3994e+02 1.9198e+02 2.3818e+02 2.1281e+02 2.1649e+02 2.0556e+02 2.2375e+02
  90.7500 2.1131e+02 1.8720e+02 2.3617e+02 1.8900e+02 2.3443e+02 2.0950e+02 2.1311e+02 2.0235e+02 2.2027e+02
  91.0000 2.0802e+02 1.8430e+02 2.3248e+02 1.8609e+02 2.3076e+02 2.0624e+02 2.0979e+02 1.9918e+02 2.1686e+02
  91.2500 2.0480e+02 1.8146e+02 2.2885e+02 1.8322e+02 2.2715e+02 2.0304e+02 2.0653e+02 1.9608e+02 2.1351e+02
  91.5000 2.0162e+02 1.7866e+02 2.2529e+02 1.8040e+02 2.2361e+02 1.9990e+02 2.0333e+02 1.9303e+02 2.1022e+02
  91.7500 1.9851e+02 1.7591e+02 2.2179e+02 1.7763e+02 2.2013e+02 1.9682e+02 2.0019e+02 1.9003e+02 2.0699e+02
  92.0000 1.9545e+02 1.7321e+02 2.1835e+02 1.7491e+02 2.1671e+02 1.9379e+02 1.9710e+02 1.8709e+02 2.0381e+02
  92.2500 1.9245e+02 1.7056e+02 2.1498e+02 1.7224e+02 2.1335e+02 1.9081e+02 1.9407e+02 1.8420e+02 2.0069e+02
  92.5000 1.8950e+02 1.6795e+02 2.1166e+02 1.6961e+02 2.1006e+02 1.8789e+02 1.9109e+02 1.8136e+02 1.9763e+02
  92.7500 1.8659e+02 1.6539e+02 2.0841e+02 1.6703e+02 2.0682e+02 1.8501e+02 1.8816e+02 1.7857e+02 1.9462e+02
  93.0000 1.8375e+02 1.6288e+02 2.0521e+02 1.6450e+02 2.0364e+02 1.8219e+02 1.8529e+02 1.7584e+02 1.9166e+02
  93.2500 1.8095e+02 1.6041e+02 2.0207e+02 1.6201e+02 2.0051e+02 1.7942e+02 1.8246e+02 1.7314e+02 1.8875e+02
  93.5000 1.7820e+02 1.5798e+02 1.9898e+02 1.5956e+02 1.9744e+02 1.7669e+02 1.7969e+02 1.7050e+02 1.8590e+02
  93.7500 1.7549e+02 1.5559e+02 1.9595e+02 1.5716e+02 1.9443e+02 1.7402e+02 1.7696e+02 1.6790e+02 1.8309e+02
  94.0000 1.7284e+02 1.5325e+02 1.9296e+02 1.5479e+02 1.9146e+02 1.7138e+02 1.7428e+02 1.6534e+02 1.8033e+02
  94.2500 1.7023e+02 1.5094e+02 1.9004e+02 1.5247e+02 1.8855e+02 1.6880e+02 1.7165e+02 1.6284e+02 1.7762e+02
  94.5000 1.6766e+02 1.4867e+02 1.8716e+02 1.5019e+02 1.8569e+02 1.6626e+02 1.6906e+02 1.6037e+02 1.7496e+02
  94.7500 1.6514e+02 1.4645e+02 1.8433e+02 1.4794e+02 1.8288e+02 1.6376e+02 1.6651e+02 1.5794e+02 1.7234e+02
  95.0000 1.6266e+02 1.4426e+02 1.8155e+02 1.4574e+02 1.8011e+02 1.6130e+02 1.6401e+02 1.5556e+02 1.6976e+02
  95.2500 1.6023e+02 1.4210e+02 1.7882e+02 1.4357e+02 1.7739e+02 1.5889e+02 1.6155e+02 1.5322e+02 1.6724e+02
  95.5000 1.5783e+02 1.3999e+02 1.7613e+02 1.4144e+02 1.7472e+02 1.5652e+02 1.5914e+02 1.5092e+02 1.6475e+02
  95.7500 1.5548e+02 1.3791e+02 1.7349e+02 1.3934e+02 1.7210e+02 1.5419e+02 1.5676e+02 1.4866e+02 1.6230e+02
  96.0000 1.5316e+02 1.3586e+02 1.7090e+02 1.3728e+02 1.6952e+02 1.5189e+02 1.5443e+02 1.4643e+02 1.5990e+02
  96.2500 1.5089e+02 1.3385e+02 1.6835e+02 1.3525e+02 1.6699e+02 1.4964e+02 1.5213e+02 1.4425e+02 1.5754e+02
  96.5000 1.4865e+02 1.3188e+02 1.6584e+02 1.3326e+02 1.6449e+02 1.4742e+02 1.4988e+02 1.4210e+02 1.5521e+02
  96.7500 1.4646e+02 1.2993e+02 1.6338e+02 1.3130e+02 1.6204e+02 1.4525e+02 1.4766e+02 1.3998e+02 1.5293e+02
  97.0000 1.4429e+02 1.2802e+02 1.6096e+02 1.2938e+02 1.5963e+02 1.4310e+02 1.4548e+02 1.3791e+02 1.5069e+02
  97.2500 1.4217e+02 1.2614e+02 1.5857e+02 1.2748e+02 1.5727e+02 1.4100e+02 1.4333e+02 1.3586e+02 1.4848e+02
  97.5000 1.4008e+02 1.2430e+02 1.5623e+02 1.2562e+02 1.5494e+02 1.3893e+02 1.4123e+02 1.3386e+02 1.4631e+02
  97.7500 1.3803e+02 1.2248e+02 1.5393e+02 1.2379e+02 1.5265e+02 1.3689e+02 1.3915e+02 1.3188e+02 1.4417e+02
  98.0000 1.3601e+02 1.2069e+02 1.5167e+02 1.2199e+02 1.5040e+02 1.3489e+02 1.3712e+02 1.2994e+02 1.4207e+02
  98.2500 1.3402e+02 1.1893e+02 1.4944e+02 1.2022e+02 1.4819e+02 1.3292e+02 1.3511e+02 1.2803e+02 1.4001e+02
  98.5000 1.3207e+02 1.1721e+02 1.4725e+02 1.1847e+02 1.4601e+02 1.3099e+02 1.3314e+02 1.2616e+02 1.3798e+02
  98.7500 1.3015e+02 1.1551e+02 1.4510e+02 1.1676e+02 1.4388e+02 1.2908e+02 1.3120e+02 1.2431e+02 1.3598e+02
  99.0000 1.2826e+02 1.1384e+02 1.4299e+02 1.1508e+02 1.4177e+02 1.2721e+02 1.2930e+02 1.2250e+02 1.3402e+02
  99.2500 1.2640e+02 1.1219e+02 1.4091e+02 1.1342e+02 1.3971e+02 1.2537e+02 1.2742e+02 1.2071e+02 1.3209e+02
  99.5000 1.2457e+02 1.1057e+02 1.3886e+02 1.1179e+02 1.3767e+02 1.2356e+02 1.2558e+02 1.1895e+02 1.3019e+02
  99.7500 1.2277e+02 1.0898e+02 1.3685e+02 1.1019e+02 1.3567e+02 1.2178e+02 1.2377e+02 1.1723e+02 1.2832e+02
 100.0000 1.2101e+02 1.0742e+02 1.3487e+02 1.0861e+02 1.3371e+02 1.2003e+02 1.2198e+02 1.1553e+02 1.2648e+02
 100.2500 1.1927e+02 1.0588e+02 1.3292e+02 1.0706e+02 1.3177e+02 1.1830e+02 1.2023e+02 1.1386e+02 1.2468e+02
 100.5000 1.1756e+02 1.0437e+02 1.3101e+02 1.0553e+02 1.2987e+02 1.1661e+02 1.1850e+02 1.1222e+02 1.2290e+02
 100.7500 1.1588e+02 1.0288e+02 1.2913e+02 1.0403e+02 1.2800e+02 1.1494e+02 1.1681e+02 1.1060e+02 1.2115e+02
 101.0000 1.1422e+02 1.0141e+02 1.2728e+02 1.0256e+02 1.2616e+02 1.1330e+02 1.1514e+02 1.0901e+02 1.1943e+02
 101.2500 1.1259e+02 9.9971e+01 1.2546e+02 1.0110e+02 1.2435e+02 1.1169e+02 1.1350e+02 1.0745e+02 1.1774e+02
 101.5000 1.1099e+02 9.8552e+01 1.2366e+02 9.9673e+01 1.2257e+02 1.1010e+02 1.1188e+02 1.0591e+02 1.1607e+02
 101.7500 1.0942e+02 9.7157e+01 1.2190e+02 9.8266e+01 1.2081e+02 1.0854e+02 1.1029e+02 1.0440e+02 1.1444e+02
 102.0000 1.0787e+02 9.5784e+01 1.2017e+02 9.6882e+01 1.1909e+02 1.0700e+02 1.0873e+02 1.0291e+02 1.1282e+02
 102.2500 1.0634e+02 9.4434e+01 1.1846e+02 9.5520e+01 1.1740e+02 1.0549e+02 1.0719e+02 1.0145e+02 1.1124e+02
 102.5000 1.0484e+02 9.3105e+01 1.1679e+02 9.4180e+01 1.1573e+02 1.0400e+02 1.0568e+02 1.0000e+02 1.0968e+02
 102.7500 1.0336e+02 9.1797e+01 1.1513e+02 9.2862e+01 1.1409e+02 1.0254e+02 1.0419e+02 9.8588e+01 1.0814e+02
 103.0000 1.0191e+02 9.0510e+01 1.1351e+02 9.1564e+01 1.1247e+02 1.0110e+02 1.0272e+02 9.7193e+01 1.0663e+02
 103.2500 1.0048e+02 8.9243e+01 1.1191e+02 9.0287e+01 1.1089e+02 9.9682e+01 1.0128e+02 9.5821e+01 1.0515e+02
 103.5000 9.9077e+01 8.7997e+01 1.1034e+02 8.9031e+01 1.0933e+02 9.8288e+01 9.9864e+01 9.4471e+01 1.0368e+02
 103.7500 9.7693e+01 8.6770e+01 1.0879e+02 8.7794e+01 1.0779e+02 9.6916e+01 9.8468e+01 9.3142e+01 1.0224e+02
 104.0000 9.6332e+01 8.5563e+01 1.0727e+02 8.6577e+01 1.0628e+02 9.5566e+01 9.7094e+01 9.1835e+01 1.0083e+02
 104.2500 9.4992e+01 8.4375e+01 1.0577e+02 8.5379e+01 1.0479e+02 9.4237e+01 9.5743e+01 9.0549e+01 9.9434e+01
 104.5000 9.3673e+01 8.3206e+01 1.0430e+02 8.4200e+01 1.0332e+02 9.2930e+01 9.4412e+01 8.9283e+01 9.8062e+01
 104.7500 9.2375e+01 8.2055e+01 1.0285e+02 8.3040e+01 1.0188e+02 9.1643e+01 9.3103e+01 8.8037e+01 9.6712e+01
 105.0000 9.1097e+01 8.0923e+01 1.0142e+02 8.1898e+01 1.0047e+02 9.0376e+01 9.1815e+01 8.6811e+01 9.5383e+01
 105.2500 8.9840e+01 7.9808e+01 1.0002e+02 8.0773e+01 9.9070e+01 8.9130e+01 9.0547e+01 8.5604e+01 9.4075e+01
 105.5000 8.8602e+01 7.8710e+01 9.8637e+01 7.9667e+01 9.7696e+01 8.7903e+01 8.9299e+01 8.4417e+01 9.2787e+01
 105.7500 8.7384e+01 7.7630e+01 9.7277e+01 7.8578e+01 9.6345e+01 8.6695e+01 8.8071e+01 8.3248e+01 9.1520e+01
 106.0000 8.6185e+01 7.6567e+01 9.5938e+01 7.7505e+01 9.5015e+01 8.5506e+01 8.6862e+01 8.2098e+01 9.0272e+01
 106.2500 8.5005e+01 7.5520e+01 9.4621e+01 7.6450e+01 9.3706e+01 8.4336e+01 8.5672e+01 8.0965e+01 8.9044e+01
 106.5000 8.3844e+01 7.4489e+01 9.3324e+01 7.5410e+01 9.2417e+01 8.3184e+01 8.4500e+01 7.9851e+01 8.7835e+01
 106.7500 8.2700e+01 7.3475e+01 9.2047e+01 7.4387e+01 9.1149e+01 8.2051e+01 8.3347e+01 7.8754e+01 8.6645e+01
 107.0000 8.1575e+01 7.2476e+01 9.0791e+01 7.3380e+01 8.9901e+01 8.0934e+01 8.2212e+01 7.7674e+01 8.5474e+01
 107.2500 8.0466e+01 7.1493e+01 8.9554e+01 7.2388e+01 8.8672e+01 7.9836e+01 8.1095e+01 7.6611e+01 8.4321e+01
 107.5000 7.9375e+01 7.0525e+01 8.8337e+01 7.1412e+01 8.7463e+01 7.8754e+01 7.9995e+01 7.5564e+01 8.3185e+01
 107.7500 7.8301e+01 6.9571e+01 8.7138e+01 7.0450e+01 8.6272e+01 7.7689e+01 7.8912e+01 7.4534e+01 8.2067e+01
 108.0000 7.7244e+01 6.8633e+01 8.5959e+01 6.9504e+01 8.5100e+01 7.6640e+01 7.7845e+01 7.3519e+01 8.0967e+01
 108.2500 7.6203e+01 6.7709e+01 8.4797e+01 6.8572e+01 8.3947e+01 7.5608e+01 7.6796e+01 7.2521e+01 7.9883e+01
 108.5000 7.5178e+01 6.6799e+01 8.3654e+01 6.7654e+01 8.2811e+01 7.4591e+01 7.5762e+01 7.1538e+01 7.8816e+01
 108.7500 7.4168e+01 6.5903e+01 8.2528e+01 6.6750e+01 8.1693e+01 7.3591e+01 7.4745e+01 7.0570e+01 7.7766e+01
 109.0000 7.3175e+01 6.5021e+01 8.1420e+01 6.5860e+01 8.0592e+01 7.2605e+01 7.3743e+01 6.9617e+01 7.6731e+01
 109.2500 7.2196e+01 6.4152e+01 8.0329e+01 6.4984e+01 7.9508e+01 7.1635e+01 7.2756e+01 6.8679e+01 7.5712e+01
 109.5000 7.1233e+01 6.3296e+01 7.9255e+01 6.4121e+01 7.8441e+01 7.0679e+01 7.1784e+01 6.7755e+01 7.4709e+01
 109.7500 7.0284e+01 6.2454e+01 7.8197e+01 6.3270e+01 7.7391e+01 6.9738e+01 7.0828e+01 6.6845e+01 7.3721e+01
 110.0000 6.9350e+01 6.1624e+01 7.7155e+01 6.2433e+01 7.6356e+01 6.8812e+01 6.9886e+01 6.5949e+01 7.2748e+01
 110.2500 6.8430e+01 6.0807e+01 7.6130e+01 6.1609e+01 7.5338e+01 6.7899e+01 6.8958e+01 6.5067e+01 7.1790e+01
 110.5000 6.7523e+01 6.0002e+01 7.5120e+01 6.0797e+01 7.4335e+01 6.7001e+01 6.8045e+01 6.4199e+01 7.0847e+01
 110.7500 6.6631e+01 5.9209e+01 7.4126e+01 5.9997e+01 7.3347e+01 6.6116e+01 6.7145e+01 6.3343e+01 6.9918e+01
 111.0000 6.5752e+01 5.8429e+01 7.3147e+01 5.9210e+01 7.2375e+01 6.5244e+01 6.6259e+01 6.2501e+01 6.9002e+01
 111.2500 6.4887e+01 5.7660e+01 7.2182e+01 5.8434e+01 7.1417e+01 6.4386e+01 6.5387e+01 6.1671e+01 6.8101e+01
 111.5000 6.4034e+01 5.6902e+01 7.1233e+01 5.7670e+01 7.0474e+01 6.3540e+01 6.4527e+01 6.0854e+01 6.7213e+01
 111.7500 6.3195e+01 5.6156e+01 7.0298e+01 5.6917e+01 6.9545e+01 6.2708e+01 6.3681e+01 6.0050e+01 6.6339e+01
 112.0000 6.2368e+01 5.5421e+01 6.9377e+01 5.6175e+01 6.8631e+01 6.1887e+01 6.2847e+01 5.9257e+01 6.5478e+01
 112.2500 6.1553e+01 5.4697e+01 6.8470e+01 5.5445e+01 6.7730e+01 6.1079e+01 6.2026e+01 5.8477e+01 6.4629e+01
 112.5000 6.0751e+01 5.3984e+01 6.7576e+01 5.4725e+01 6.6843e+01 6.0284e+01 6.1217e+01 5.7708e+01 6.3793e+01
 112.7500 5.9961e+01 5.3282e+01 6.6697e+01 5.4017e+01 6.5969e+01 5.9500e+01 6.0421e+01 5.6951e+01 6.2970e+01
 113.0000 5.9182e+01 5.2590e+01 6.5830e+01 5.3318e+01 6.5109e+01 5.8728e+01 5.9636e+01 5.6205e+01 6.2159e+01
 113.2500 5.8416e+01 5.1908e+01 6.4976e+01 5.2630e+01 6.4261e+01 5.7967e+01 5.8863e+01 5.5470e+01 6.1360e+01
 113.5000 5.7660e+01 5.1237e+01 6.4136e+01 5.1952e+01 6.3426e+01 5.7218e+01 5.8102e+01 5.4746e+01 6.0573e+01
 113.7500 5.6916e+01 5.0575e+01 6.3307e+01 5.1285e+01 6.2604e+01 5.6480e+01 5.7351e+01 5.4034e+01 5.9798e+01
 114.0000 5.6183e+01 4.9923e+01 6.2492e+01 5.0627e+01 6.1794e+01 5.5752e+01 5.6612e+01 5.3331e+01 5.9034e+01
 114.2500 5.5461e+01 4.9281e+01 6.1688e+01 4.9979e+01 6.0996e+01 5.5036e+01 5.5885e+01 5.2640e+01 5.8282e+01
 114.5000 5.4749e+01 4.8648e+01 6.0896e+01 4.9340e+01 6.0210e+01 5.4330e+01 5.5167e+01 5.1958e+01 5.7540e+01
 114.7500 5.4048e+01 4.8024e+01 6.0116e+01 4.8710e+01 5.9436e+01 5.3634e+01 5.4460e+01 5.1286e+01 5.6809e+01
 115.0000 5.3357e+01 4.7410e+01 5.9347e+01 4.8090e+01 5.8672e+01 5.2949e+01 5.3764e+01 5.0625e+01 5.6089e+01
 115.2500 5.2675e+01 4.6804e+01 5.8590e+01 4.7478e+01 5.7920e+01 5.2273e+01 5.3077e+01 4.9972e+01 5.5379e+01
 115.5000 5.2004e+01 4.6207e+01 5.7843e+01 4.6876e+01 5.7179e+01 5.1607e+01 5.2400e+01 4.9330e+01 5.4679e+01
 115.7500 5.1343e+01 4.5618e+01 5.7107e+01 4.6282e+01 5.6448e+01 5.0951e+01 5.1733e+01 4.8696e+01 5.3989e+01
 116.0000 5.0690e+01 4.5038e+01 5.6381e+01 4.5696e+01 5.5728e+01 5.0304e+01 5.1076e+01 4.8072e+01 5.3309e+01
 116.2500 5.0047e+01 4.4467e+01 5.5666e+01 4.5119e+01 5.5018e+01 4.9666e+01 5.0428e+01 4.7457e+01 5.2639e+01
 116.5000 4.9414e+01 4.3903e+01 5.4962e+01 4.4550e+01 5.4319e+01 4.9038e+01 4.9790e+01 4.6850e+01 5.1978e+01
 116.7500 4.8789e+01 4.3348e+01 5.4267e+01 4.3989e+01 5.3629e+01 4.8418e+01 4.9160e+01 4.6253e+01 5.1327e+01
 117.0000 4.8174e+01 4.2800e+01 5.3582e+01 4.3437e+01 5.2950e+01 4.7807e+01 4.8540e+01 4.5664e+01 5.0685e+01
 117.2500 4.7567e+01 4.2260e+01 5.2907e+01 4.2892e+01 5.2280e+01 4.7205e+01 4.7928e+01 4.5083e+01 5.0052e+01
 117.5000 4.6969e+01 4.1728e+01 5.2242e+01 4.2354e+01 5.1620e+01 4.6612e+01 4.7325e+01 4.4511e+01 4.9428e+01
 117.7500 4.6379e+01 4.1204e+01 5.1586e+01 4.1825e+01 5.0969e+01 4.6027e+01 4.6731e+01 4.3947e+01 4.8813e+01
 118.0000 4.5798e+01 4.0687e+01 5.0939e+01 4.1303e+01 5.0327e+01 4.5450e+01 4.6145e+01 4.3391e+01 4.8206e+01
 118.2500 4.5225e+01 4.0177e+01 5.0302e+01 4.0788e+01 4.9694e+01 4.4882e+01 4.5568e+01 4.2843e+01 4.7609e+01
 118.5000 4.4660e+01 3.9675e+01 4.9674e+01 4.0280e+01 4.9071e+01 4.4321e+01 4.4998e+01 4.2302e+01 4.7019e+01
 118.7500 4.4103e+01 3.9179e+01 4.9054e+01 3.9780e+01 4.8456e+01 4.3769e+01 4.4437e+01 4.1770e+01 4.6438e+01
 119.0000 4.3554e+01 3.8691e+01 4.8443e+01 3.9287e+01 4.7850e+01 4.3224e+01 4.3883e+01 4.1244e+01 4.5864e+01
 119.2500 4.3012e+01 3.8209e+01 4.7841e+01 3.8800e+01 4.7253e+01 4.2687e+01 4.3338e+01 4.0727e+01 4.5299e+01
 119.5000 4.2478e+01 3.7734e+01 4.7248e+01 3.8321e+01 4.6664e+01 4.2157e+01 4.2800e+01 4.0216e+01 4.4742e+01
 119.7500 4.1952e+01 3.7266e+01 4.6662e+01 3.7848e+01 4.6083e+01 4.1635e+01 4.2269e+01 3.9713e+01 4.4193e+01
 120.0000 4.1433e+01 3.6804e+01 4.6085e+01 3.7381e+01 4.5511e+01 4.1120e+01 4.1746e+01 3.9217e+01 4.3651e+01