	 5.0000 1.6296e+07 1.1309e+07 2.5276e+07 1.1480e+07 2.4536e+07 1.5099e+07 1.9831e+07 1.5800e+07 1.6792e+07 1.7718e+07 1.6698e+07 2.1306e+07 1.2910e+07 2.4536e+07 1.1480e+07
   5.2500 1.5267e+07 1.0787e+07 2.3781e+07 1.0924e+07 2.3096e+07 1.4266e+07 1.8583e+07 1.4811e+07 1.5723e+07 1.6806e+07 1.5639e+07 2.0000e+07 1.2147e+07 2.3096e+07 1.0924e+07
   5.5000 1.4263e+07 1.0255e+07 2.2309e+07 1.0363e+07 2.1674e+07 1.3440e+07 1.7366e+07 1.3844e+07 1.4682e+07 1.5892e+07 1.4608e+07 1.8718e+07 1.1399e+07 2.1674e+07 1.0363e+07
   5.7500 1.3294e+07 9.7211e+06 2.0876e+07 9.8044e+06 2.0288e+07 1.2630e+07 1.6195e+07 1.2909e+07 1.3678e+07 1.4988e+07 1.3616e+07 1.7476e+07 1.0674e+07 2.0288e+07 9.8044e+06
   6.0000 1.2366e+07 9.1921e+06 1.9494e+07 9.2552e+06 1.8949e+07 1.1844e+07 1.5076e+07 1.2014e+07 1.2719e+07 1.4103e+07 1.2669e+07 1.6284e+07 9.9765e+06 1.8949e+07 9.2552e+06
   6.2500 1.1486e+07 8.6716e+06 1.8172e+07 8.7187e+06 1.7667e+07 1.1088e+07 1.4014e+07 1.1163e+07 1.1809e+07 1.3244e+07 1.1772e+07 1.5148e+07 9.3112e+06 1.7667e+07 8.7187e+06
   6.5000 1.0655e+07 8.1612e+06 1.6916e+07 8.1958e+06 1.6447e+07 1.0365e+07 1.3013e+07 1.0359e+07 1.0952e+07 1.2410e+07 1.0927e+07 1.4073e+07 8.6804e+06 1.6447e+07 8.1958e+06
   6.7500 9.8750e+06 7.6668e+06 1.5729e+07 7.6924e+06 1.5294e+07 9.6786e+06 1.2073e+07 9.6035e+06 1.0147e+07 1.1610e+07 1.0135e+07 1.3061e+07 8.0852e+06 1.5294e+07 7.6924e+06
   7.0000 9.1456e+06 7.1886e+06 1.4613e+07 7.2080e+06 1.4208e+07 9.0292e+06 1.1194e+07 8.8966e+06 9.3945e+06 1.0844e+07 9.3944e+06 1.2112e+07 7.5259e+06 1.4208e+07 7.2080e+06
   7.2500 8.4658e+06 6.7319e+06 1.3567e+07 6.7477e+06 1.3190e+07 8.4175e+06 1.0376e+07 8.2375e+06 8.6941e+06 1.0119e+07 8.7050e+06 1.1226e+07 7.0022e+06 1.3190e+07 6.7477e+06
   7.5000 7.8342e+06 6.3180e+06 1.2590e+07 6.3326e+06 1.2240e+07 7.8342e+06 9.6150e+06 7.6248e+06 8.0437e+06 9.4631e+06 8.0649e+06 1.0401e+07 6.5131e+06 1.2240e+07 6.3326e+06
   7.7500 7.2487e+06 5.9398e+06 1.1681e+07 5.9540e+06 1.1353e+07 7.2487e+06 8.9093e+06 7.0565e+06 7.4410e+06 8.8636e+06 7.4715e+06 9.6346e+06 6.0574e+06 1.1353e+07 5.9540e+06
   8.0000 6.7070e+06 5.5762e+06 1.0835e+07 5.5901e+06 1.0529e+07 6.7070e+06 8.2560e+06 6.5304e+06 6.8836e+06 8.2906e+06 6.9225e+06 8.9243e+06 5.6337e+06 1.0529e+07 5.5901e+06
   8.2500 6.2065e+06 5.2241e+06 1.0051e+07 5.2376e+06 9.7648e+06 6.2065e+06 7.6518e+06 6.0443e+06 6.3688e+06 7.7413e+06 6.4152e+06 8.2671e+06 5.2401e+06 9.7648e+06 5.2376e+06
   8.5000 5.7446e+06 4.8623e+06 9.3235e+06 4.8750e+06 9.0562e+06 5.7446e+06 7.0937e+06 5.5954e+06 5.8939e+06 7.2186e+06 5.9467e+06 7.6596e+06 4.8750e+06 9.0562e+06 4.8996e+06
   8.7500 5.3188e+06 4.5247e+06 8.6507e+06 4.5366e+06 8.4003e+06 5.3188e+06 6.5785e+06 5.1815e+06 5.4561e+06 6.7259e+06 5.5145e+06 7.0986e+06 4.5366e+06 8.4003e+06 4.5792e+06
   9.0000 4.9264e+06 4.2119e+06 8.0284e+06 4.2232e+06 7.7938e+06 4.9264e+06 6.1032e+06 4.7999e+06 5.0529e+06 6.2653e+06 5.1160e+06 6.5810e+06 4.2232e+06 7.7938e+06 4.2784e+06
   9.2500 4.5651e+06 3.9223e+06 7.4533e+06 3.9330e+06 7.2332e+06 4.5651e+06 5.6648e+06 4.4485e+06 4.6817e+06 5.8385e+06 4.7486e+06 6.1036e+06 3.9330e+06 7.2332e+06 3.9989e+06
   9.5000 4.2323e+06 3.6542e+06 6.9220e+06 3.6643e+06 6.7154e+06 4.2323e+06 5.2605e+06 4.1248e+06 4.3399e+06 5.4449e+06 4.4099e+06 5.6634e+06 3.6643e+06 6.7154e+06 3.7407e+06
   9.7500 3.9260e+06 3.4061e+06 6.4314e+06 3.4156e+06 6.2374e+06 3.9260e+06 4.8876e+06 3.8267e+06 4.0253e+06 5.0798e+06 4.0976e+06 5.2576e+06 3.4156e+06 6.2374e+06 3.5006e+06
  10.0000 3.6441e+06 3.1764e+06 5.9785e+06 3.1854e+06 5.7962e+06 3.6441e+06 4.5438e+06 3.5524e+06 3.7359e+06 4.7402e+06 3.8097e+06 4.8836e+06 3.1854e+06 5.7962e+06 3.2764e+06
  10.2500 3.3846e+06 2.9638e+06 5.5603e+06 2.9724e+06 5.3890e+06 3.3846e+06 4.2267e+06 3.2998e+06 3.4695e+06 4.4244e+06 3.5443e+06 4.5390e+06 2.9724e+06 5.3890e+06 3.0672e+06
  10.5000 3.1457e+06 2.7670e+06 5.1742e+06 2.7752e+06 5.0130e+06 3.1457e+06 3.9342e+06 3.0671e+06 3.2242e+06 4.1312e+06 3.2996e+06 4.2212e+06 2.7752e+06 5.0130e+06 2.8723e+06
  10.7500 2.9255e+06 2.5847e+06 4.8175e+06 2.5926e+06 4.6658e+06 2.9255e+06 3.6642e+06 2.8528e+06 2.9983e+06 3.8590e+06 3.0738e+06 3.9280e+06 2.5926e+06 4.6658e+06 2.6907e+06
  11.0000 2.7226e+06 2.4159e+06 4.4878e+06 2.4234e+06 4.3449e+06 2.7226e+06 3.4150e+06 2.6551e+06 2.7900e+06 3.6063e+06 2.8653e+06 3.6574e+06 2.4234e+06 4.3449e+06 2.5217e+06
  11.2500 2.5353e+06 2.2595e+06 4.1829e+06 2.2667e+06 4.0482e+06 2.5353e+06 3.1846e+06 2.4727e+06 2.5979e+06 3.3719e+06 2.6728e+06 3.4075e+06 2.2667e+06 4.0482e+06 2.3644e+06
  11.5000 2.3625e+06 2.1144e+06 3.9008e+06 2.1213e+06 3.7738e+06 2.3625e+06 2.9717e+06 2.3044e+06 2.4206e+06 3.1543e+06 2.4948e+06 3.1765e+06 2.1213e+06 3.7738e+06 2.2179e+06
  11.7500 2.2028e+06 1.9798e+06 3.6396e+06 1.9864e+06 3.5198e+06 2.2028e+06 2.7747e+06 2.1488e+06 2.2568e+06 2.9522e+06 2.3302e+06 2.9630e+06 1.9864e+06 3.5198e+06 2.0816e+06
  12.0000 2.0556e+06 1.8549e+06 3.3982e+06 1.8613e+06 3.2851e+06 2.0556e+06 2.5925e+06 2.0053e+06 2.1058e+06 2.7648e+06 2.1780e+06 2.7658e+06 1.8613e+06 3.2851e+06 1.9547e+06
  12.2500 1.9197e+06 1.7390e+06 3.1751e+06 1.7452e+06 3.0684e+06 1.9197e+06 2.4241e+06 1.8729e+06 1.9664e+06 2.5909e+06 2.0372e+06 2.5836e+06 1.7452e+06 3.0684e+06 1.8366e+06
  12.5000 1.7942e+06 1.6314e+06 2.9686e+06 1.6373e+06 2.8679e+06 1.7942e+06 2.2681e+06 1.7506e+06 1.8378e+06 2.4293e+06 1.9069e+06 2.4152e+06 1.6373e+06 2.8679e+06 1.7266e+06
  12.7500 1.6781e+06 1.5313e+06 2.7774e+06 1.5370e+06 2.6822e+06 1.6781e+06 2.1236e+06 1.6375e+06 1.7188e+06 2.2791e+06 1.7860e+06 2.2594e+06 1.5370e+06 2.6822e+06 1.6240e+06
  13.0000 1.5707e+06 1.4382e+06 2.6001e+06 1.4438e+06 2.5102e+06 1.5707e+06 1.9896e+06 1.5328e+06 1.6086e+06 2.1393e+06 1.6739e+06 2.1149e+06 1.4438e+06 2.5102e+06 1.5283e+06
  13.2500 1.4711e+06 1.3515e+06 2.4354e+06 1.3569e+06 2.3506e+06 1.4711e+06 1.8651e+06 1.4357e+06 1.5065e+06 2.0090e+06 1.5699e+06 1.9810e+06 1.3569e+06 2.3506e+06 1.4389e+06
  13.5000 1.3787e+06 1.2708e+06 2.2825e+06 1.2760e+06 2.2023e+06 1.3787e+06 1.7494e+06 1.3456e+06 1.4118e+06 1.8877e+06 1.4731e+06 1.8566e+06 1.2760e+06 2.2023e+06 1.3555e+06
  13.7500 1.2930e+06 1.1955e+06 2.1403e+06 1.2006e+06 2.0645e+06 1.2930e+06 1.6418e+06 1.2620e+06 1.3239e+06 1.7744e+06 1.3831e+06 1.7410e+06 1.2006e+06 2.0645e+06 1.2775e+06
  14.0000 1.2132e+06 1.1252e+06 2.0079e+06 1.1301e+06 1.9362e+06 1.2132e+06 1.5416e+06 1.1842e+06 1.2422e+06 1.6687e+06 1.2994e+06 1.6334e+06 1.1301e+06 1.9362e+06 1.2045e+06
  14.2500 1.1390e+06 1.0596e+06 1.8845e+06 1.0644e+06 1.8168e+06 1.1390e+06 1.4483e+06 1.1119e+06 1.1662e+06 1.5699e+06 1.2213e+06 1.5333e+06 1.0644e+06 1.8168e+06 1.1362e+06
  14.5000 1.0700e+06 9.9831e+05 1.7696e+06 1.0030e+06 1.7055e+06 1.0700e+06 1.3613e+06 1.0446e+06 1.0954e+06 1.4776e+06 1.1485e+06 1.4401e+06 1.0030e+06 1.7055e+06 1.0722e+06
  14.7500 1.0059e+06 9.4114e+05 1.6627e+06 9.4568e+05 1.6022e+06 1.0059e+06 1.2804e+06 9.8205e+05 1.0297e+06 1.3916e+06 1.0808e+06 1.3534e+06 9.4568e+05 1.6022e+06 1.0124e+06
  15.0000 9.4633e+05 8.8780e+05 1.5634e+06 8.9224e+05 1.5061e+06 9.4633e+05 1.2051e+06 9.2396e+05 9.6870e+05 1.3114e+06 1.0178e+06 1.2729e+06 8.9224e+05 1.5061e+06 9.5650e+05
  15.2500 8.9094e+05 8.3798e+05 1.4710e+06 8.4232e+05 1.4168e+06 8.9094e+05 1.1350e+06 8.6993e+05 9.1195e+05 1.2366e+06 9.5911e+05 1.1980e+06 8.4232e+05 1.4168e+06 9.0414e+05
  15.5000 8.3937e+05 7.9140e+05 1.3849e+06 7.9566e+05 1.3336e+06 8.3937e+05 1.0696e+06 8.1962e+05 8.5911e+05 1.1668e+06 9.0437e+05 1.1282e+06 7.9566e+05 1.3336e+06 8.5508e+05
  15.7500 7.9130e+05 7.4782e+05 1.3047e+06 7.5198e+05 1.2560e+06 7.9130e+05 1.0086e+06 7.7273e+05 8.0987e+05 1.1014e+06 8.5326e+05 1.0631e+06 7.5198e+05 1.2560e+06 8.0907e+05
  16.0000 7.4646e+05 7.0700e+05 1.2297e+06 7.1108e+05 1.1836e+06 7.4646e+05 9.5168e+05 7.2898e+05 7.6393e+05 1.0403e+06 8.0550e+05 1.0023e+06 7.1108e+05 1.1836e+06 7.6589e+05
  16.2500 7.0458e+05 6.6873e+05 1.1597e+06 6.7273e+05 1.1160e+06 7.0458e+05 8.9840e+05 6.8813e+05 7.2103e+05 9.8306e+05 7.6082e+05 9.4558e+05 6.7273e+05 1.1160e+06 7.2533e+05
  16.5000 6.6544e+05 6.3283e+05 1.0942e+06 6.3675e+05 1.0528e+06 6.6544e+05 8.4854e+05 6.4994e+05 6.8094e+05 9.2937e+05 7.1899e+05 8.9252e+05 6.3675e+05 1.0528e+06 6.8721e+05
  16.7500 6.2882e+05 5.9912e+05 1.0329e+06 6.0297e+05 9.9370e+05 6.2882e+05 8.0184e+05 6.1420e+05 6.4343e+05 8.7899e+05 6.7980e+05 8.4285e+05 6.0297e+05 9.9370e+05 6.5134e+05
  17.0000 5.9453e+05 5.6744e+05 9.7549e+05 5.7121e+05 9.3833e+05 5.9453e+05 7.5805e+05 5.8074e+05 6.0831e+05 8.3168e+05 6.4304e+05 7.9633e+05 5.7121e+05 9.3833e+05 6.1759e+05
  17.2500 5.6239e+05 5.3766e+05 9.2165e+05 5.4135e+05 8.8644e+05 5.6239e+05 7.1697e+05 5.4938e+05 5.7540e+05 7.8721e+05 6.0853e+05 7.5272e+05 5.4135e+05 8.8644e+05 5.8578e+05
  17.5000 5.3225e+05 5.0962e+05 8.7114e+05 5.1325e+05 8.3776e+05 5.3225e+05 6.7839e+05 5.1997e+05 5.4454e+05 7.4538e+05 5.7612e+05 7.1181e+05 5.1325e+05 8.3776e+05 5.5581e+05
  17.7500 5.0396e+05 4.8323e+05 8.2371e+05 4.8678e+05 7.9207e+05 5.0396e+05 6.4214e+05 4.9235e+05 5.1557e+05 7.0601e+05 5.4566e+05 6.7340e+05 4.8678e+05 7.9207e+05 5.2754e+05
  18.0000 4.7743e+05 4.5841e+05 7.7924e+05 4.6190e+05 7.4925e+05 4.7743e+05 6.0813e+05 4.6646e+05 4.8840e+05 6.6903e+05 5.1706e+05 6.3738e+05 4.6190e+05 7.4925e+05 5.0093e+05
  18.2500 4.5255e+05 4.3509e+05 7.3756e+05 4.3851e+05 7.0912e+05 4.5255e+05 5.7622e+05 4.4218e+05 4.6293e+05 6.3431e+05 4.9022e+05 6.0361e+05 4.3851e+05 7.0912e+05 4.7590e+05
  18.5000 4.2921e+05 4.1316e+05 6.9847e+05 4.1651e+05 6.7149e+05 4.2921e+05 5.4627e+05 4.1939e+05 4.3903e+05 6.0170e+05 4.6501e+05 5.7193e+05 4.1651e+05 6.7149e+05 4.5234e+05
  18.7500 4.0728e+05 3.9252e+05 6.6177e+05 3.9581e+05 6.3617e+05 4.0728e+05 5.1813e+05 3.9799e+05 4.1658e+05 5.7103e+05 4.4131e+05 5.4218e+05 3.9581e+05 6.3617e+05 4.3015e+05
  19.0000 3.8668e+05 3.7307e+05 6.2731e+05 3.7631e+05 6.0301e+05 3.8668e+05 4.9168e+05 3.7787e+05 3.9549e+05 5.4217e+05 4.1903e+05 5.1423e+05 3.7631e+05 6.0301e+05 4.0922e+05
  19.2500 3.6730e+05 3.5475e+05 5.9491e+05 3.5793e+05 5.7185e+05 3.6730e+05 4.6680e+05 3.5896e+05 3.7565e+05 5.1500e+05 3.9805e+05 4.8796e+05 3.5793e+05 5.7185e+05 3.8948e+05
  19.5000 3.4907e+05 3.3747e+05 5.6445e+05 3.4059e+05 5.4254e+05 3.4907e+05 4.4337e+05 3.4116e+05 3.5699e+05 4.8941e+05 3.7830e+05 4.6324e+05 3.4059e+05 5.4254e+05 3.7084e+05
  19.7500 3.3190e+05 3.2116e+05 5.3577e+05 3.2422e+05 5.1497e+05 3.3190e+05 4.2130e+05 3.2439e+05 3.3942e+05 4.6528e+05 3.5968e+05 4.3997e+05 3.2422e+05 5.1497e+05 3.5322e+05
  20.0000 3.1573e+05 3.0576e+05 5.0877e+05 3.0877e+05 4.8901e+05 3.1573e+05 4.0050e+05 3.0860e+05 3.2286e+05 4.4251e+05 3.4212e+05 4.1805e+05 3.0877e+05 4.8901e+05 3.3657e+05
  20.2500 3.0048e+05 2.9122e+05 4.8333e+05 2.9416e+05 4.6456e+05 3.0048e+05 3.8089e+05 2.9370e+05 3.0724e+05 4.2102e+05 3.2555e+05 3.9739e+05 2.9416e+05 4.6456e+05 3.2082e+05
  20.5000 2.8608e+05 2.7747e+05 4.5934e+05 2.8035e+05 4.4150e+05 2.8608e+05 3.6237e+05 2.7965e+05 2.9252e+05 4.0072e+05 3.0990e+05 3.7790e+05 2.8035e+05 4.4150e+05 3.0591e+05
  20.7500 2.7250e+05 2.6446e+05 4.3670e+05 2.6728e+05 4.1976e+05 2.7250e+05 3.4489e+05 2.6639e+05 2.7862e+05 3.8153e+05 2.9512e+05 3.5951e+05 2.6728e+05 4.1976e+05 2.9179e+05
  21.0000 2.5967e+05 2.5215e+05 4.1534e+05 2.5490e+05 3.9924e+05 2.5967e+05 3.2837e+05 2.5386e+05 2.6549e+05 3.6339e+05 2.8115e+05 3.4215e+05 2.5490e+05 3.9924e+05 2.7841e+05
  21.2500 2.4755e+05 2.4050e+05 3.9516e+05 2.4318e+05 3.7986e+05 2.4755e+05 3.1276e+05 2.4202e+05 2.5308e+05 3.4622e+05 2.6793e+05 3.2574e+05 2.4318e+05 3.7986e+05 2.6572e+05
  21.5000 2.3608e+05 2.2946e+05 3.7609e+05 2.3207e+05 3.6155e+05 2.3608e+05 2.9799e+05 2.3082e+05 2.4134e+05 3.2997e+05 2.5542e+05 3.1024e+05 2.3207e+05 3.6155e+05 2.5368e+05
  21.7500 2.2523e+05 2.1900e+05 3.5806e+05 2.2153e+05 3.4425e+05 2.2523e+05 2.8401e+05 2.2022e+05 2.3024e+05 3.1458e+05 2.4358e+05 2.9557e+05 2.2153e+05 3.4425e+05 2.4226e+05
  22.0000 2.1497e+05 2.0909e+05 3.4102e+05 2.1154e+05 3.2789e+05 2.1497e+05 2.7078e+05 2.1020e+05 2.1974e+05 3.0000e+05 2.3236e+05 2.8170e+05 2.1154e+05 3.2789e+05 2.3142e+05
  22.2500 2.0525e+05 1.9971e+05 3.2491e+05 2.0208e+05 3.1243e+05 2.0525e+05 2.5827e+05 2.0071e+05 2.0980e+05 2.8621e+05 2.2175e+05 2.6859e+05 2.0208e+05 3.1243e+05 2.2114e+05
  22.5000 1.9606e+05 1.9081e+05 3.0968e+05 1.9311e+05 2.9782e+05 1.9606e+05 2.4643e+05 1.9172e+05 2.0039e+05 2.7315e+05 2.1170e+05 2.5618e+05 1.9311e+05 2.9782e+05 2.1140e+05
  22.7500 1.8735e+05 1.8238e+05 2.9528e+05 1.8460e+05 2.8399e+05 1.8735e+05 2.3522e+05 1.8321e+05 1.9148e+05 2.6078e+05 2.0218e+05 2.4444e+05 1.8460e+05 2.8399e+05 2.0215e+05
  23.0000 1.7909e+05 1.7439e+05 2.8164e+05 1.7653e+05 2.7091e+05 1.7909e+05 2.2460e+05 1.7515e+05 1.8304e+05 2.4906e+05 1.9316e+05 2.3332e+05 1.7653e+05 2.7091e+05 1.9338e+05
  23.2500 1.7127e+05 1.6680e+05 2.6874e+05 1.6887e+05 2.5852e+05 1.7127e+05 2.1454e+05 1.6750e+05 1.7503e+05 2.3795e+05 1.8460e+05 2.2279e+05 1.6887e+05 2.5852e+05 1.8504e+05
  23.5000 1.6384e+05 1.5960e+05 2.5651e+05 1.6159e+05 2.4679e+05 1.6384e+05 2.0499e+05 1.6025e+05 1.6744e+05 2.2741e+05 1.7649e+05 2.1281e+05 1.6159e+05 2.4679e+05 1.7712e+05
  23.7500 1.5680e+05 1.5277e+05 2.4492e+05 1.5468e+05 2.3568e+05 1.5680e+05 1.9594e+05 1.5337e+05 1.6023e+05 2.1740e+05 1.6879e+05 2.0334e+05 1.5468e+05 2.3568e+05 1.6960e+05
  24.0000 1.5011e+05 1.4627e+05 2.3394e+05 1.4811e+05 2.2514e+05 1.5011e+05 1.8735e+05 1.4683e+05 1.5339e+05 2.0791e+05 1.6148e+05 1.9437e+05 1.4811e+05 2.2514e+05 1.6244e+05
  24.2500 1.4376e+05 1.4009e+05 2.2352e+05 1.4186e+05 2.1514e+05 1.4376e+05 1.7920e+05 1.4062e+05 1.4689e+05 1.9889e+05 1.5453e+05 1.8585e+05 1.4186e+05 2.1514e+05 1.5564e+05
  24.5000 1.3772e+05 1.3422e+05 2.1363e+05 1.3592e+05 2.0566e+05 1.3772e+05 1.7146e+05 1.3472e+05 1.4071e+05 1.9033e+05 1.4793e+05 1.7776e+05 1.3592e+05 2.0566e+05 1.4916e+05
  24.7500 1.3198e+05 1.2864e+05 2.0424e+05 1.3026e+05 1.9665e+05 1.3198e+05 1.6410e+05 1.2912e+05 1.3484e+05 1.8218e+05 1.4165e+05 1.7008e+05 1.3026e+05 1.9665e+05 1.4299e+05
  25.0000 1.2652e+05 1.2333e+05 1.9533e+05 1.2488e+05 1.8810e+05 1.2652e+05 1.5710e+05 1.2378e+05 1.2926e+05 1.7444e+05 1.3568e+05 1.6278e+05 1.2488e+05 1.8810e+05 1.3711e+05
  25.2500 1.2133e+05 1.1827e+05 1.8687e+05 1.1975e+05 1.7998e+05 1.2133e+05 1.5045e+05 1.1870e+05 1.2395e+05 1.6707e+05 1.3001e+05 1.5584e+05 1.1975e+05 1.7998e+05 1.3151e+05
  25.5000 1.1639e+05 1.1345e+05 1.7882e+05 1.1487e+05 1.7226e+05 1.1639e+05 1.4412e+05 1.1387e+05 1.1890e+05 1.6006e+05 1.2460e+05 1.4924e+05 1.1487e+05 1.7226e+05 1.2618e+05
  25.7500 1.1168e+05 1.0886e+05 1.7117e+05 1.1021e+05 1.6492e+05 1.1168e+05 1.3810e+05 1.0927e+05 1.1408e+05 1.5339e+05 1.1946e+05 1.4297e+05 1.1021e+05 1.6492e+05 1.2109e+05
  26.0000 1.0720e+05 1.0449e+05 1.6389e+05 1.0577e+05 1.5794e+05 1.0720e+05 1.3237e+05 1.0489e+05 1.0950e+05 1.4704e+05 1.1455e+05 1.3700e+05 1.0577e+05 1.5794e+05 1.1623e+05
  26.2500 1.0292e+05 1.0031e+05 1.5697e+05 1.0153e+05 1.5130e+05 1.0292e+05 1.2691e+05 1.0072e+05 1.0513e+05 1.4098e+05 1.0988e+05 1.3131e+05 1.0153e+05 1.5130e+05 1.1160e+05
  26.5000 9.8851e+04 9.6334e+04 1.5038e+05 9.7489e+04 1.4498e+05 9.8851e+04 1.2171e+05 9.6735e+04 1.0097e+05 1.3521e+05 1.0543e+05 1.2590e+05 9.7489e+04 1.4498e+05 1.0718e+05
  26.7500 9.4967e+04 9.2537e+04 1.4410e+05 9.3630e+04 1.3896e+05 9.4967e+04 1.1675e+05 9.2938e+04 9.6996e+04 1.2971e+05 1.0118e+05 1.2074e+05 9.3630e+04 1.3896e+05 1.0295e+05
  27.0000 9.1262e+04 8.8913e+04 1.3813e+05 8.9947e+04 1.3323e+05 9.1262e+04 1.1203e+05 8.9316e+04 9.3208e+04 1.2446e+05 9.7133e+04 1.1582e+05 8.9947e+04 1.3323e+05 9.8917e+04
  27.2500 8.7727e+04 8.5454e+04 1.3244e+05 8.6431e+04 1.2778e+05 8.7727e+04 1.0752e+05 8.5860e+04 8.9594e+04 1.1946e+05 9.3271e+04 1.1114e+05 8.6431e+04 1.2778e+05 9.5066e+04
  27.5000 8.4353e+04 8.2152e+04 1.2702e+05 8.3075e+04 1.2258e+05 8.4353e+04 1.0323e+05 8.2561e+04 8.6145e+04 1.1470e+05 8.9588e+04 1.0667e+05 8.3075e+04 1.2258e+05 9.1389e+04
  27.7500 8.1132e+04 7.8999e+04 1.2186e+05 7.9870e+04 1.1762e+05 8.1132e+04 9.9134e+04 7.9412e+04 8.2852e+04 1.1015e+05 8.6072e+04 1.0242e+05 7.9870e+04 1.1762e+05 8.7877e+04
  28.0000 7.8055e+04 7.5986e+04 1.1694e+05 7.6809e+04 1.1290e+05 7.8055e+04 9.5227e+04 7.6404e+04 7.9707e+04 1.0581e+05 8.2717e+04 9.8355e+04 7.6809e+04 1.1290e+05 8.4520e+04
  28.2500 7.5116e+04 7.3107e+04 1.1224e+05 7.3883e+04 1.0840e+05 7.5116e+04 9.1498e+04 7.3530e+04 7.6702e+04 1.0166e+05 7.9513e+04 9.4481e+04 7.3883e+04 1.0840e+05 8.1312e+04
  28.5000 7.2307e+04 7.0355e+04 1.0777e+05 7.1087e+04 1.0410e+05 7.2307e+04 8.7938e+04 7.0783e+04 7.3830e+04 9.7709e+04 7.6453e+04 9.0784e+04 7.1087e+04 1.0410e+05 7.8245e+04
  28.7500 6.9621e+04 6.7722e+04 1.0350e+05 6.8413e+04 9.9999e+04 6.9621e+04 8.4538e+04 6.8157e+04 7.1085e+04 9.3931e+04 7.3529e+04 8.7254e+04 6.8413e+04 9.9999e+04 7.5312e+04
  29.0000 6.7052e+04 6.5204e+04 9.9419e+04 6.5855e+04 9.6086e+04 6.7052e+04 8.1290e+04 6.5645e+04 6.8460e+04 9.0321e+04 7.0734e+04 8.3882e+04 6.5855e+04 9.6086e+04 7.2506e+04
  29.2500 6.4596e+04 6.2795e+04 9.5527e+04 6.3408e+04 9.2349e+04 6.4596e+04 7.8186e+04 6.3242e+04 6.5949e+04 8.6871e+04 6.8063e+04 8.0661e+04 6.3408e+04 9.2349e+04 6.9820e+04
  29.5000 6.2244e+04 6.0488e+04 9.1811e+04 6.1066e+04 8.8780e+04 6.2244e+04 7.5219e+04 6.0942e+04 6.3546e+04 8.3573e+04 6.5507e+04 7.7583e+04 6.1066e+04 8.8780e+04 6.7249e+04
  29.7500 5.9994e+04 5.8280e+04 8.8260e+04 5.8824e+04 8.5370e+04 5.9994e+04 7.2382e+04 5.8741e+04 6.1246e+04 8.0420e+04 6.3063e+04 7.4640e+04 5.8824e+04 8.5370e+04 6.4787e+04
  30.0000 5.7838e+04 5.6165e+04 8.4868e+04 5.6677e+04 8.2111e+04 5.7838e+04 6.9669e+04 5.6633e+04 5.9043e+04 7.7403e+04 6.0724e+04 7.1827e+04 5.6677e+04 8.2111e+04 6.2429e+04
  30.2500 5.5774e+04 5.4138e+04 8.1625e+04 5.4620e+04 7.8996e+04 5.5774e+04 6.7073e+04 5.4614e+04 5.6934e+04 7.4516e+04 5.8485e+04 6.9136e+04 5.4620e+04 7.8996e+04 6.0170e+04
  30.5000 5.3796e+04 5.2196e+04 7.8524e+04 5.2650e+04 7.6017e+04 5.3796e+04 6.4588e+04 5.2680e+04 5.4913e+04 7.1753e+04 5.6341e+04 6.6561e+04 5.2650e+04 7.6017e+04 5.8005e+04
  30.7500 5.1901e+04 5.0334e+04 7.5559e+04 5.0761e+04 7.3167e+04 5.1901e+04 6.2210e+04 5.0826e+04 5.2976e+04 6.9108e+04 5.4288e+04 6.4096e+04 5.0761e+04 7.3167e+04 5.5930e+04
  31.0000 5.0084e+04 4.8549e+04 7.2722e+04 4.8951e+04 7.0441e+04 5.0084e+04 5.9933e+04 4.9048e+04 5.1120e+04 6.6576e+04 5.2322e+04 6.1737e+04 4.8951e+04 7.0441e+04 5.3940e+04
  31.2500 4.8342e+04 4.6836e+04 7.0007e+04 4.7215e+04 6.7831e+04 4.8342e+04 5.7752e+04 4.7344e+04 4.9340e+04 6.4149e+04 5.0437e+04 5.9478e+04 4.7215e+04 6.7831e+04 5.2032e+04
  31.5000 4.6671e+04 4.5194e+04 6.7409e+04 4.5549e+04 6.5333e+04 4.6671e+04 5.5662e+04 4.5709e+04 4.7632e+04 6.1825e+04 4.8630e+04 5.7315e+04 4.5549e+04 6.5333e+04 5.0200e+04
  31.7500 4.5067e+04 4.3617e+04 6.4921e+04 4.3952e+04 6.2941e+04 4.5067e+04 5.3660e+04 4.4141e+04 4.5994e+04 5.9597e+04 4.6898e+04 5.5242e+04 4.3952e+04 6.2941e+04 4.8443e+04
  32.0000 4.3529e+04 4.2104e+04 6.2538e+04 4.2418e+04 6.0650e+04 4.3529e+04 5.1740e+04 4.2635e+04 4.4422e+04 5.7461e+04 4.5237e+04 5.3255e+04 4.2418e+04 6.0650e+04 4.6757e+04
  32.2500 4.2052e+04 4.0650e+04 6.0255e+04 4.0946e+04 5.8454e+04 4.2052e+04 4.9900e+04 4.1190e+04 4.2913e+04 5.5413e+04 4.3644e+04 5.1351e+04 4.0946e+04 5.8454e+04 4.5138e+04
  32.5000 4.0633e+04 3.9255e+04 5.8069e+04 3.9533e+04 5.6350e+04 4.0633e+04 4.8134e+04 3.9802e+04 4.1464e+04 5.3449e+04 4.2115e+04 4.9525e+04 3.9533e+04 5.6350e+04 4.3582e+04
  32.7500 3.9271e+04 3.7914e+04 5.5972e+04 3.8176e+04 5.4334e+04 3.9271e+04 4.6441e+04 3.8470e+04 4.0073e+04 5.1564e+04 4.0648e+04 4.7774e+04 3.8176e+04 5.4334e+04 4.2089e+04
  33.0000 3.7963e+04 3.6626e+04 5.3963e+04 3.6872e+04 5.2400e+04 3.7963e+04 4.4816e+04 3.7189e+04 3.8736e+04 4.9756e+04 3.9240e+04 4.6094e+04 3.6872e+04 5.2400e+04 4.0654e+04
  33.2500 3.6705e+04 3.5388e+04 5.2037e+04 3.5620e+04 5.0546e+04 3.6705e+04 4.3257e+04 3.5959e+04 3.7452e+04 4.8021e+04 3.7888e+04 4.4482e+04 3.5620e+04 5.0546e+04 3.9275e+04
  33.5000 3.5497e+04 3.4198e+04 5.0190e+04 3.4417e+04 4.8768e+04 3.5497e+04 4.1761e+04 3.4776e+04 3.6217e+04 4.6356e+04 3.6589e+04 4.2936e+04 3.4417e+04 4.8768e+04 3.7950e+04
  33.7500 3.4335e+04 3.3055e+04 4.8418e+04 3.3260e+04 4.7062e+04 3.4335e+04 4.0324e+04 3.3639e+04 3.5031e+04 4.4758e+04 3.5343e+04 4.1451e+04 3.3260e+04 4.7062e+04 3.6677e+04
  34.0000 3.3218e+04 3.1956e+04 4.6719e+04 3.2149e+04 4.5425e+04 3.3218e+04 3.8945e+04 3.2546e+04 3.3890e+04 4.3223e+04 3.4145e+04 4.0026e+04 3.2149e+04 4.5425e+04 3.5454e+04
  34.2500 3.2143e+04 3.0898e+04 4.5088e+04 3.1081e+04 4.3854e+04 3.2143e+04 3.7621e+04 3.1494e+04 3.2792e+04 4.1749e+04 3.2994e+04 3.8658e+04 3.1081e+04 4.3854e+04 3.4277e+04
  34.5000 3.1109e+04 2.9882e+04 4.3523e+04 3.0054e+04 4.2346e+04 3.1109e+04 3.6348e+04 3.0482e+04 3.1736e+04 4.0333e+04 3.1889e+04 3.7344e+04 3.0054e+04 4.2346e+04 3.3146e+04
  34.7500 3.0115e+04 2.8904e+04 4.2021e+04 2.9066e+04 4.0898e+04 3.0115e+04 3.5125e+04 2.9509e+04 3.0720e+04 3.8972e+04 3.0826e+04 3.6082e+04 2.9066e+04 4.0898e+04 3.2058e+04
  35.0000 2.9157e+04 2.7962e+04 4.0578e+04 2.8116e+04 3.9507e+04 2.9157e+04 3.3950e+04 2.8572e+04 2.9743e+04 3.7664e+04 2.9804e+04 3.4868e+04 2.8116e+04 3.9507e+04 3.1011e+04
  35.2500 2.8235e+04 2.7056e+04 3.9192e+04 2.7201e+04 3.8171e+04 2.8235e+04 3.2820e+04 2.7669e+04 2.8801e+04 3.6407e+04 2.8821e+04 3.3702e+04 2.7201e+04 3.8171e+04 3.0003e+04
  35.5000 2.7348e+04 2.6184e+04 3.7861e+04 2.6321e+04 3.6887e+04 2.7348e+04 3.1734e+04 2.6800e+04 2.7895e+04 3.5199e+04 2.7876e+04 3.2582e+04 2.6321e+04 3.6887e+04 2.9033e+04
  35.7500 2.6493e+04 2.5345e+04 3.6582e+04 2.5474e+04 3.5652e+04 2.6493e+04 3.0689e+04 2.5964e+04 2.7022e+04 3.4036e+04 2.6966e+04 3.1504e+04 2.5474e+04 3.5652e+04 2.8100e+04
  36.0000 2.5669e+04 2.4536e+04 3.5352e+04 2.4658e+04 3.4466e+04 2.5669e+04 2.9684e+04 2.5158e+04 2.6181e+04 3.2918e+04 2.6090e+04 3.0467e+04 2.4658e+04 3.4466e+04 2.7201e+04
  36.2500 2.4876e+04 2.3757e+04 3.4170e+04 2.3872e+04 3.3325e+04 2.4876e+04 2.8717e+04 2.4381e+04 2.5371e+04 3.1842e+04 2.5248e+04 2.9469e+04 2.3872e+04 3.3325e+04 2.6335e+04
  36.5000 2.4111e+04 2.3006e+04 3.3034e+04 2.3116e+04 3.2227e+04 2.4111e+04 2.7786e+04 2.3632e+04 2.4590e+04 3.0807e+04 2.4437e+04 2.8510e+04 2.3116e+04 3.2227e+04 2.5501e+04
  36.7500 2.3374e+04 2.2283e+04 3.1941e+04 2.2387e+04 3.1172e+04 2.3374e+04 2.6890e+04 2.2910e+04 2.3838e+04 2.9810e+04 2.3656e+04 2.7586e+04 2.2387e+04 3.1172e+04 2.4697e+04
  37.0000 2.2663e+04 2.1586e+04 3.0889e+04 2.1684e+04 3.0156e+04 2.2663e+04 2.6028e+04 2.2214e+04 2.3112e+04 2.8851e+04 2.2903e+04 2.6697e+04 2.1684e+04 3.0156e+04 2.3923e+04
  37.2500 2.1978e+04 2.0914e+04 2.9877e+04 2.1007e+04 2.9178e+04 2.1978e+04 2.5197e+04 2.1543e+04 2.2412e+04 2.7927e+04 2.2179e+04 2.5841e+04 2.1007e+04 2.9178e+04 2.3177e+04
  37.5000 2.1316e+04 2.0266e+04 2.8904e+04 2.0354e+04 2.8237e+04 2.1316e+04 2.4397e+04 2.0896e+04 2.1737e+04 2.7037e+04 2.1480e+04 2.5016e+04 2.0354e+04 2.8237e+04 2.2457e+04
  37.7500 2.0679e+04 1.9642e+04 2.7966e+04 1.9725e+04 2.7331e+04 2.0679e+04 2.3627e+04 2.0271e+04 2.1086e+04 2.6180e+04 2.0808e+04 2.4222e+04 1.9725e+04 2.7331e+04 2.1763e+04
  38.0000 2.0063e+04 1.9039e+04 2.7064e+04 1.9118e+04 2.6458e+04 2.0063e+04 2.2884e+04 1.9668e+04 2.0458e+04 2.5354e+04 2.0159e+04 2.3457e+04 1.9118e+04 2.6458e+04 2.1094e+04
  38.2500 1.9469e+04 1.8457e+04 2.6195e+04 1.8532e+04 2.5618e+04 1.9469e+04 2.2168e+04 1.9087e+04 1.9851e+04 2.4558e+04 1.9534e+04 2.2720e+04 1.8532e+04 2.5618e+04 2.0448e+04
  38.5000 1.8896e+04 1.7897e+04 2.5358e+04 1.7968e+04 2.4808e+04 1.8896e+04 2.1478e+04 1.8525e+04 1.9266e+04 2.3791e+04 1.8930e+04 2.2010e+04 1.7968e+04 2.4808e+04 1.9825e+04
  38.7500 1.8342e+04 1.7355e+04 2.4552e+04 1.7423e+04 2.4028e+04 1.8342e+04 2.0813e+04 1.7983e+04 1.8701e+04 2.3052e+04 1.8349e+04 2.1325e+04 1.7423e+04 2.4028e+04 1.9224e+04
  39.0000 1.7807e+04 1.6833e+04 2.3776e+04 1.6897e+04 2.3276e+04 1.7807e+04 2.0172e+04 1.7459e+04 1.8155e+04 2.2338e+04 1.7788e+04 2.0665e+04 1.6897e+04 2.3276e+04 1.8644e+04
  39.2500 1.7291e+04 1.6328e+04 2.3027e+04 1.6389e+04 2.2551e+04 1.7291e+04 1.9553e+04 1.6954e+04 1.7628e+04 2.1651e+04 1.7247e+04 2.0028e+04 1.6389e+04 2.2551e+04 1.8084e+04
  39.5000 1.6792e+04 1.5841e+04 2.2306e+04 1.5899e+04 2.1853e+04 1.6792e+04 1.8956e+04 1.6465e+04 1.7119e+04 2.0987e+04 1.6724e+04 1.9414e+04 1.5899e+04 2.1853e+04 1.7544e+04
  39.7500 1.6310e+04 1.5371e+04 2.1610e+04 1.5426e+04 2.1179e+04 1.6310e+04 1.8380e+04 1.5993e+04 1.6627e+04 2.0347e+04 1.6220e+04 1.8821e+04 1.5426e+04 2.1179e+04 1.7022e+04
  40.0000 1.5844e+04 1.4916e+04 2.0940e+04 1.4969e+04 2.0529e+04 1.5844e+04 1.7825e+04 1.5537e+04 1.6152e+04 1.9730e+04 1.5734e+04 1.8250e+04 1.4969e+04 2.0529e+04 1.6518e+04
  40.2500 1.5394e+04 1.4477e+04 2.0293e+04 1.4527e+04 1.9902e+04 1.5394e+04 1.7289e+04 1.5096e+04 1.5692e+04 1.9134e+04 1.5264e+04 1.7698e+04 1.4527e+04 1.9902e+04 1.6031e+04
  40.5000 1.4959e+04 1.4053e+04 1.9669e+04 1.4101e+04 1.9297e+04 1.4959e+04 1.6771e+04 1.4670e+04 1.5248e+04 1.8558e+04 1.4810e+04 1.7166e+04 1.4101e+04 1.9297e+04 1.5560e+04
  40.7500 1.4538e+04 1.3643e+04 1.9068e+04 1.3689e+04 1.8713e+04 1.4538e+04 1.6271e+04 1.4257e+04 1.4819e+04 1.8003e+04 1.4372e+04 1.6652e+04 1.3689e+04 1.8713e+04 1.5106e+04
  41.0000 1.4131e+04 1.3247e+04 1.8487e+04 1.3290e+04 1.8150e+04 1.4131e+04 1.5789e+04 1.3859e+04 1.4404e+04 1.7467e+04 1.3949e+04 1.6156e+04 1.3290e+04 1.8150e+04 1.4666e+04
  41.2500 1.3738e+04 1.2865e+04 1.7927e+04 1.2906e+04 1.7607e+04 1.3738e+04 1.5323e+04 1.3473e+04 1.4002e+04 1.6949e+04 1.3541e+04 1.5677e+04 1.2906e+04 1.7607e+04 1.4242e+04
  41.5000 1.3357e+04 1.2495e+04 1.7387e+04 1.2534e+04 1.7082e+04 1.3357e+04 1.4873e+04 1.3100e+04 1.3613e+04 1.6449e+04 1.3146e+04 1.5214e+04 1.2534e+04 1.7082e+04 1.3832e+04
  41.7500 1.2988e+04 1.2137e+04 1.6865e+04 1.2174e+04 1.6575e+04 1.2988e+04 1.4438e+04 1.2739e+04 1.3238e+04 1.5966e+04 1.2764e+04 1.4767e+04 1.2174e+04 1.6575e+04 1.3435e+04
  42.0000 1.2632e+04 1.1791e+04 1.6361e+04 1.1827e+04 1.6086e+04 1.2632e+04 1.4018e+04 1.2390e+04 1.2874e+04 1.5500e+04 1.2396e+04 1.4336e+04 1.1827e+04 1.6086e+04 1.3052e+04
  42.2500 1.2287e+04 1.1457e+04 1.5875e+04 1.1491e+04 1.5613e+04 1.2287e+04 1.3612e+04 1.2052e+04 1.2522e+04 1.5049e+04 1.2039e+04 1.3919e+04 1.1491e+04 1.5613e+04 1.2681e+04
  42.5000 1.1953e+04 1.1133e+04 1.5406e+04 1.1166e+04 1.5157e+04 1.1953e+04 1.3219e+04 1.1724e+04 1.2181e+04 1.4613e+04 1.1694e+04 1.3516e+04 1.1166e+04 1.5157e+04 1.2322e+04
  42.7500 1.1629e+04 1.0820e+04 1.4952e+04 1.0851e+04 1.4716e+04 1.1629e+04 1.2840e+04 1.1407e+04 1.1851e+04 1.4192e+04 1.1361e+04 1.3126e+04 1.0851e+04 1.4716e+04 1.1975e+04
  43.0000 1.1316e+04 1.0517e+04 1.4514e+04 1.0547e+04 1.4289e+04 1.1316e+04 1.2473e+04 1.1100e+04 1.1531e+04 1.3785e+04 1.1039e+04 1.2750e+04 1.0547e+04 1.4289e+04 1.1639e+04
  43.2500 1.1013e+04 1.0224e+04 1.4091e+04 1.0252e+04 1.3877e+04 1.1013e+04 1.2119e+04 1.0803e+04 1.1222e+04 1.3392e+04 1.0727e+04 1.2385e+04 1.0252e+04 1.3877e+04 1.1314e+04
  43.5000 1.0719e+04 9.9405e+03 1.3682e+04 9.9676e+03 1.3479e+04 1.0719e+04 1.1776e+04 1.0515e+04 1.0922e+04 1.3011e+04 1.0426e+04 1.2033e+04 9.9676e+03 1.3479e+04 1.1000e+04
  43.7500 1.0434e+04 9.6659e+03 1.3286e+04 9.6918e+03 1.3094e+04 1.0434e+04 1.1444e+04 1.0236e+04 1.0632e+04 1.2643e+04 1.0134e+04 1.1693e+04 9.6918e+03 1.3094e+04 1.0696e+04
  44.0000 1.0158e+04 9.4001e+03 1.2904e+04 9.4249e+03 1.2722e+04 1.0158e+04 1.1123e+04 9.9660e+03 1.0350e+04 1.2286e+04 9.8517e+03 1.1363e+04 9.4249e+03 1.2722e+04 1.0401e+04
  44.2500 9.8909e+03 9.1426e+03 1.2534e+04 9.1664e+03 1.2362e+04 9.8909e+03 1.0812e+04 9.7040e+03 1.0078e+04 1.1942e+04 9.5784e+03 1.1045e+04 9.1664e+03 1.2362e+04 1.0116e+04
  44.5000 9.6319e+03 8.8933e+03 1.2177e+04 8.9160e+03 1.2013e+04 9.6319e+03 1.0512e+04 9.4501e+03 9.8136e+03 1.1608e+04 9.3139e+03 1.0736e+04 8.9160e+03 1.2013e+04 9.8398e+03
  44.7500 9.3807e+03 8.6519e+03 1.1831e+04 8.6736e+03 1.1676e+04 9.3807e+03 1.0221e+04 9.2040e+03 9.5574e+03 1.1286e+04 9.0578e+03 1.0438e+04 8.6736e+03 1.1676e+04 9.5722e+03
  45.0000 9.1372e+03 8.4179e+03 1.1497e+04 8.4388e+03 1.1350e+04 9.1372e+03 9.9392e+03 8.9653e+03 9.3090e+03 1.0973e+04 8.8098e+03 1.0149e+04 8.4388e+03 1.1350e+04 9.3131e+03
  45.2500 8.9011e+03 8.1913e+03 1.1174e+04 8.2112e+03 1.1034e+04 8.9011e+03 9.6665e+03 8.7339e+03 9.0682e+03 1.0671e+04 8.5696e+03 9.8691e+03 8.2112e+03 1.1034e+04 9.0620e+03
  45.5000 8.6721e+03 7.9716e+03 1.0860e+04 7.9908e+03 1.0729e+04 8.6721e+03 9.4024e+03 8.5094e+03 8.8347e+03 1.0378e+04 8.3370e+03 9.5983e+03 7.9908e+03 1.0729e+04 8.8187e+03
  45.7500 8.4500e+03 7.7588e+03 1.0558e+04 7.7771e+03 1.0433e+04 8.4500e+03 9.1466e+03 8.2917e+03 8.6082e+03 1.0095e+04 8.1116e+03 9.3360e+03 7.7771e+03 1.0433e+04 8.5830e+03
  46.0000 8.2345e+03 7.5525e+03 1.0264e+04 7.5701e+03 1.0146e+04 8.2345e+03 8.8989e+03 8.0805e+03 8.3885e+03 9.8199e+03 7.8932e+03 9.0820e+03 7.5701e+03 1.0146e+04 8.3544e+03
  46.2500 8.0254e+03 7.3525e+03 9.9807e+03 7.3694e+03 9.8691e+03 8.0254e+03 8.6589e+03 7.8756e+03 8.1753e+03 9.5538e+03 7.6817e+03 8.8360e+03 7.3694e+03 9.8691e+03 8.1329e+03
  46.5000 7.8226e+03 7.1586e+03 9.7059e+03 7.1748e+03 9.6005e+03 7.8226e+03 8.4263e+03 7.6767e+03 7.9684e+03 9.2961e+03 7.4766e+03 8.5977e+03 7.1748e+03 9.6005e+03 7.9182e+03
  46.7500 7.6257e+03 6.9705e+03 9.4399e+03 6.9861e+03 9.3404e+03 7.6257e+03 8.2010e+03 7.4837e+03 7.7677e+03 9.0463e+03 7.2779e+03 8.3667e+03 6.9861e+03 9.3404e+03 7.7099e+03
  47.0000 7.4346e+03 6.7882e+03 9.1822e+03 6.8031e+03 9.0883e+03 7.4346e+03 7.9826e+03 7.2964e+03 7.5728e+03 8.8043e+03 7.0852e+03 8.1429e+03 6.8031e+03 9.0883e+03 7.5080e+03
  47.2500 7.2491e+03 6.6113e+03 8.9327e+03 6.6257e+03 8.8441e+03 7.2491e+03 7.7708e+03 7.1145e+03 7.3837e+03 8.5697e+03 6.8984e+03 7.9260e+03 6.6257e+03 8.8441e+03 7.3122e+03
  47.5000 7.0690e+03 6.4397e+03 8.6909e+03 6.4535e+03 8.6075e+03 7.0690e+03 7.5656e+03 6.9380e+03 7.2001e+03 8.3423e+03 6.7173e+03 7.7157e+03 6.4535e+03 8.6075e+03 7.1222e+03
  47.7500 6.8942e+03 6.2733e+03 8.4567e+03 6.2866e+03 8.3781e+03 6.8942e+03 7.3666e+03 6.7665e+03 7.0218e+03 8.1219e+03 6.5416e+03 7.5119e+03 6.2866e+03 8.3781e+03 6.9379e+03
  48.0000 6.7244e+03 6.1118e+03 8.2298e+03 6.1245e+03 8.1558e+03 6.7244e+03 7.1736e+03 6.6000e+03 6.8486e+03 7.9081e+03 6.3712e+03 7.3142e+03 6.1245e+03 8.1558e+03 6.7591e+03
  48.2500 6.5594e+03 5.9550e+03 8.0098e+03 5.9673e+03 7.9403e+03 6.5594e+03 6.9865e+03 6.4383e+03 6.6805e+03 7.7008e+03 6.2059e+03 7.1226e+03 5.9673e+03 7.9403e+03 6.5855e+03
  48.5000 6.3992e+03 5.8029e+03 7.7967e+03 5.8147e+03 7.7313e+03 6.3992e+03 6.8049e+03 6.2812e+03 6.5172e+03 7.4998e+03 6.0456e+03 6.9367e+03 5.8147e+03 7.7313e+03 6.4171e+03
  48.7500 6.2436e+03 5.6553e+03 7.5901e+03 5.6666e+03 7.5286e+03 6.2436e+03 6.6288e+03 6.1286e+03 6.3585e+03 7.3048e+03 5.8900e+03 6.7564e+03 5.6666e+03 7.5286e+03 6.2536e+03
  49.0000 6.0923e+03 5.5119e+03 7.3898e+03 5.5229e+03 7.3321e+03 6.0923e+03 6.4580e+03 5.9803e+03 6.2043e+03 7.1156e+03 5.7390e+03 6.5815e+03 5.5229e+03 7.3321e+03 6.0950e+03
  49.2500 5.9454e+03 5.3728e+03 7.1955e+03 5.3833e+03 7.1415e+03 5.9454e+03 6.2922e+03 5.8362e+03 6.0545e+03 6.9321e+03 5.5925e+03 6.4118e+03 5.3833e+03 7.1415e+03 5.9409e+03
  49.5000 5.8026e+03 5.2377e+03 7.0072e+03 5.2478e+03 6.9566e+03 5.8026e+03 6.1313e+03 5.6962e+03 5.9090e+03 6.7540e+03 5.4503e+03 6.2472e+03 5.2478e+03 6.9566e+03 5.7913e+03
  49.7500 5.6638e+03 5.1064e+03 6.8245e+03 5.1162e+03 6.7772e+03 5.6638e+03 5.9752e+03 5.5601e+03 5.7675e+03 6.5811e+03 5.3122e+03 6.0874e+03 5.1162e+03 6.7772e+03 5.6461e+03
  50.0000 5.5288e+03 4.9790e+03 6.6474e+03 4.9884e+03 6.6031e+03 5.5288e+03 5.8236e+03 5.4277e+03 5.6299e+03 6.4134e+03 5.1781e+03 5.9323e+03 4.9884e+03 6.6031e+03 5.5050e+03
  50.2500 5.3977e+03 4.8552e+03 6.4756e+03 4.8642e+03 6.4342e+03 5.3977e+03 5.6765e+03 5.2991e+03 5.4962e+03 6.2506e+03 5.0480e+03 5.7818e+03 4.8642e+03 6.4342e+03 5.3680e+03
  50.5000 5.2701e+03 4.7350e+03 6.3089e+03 4.7437e+03 6.2703e+03 5.2701e+03 5.5336e+03 5.1740e+03 5.3662e+03 6.0925e+03 4.9216e+03 5.6356e+03 4.7437e+03 6.2703e+03 5.2349e+03
  50.7500 5.1461e+03 4.6182e+03 6.1472e+03 4.6266e+03 6.1112e+03 5.1461e+03 5.3950e+03 5.0524e+03 5.2398e+03 5.9391e+03 4.7989e+03 5.4938e+03 4.6266e+03 6.1112e+03 5.1057e+03
  51.0000 5.0255e+03 4.5047e+03 5.9903e+03 4.5128e+03 5.9568e+03 5.0255e+03 5.2603e+03 4.9340e+03 5.1169e+03 5.7901e+03 4.6797e+03 5.3561e+03 4.5128e+03 5.9568e+03 4.9801e+03
  51.2500 4.9081e+03 4.3945e+03 5.8380e+03 4.4023e+03 5.8069e+03 4.9081e+03 5.1296e+03 4.8190e+03 4.9973e+03 5.6455e+03 4.5640e+03 5.2224e+03 4.4023e+03 5.8069e+03 4.8581e+03
  51.5000 4.7940e+03 4.2874e+03 5.6903e+03 4.2949e+03 5.6613e+03 4.7940e+03 5.0025e+03 4.7070e+03 4.8810e+03 5.5050e+03 4.4515e+03 5.0925e+03 4.2949e+03 5.6613e+03 4.7396e+03
  51.7500 4.6830e+03 4.1833e+03 5.5469e+03 4.1905e+03 5.5200e+03 4.6830e+03 4.8791e+03 4.5981e+03 4.7678e+03 5.3686e+03 4.3423e+03 4.9664e+03 4.1905e+03 5.5200e+03 4.6244e+03
  52.0000 4.5749e+03 4.0821e+03 5.4077e+03 4.0891e+03 5.3828e+03 4.5749e+03 4.7593e+03 4.4921e+03 4.6577e+03 5.2361e+03 4.2361e+03 4.8438e+03 4.0891e+03 5.3828e+03 4.5124e+03
  52.2500 4.4698e+03 3.9837e+03 5.2725e+03 3.9905e+03 5.2494e+03 4.4698e+03 4.6428e+03 4.3890e+03 4.5506e+03 5.1073e+03 4.1329e+03 4.7248e+03 3.9905e+03 5.2494e+03 4.4036e+03
  52.5000 4.3675e+03 3.8881e+03 5.1412e+03 3.8946e+03 5.1199e+03 4.3675e+03 4.5296e+03 4.2886e+03 4.4463e+03 4.9822e+03 4.0327e+03 4.6091e+03 3.8946e+03 5.1199e+03 4.2978e+03
  52.7500 4.2679e+03 3.7951e+03 5.0138e+03 3.8014e+03 4.9941e+03 4.2679e+03 4.4196e+03 4.1910e+03 4.3449e+03 4.8606e+03 3.9352e+03 4.4967e+03 3.8014e+03 4.9941e+03 4.1949e+03
  53.0000 4.1710e+03 3.7047e+03 4.8900e+03 3.7108e+03 4.8719e+03 4.1710e+03 4.3127e+03 4.0959e+03 4.2461e+03 4.7425e+03 3.8405e+03 4.3874e+03 3.7108e+03 4.8719e+03 4.0948e+03
  53.2500 4.0766e+03 3.6167e+03 4.7698e+03 3.6226e+03 4.7531e+03 4.0766e+03 4.2088e+03 4.0033e+03 4.1499e+03 4.6276e+03 3.7483e+03 4.2813e+03 3.6226e+03 4.7531e+03 3.9975e+03
  53.5000 3.9847e+03 3.5312e+03 4.6530e+03 3.5369e+03 4.6376e+03 3.9847e+03 4.1078e+03 3.9131e+03 4.0563e+03 4.5160e+03 3.6588e+03 4.1780e+03 3.5369e+03 4.6376e+03 3.9029e+03
  53.7500 3.8952e+03 3.4480e+03 4.5395e+03 3.4535e+03 4.5254e+03 3.8952e+03 4.0095e+03 3.8253e+03 3.9651e+03 4.4075e+03 3.5717e+03 4.0777e+03 3.4535e+03 4.5254e+03 3.8108e+03
  54.0000 3.8081e+03 3.3671e+03 4.4293e+03 3.3724e+03 4.4164e+03 3.8081e+03 3.9140e+03 3.7399e+03 3.8763e+03 4.3020e+03 3.4870e+03 3.9801e+03 3.3724e+03 4.4164e+03 3.7213e+03
  54.2500 3.7232e+03 3.2883e+03 4.3221e+03 3.2934e+03 4.3103e+03 3.7195e+03 3.8211e+03 3.6566e+03 3.7899e+03 4.1994e+03 3.4046e+03 3.8852e+03 3.2934e+03 4.3103e+03 3.6342e+03
  54.5000 3.6406e+03 3.2116e+03 4.2180e+03 3.2166e+03 4.2072e+03 3.6320e+03 3.7307e+03 3.5755e+03 3.7057e+03 4.0996e+03 3.3244e+03 3.7929e+03 3.2166e+03 4.2072e+03 3.5494e+03
  54.7500 3.5601e+03 3.1369e+03 4.1168e+03 3.1419e+03 4.1069e+03 3.5469e+03 3.6428e+03 3.4965e+03 3.6236e+03 4.0025e+03 3.2464e+03 3.7032e+03 3.1419e+03 4.1069e+03 3.4669e+03
  55.0000 3.4816e+03 3.0641e+03 4.0184e+03 3.0691e+03 4.0094e+03 3.4641e+03 3.5573e+03 3.4195e+03 3.5437e+03 3.9081e+03 3.1705e+03 3.6159e+03 3.0691e+03 4.0094e+03 3.3866e+03
  55.2500 3.4052e+03 2.9933e+03 3.9227e+03 2.9983e+03 3.9145e+03 3.3836e+03 3.4741e+03 3.3445e+03 3.4658e+03 3.8162e+03 3.0967e+03 3.5309e+03 2.9983e+03 3.9145e+03 3.3084e+03
  55.5000 3.3307e+03 2.9243e+03 3.8298e+03 2.9294e+03 3.8223e+03 3.3052e+03 3.3931e+03 3.2714e+03 3.3899e+03 3.7269e+03 3.0248e+03 3.4483e+03 2.9294e+03 3.8223e+03 3.2324e+03
  55.7500 3.2581e+03 2.8570e+03 3.7393e+03 2.8623e+03 3.7325e+03 3.2288e+03 3.3143e+03 3.2002e+03 3.3160e+03 3.6399e+03 2.9549e+03 3.3679e+03 2.8623e+03 3.7325e+03 3.1583e+03
  56.0000 3.1873e+03 2.7915e+03 3.6514e+03 2.7970e+03 3.6452e+03 3.1545e+03 3.2376e+03 3.1307e+03 3.2439e+03 3.5553e+03 2.8868e+03 3.2896e+03 2.7970e+03 3.6452e+03 3.0862e+03
  56.2500 3.1184e+03 2.7277e+03 3.5659e+03 2.7333e+03 3.5602e+03 3.0822e+03 3.1630e+03 3.0631e+03 3.1737e+03 3.4729e+03 2.8205e+03 3.2134e+03 2.7333e+03 3.5602e+03 3.0160e+03
  56.5000 3.0511e+03 2.6655e+03 3.4827e+03 2.6714e+03 3.4775e+03 3.0118e+03 3.0903e+03 2.9971e+03 3.1052e+03 3.3928e+03 2.7560e+03 3.1393e+03 2.6714e+03 3.4775e+03 2.9476e+03
  56.7500 2.9856e+03 2.6050e+03 3.4018e+03 2.6110e+03 3.3970e+03 2.9432e+03 3.0196e+03 2.9328e+03 3.0384e+03 3.3147e+03 2.6932e+03 3.0671e+03 2.6110e+03 3.3970e+03 2.8810e+03
  57.0000 2.9217e+03 2.5459e+03 3.3231e+03 2.5523e+03 3.3187e+03 2.8764e+03 2.9507e+03 2.8700e+03 2.9733e+03 3.2387e+03 2.6320e+03 2.9969e+03 2.5523e+03 3.3187e+03 2.8161e+03
  57.2500 2.8594e+03 2.4884e+03 3.2465e+03 2.4950e+03 3.2424e+03 2.8114e+03 2.8836e+03 2.8089e+03 2.9098e+03 3.1648e+03 2.5724e+03 2.9284e+03 2.4950e+03 3.2424e+03 2.7529e+03
  57.5000 2.7986e+03 2.4324e+03 3.1719e+03 2.4392e+03 3.1681e+03 2.7481e+03 2.8183e+03 2.7492e+03 2.8480e+03 3.0927e+03 2.5143e+03 2.8618e+03 2.4392e+03 3.1681e+03 2.6913e+03
  57.7500 2.7393e+03 2.3777e+03 3.0994e+03 2.3849e+03 3.0958e+03 2.6863e+03 2.7547e+03 2.6911e+03 2.7876e+03 3.0226e+03 2.4578e+03 2.7969e+03 2.3849e+03 3.0958e+03 2.6314e+03
  58.0000 2.6815e+03 2.3244e+03 3.0289e+03 2.3319e+03 3.0254e+03 2.6262e+03 2.6927e+03 2.6343e+03 2.7287e+03 2.9543e+03 2.4027e+03 2.7338e+03 2.3319e+03 3.0254e+03 2.5729e+03
  58.2500 2.6251e+03 2.2725e+03 2.9602e+03 2.2803e+03 2.9569e+03 2.5677e+03 2.6323e+03 2.5790e+03 2.6713e+03 2.8877e+03 2.3491e+03 2.6722e+03 2.2803e+03 2.9569e+03 2.5159e+03
  58.5000 2.5701e+03 2.2219e+03 2.8933e+03 2.2300e+03 2.8901e+03 2.5106e+03 2.5735e+03 2.5250e+03 2.6152e+03 2.8229e+03 2.2968e+03 2.6122e+03 2.2300e+03 2.8901e+03 2.4604e+03
  58.7500 2.5164e+03 2.1726e+03 2.8282e+03 2.1810e+03 2.8251e+03 2.4550e+03 2.5164e+03 2.4723e+03 2.5606e+03 2.7597e+03 2.2458e+03 2.5538e+03 2.1810e+03 2.8251e+03 2.4063e+03
  59.0000 2.4641e+03 2.1244e+03 2.7648e+03 2.1332e+03 2.7617e+03 2.4008e+03 2.4641e+03 2.4209e+03 2.5073e+03 2.6982e+03 2.1962e+03 2.4969e+03 2.1332e+03 2.7617e+03 2.3536e+03
  59.2500 2.4130e+03 2.0775e+03 2.7031e+03 2.0866e+03 2.7000e+03 2.3479e+03 2.4130e+03 2.3707e+03 2.4552e+03 2.6382e+03 2.1478e+03 2.4415e+03 2.0866e+03 2.7000e+03 2.3022e+03
  59.5000 2.3631e+03 2.0318e+03 2.6429e+03 2.0412e+03 2.6399e+03 2.2964e+03 2.3631e+03 2.3217e+03 2.4044e+03 2.5798e+03 2.1006e+03 2.3874e+03 2.0412e+03 2.6399e+03 2.2521e+03
  59.7500 2.3144e+03 1.9872e+03 2.5843e+03 1.9969e+03 2.5813e+03 2.2462e+03 2.3144e+03 2.2740e+03 2.3549e+03 2.5229e+03 2.0546e+03 2.3348e+03 1.9969e+03 2.5813e+03 2.2032e+03
  60.0000 2.2669e+03 1.9437e+03 2.5272e+03 1.9537e+03 2.5242e+03 2.1973e+03 2.2669e+03 2.2273e+03 2.3065e+03 2.4674e+03 2.0098e+03 2.2834e+03 1.9537e+03 2.5242e+03 2.1555e+03
  60.2500 2.2205e+03 1.9012e+03 2.4715e+03 1.9116e+03 2.4685e+03 2.1496e+03 2.2205e+03 2.1818e+03 2.2593e+03 2.4133e+03 1.9661e+03 2.2334e+03 1.9116e+03 2.4685e+03 2.1091e+03
  60.5000 2.1752e+03 1.8598e+03 2.4173e+03 1.8706e+03 2.4143e+03 2.1030e+03 2.1752e+03 2.1373e+03 2.2132e+03 2.3606e+03 1.9235e+03 2.1846e+03 1.8706e+03 2.4143e+03 2.0637e+03
  60.7500 2.1311e+03 1.8195e+03 2.3644e+03 1.8305e+03 2.3614e+03 2.0577e+03 2.1311e+03 2.0939e+03 2.1682e+03 2.3092e+03 1.8819e+03 2.1371e+03 1.8305e+03 2.3614e+03 2.0195e+03
  61.0000 2.0879e+03 1.7801e+03 2.3128e+03 1.7914e+03 2.3099e+03 2.0134e+03 2.0879e+03 2.0516e+03 2.1242e+03 2.2590e+03 1.8414e+03 2.0907e+03 1.7914e+03 2.3099e+03 1.9764e+03
  61.2500 2.0458e+03 1.7416e+03 2.2625e+03 1.7533e+03 2.2596e+03 1.9702e+03 2.0458e+03 2.0102e+03 2.0813e+03 2.2102e+03 1.8019e+03 2.0455e+03 1.7533e+03 2.2596e+03 1.9343e+03
  61.5000 2.0046e+03 1.7041e+03 2.2135e+03 1.7161e+03 2.2106e+03 1.9282e+03 2.0046e+03 1.9698e+03 2.0394e+03 2.1625e+03 1.7633e+03 2.0014e+03 1.7161e+03 2.2106e+03 1.8933e+03
  61.7500 1.9644e+03 1.6676e+03 2.1658e+03 1.6798e+03 2.1628e+03 1.8871e+03 1.9644e+03 1.9303e+03 1.9985e+03 2.1160e+03 1.7257e+03 1.9584e+03 1.6798e+03 2.1628e+03 1.8533e+03
  62.0000 1.9251e+03 1.6319e+03 2.1192e+03 1.6444e+03 2.1163e+03 1.8470e+03 1.9251e+03 1.8918e+03 1.9585e+03 2.0707e+03 1.6891e+03 1.9165e+03 1.6444e+03 2.1163e+03 1.8142e+03
  62.2500 1.8868e+03 1.5971e+03 2.0737e+03 1.6099e+03 2.0708e+03 1.8080e+03 1.8868e+03 1.8541e+03 1.9195e+03 2.0265e+03 1.6533e+03 1.8756e+03 1.6099e+03 2.0708e+03 1.7761e+03
  62.5000 1.8493e+03 1.5631e+03 2.0294e+03 1.5762e+03 2.0265e+03 1.7698e+03 1.8493e+03 1.8173e+03 1.8813e+03 1.9834e+03 1.6184e+03 1.8357e+03 1.5762e+03 2.0265e+03 1.7389e+03
  62.7500 1.8128e+03 1.5299e+03 1.9862e+03 1.5433e+03 1.9833e+03 1.7327e+03 1.8128e+03 1.7814e+03 1.8441e+03 1.9413e+03 1.5843e+03 1.7968e+03 1.5433e+03 1.9833e+03 1.7026e+03
  63.0000 1.7770e+03 1.4976e+03 1.9440e+03 1.5112e+03 1.9412e+03 1.6964e+03 1.7770e+03 1.7463e+03 1.8077e+03 1.9003e+03 1.5511e+03 1.7588e+03 1.5112e+03 1.9412e+03 1.6672e+03
  63.2500 1.7421e+03 1.4660e+03 1.9029e+03 1.4799e+03 1.9001e+03 1.6609e+03 1.7421e+03 1.7120e+03 1.7722e+03 1.8602e+03 1.5187e+03 1.7218e+03 1.4799e+03 1.9001e+03 1.6327e+03
  63.5000 1.7080e+03 1.4352e+03 1.8628e+03 1.4493e+03 1.8600e+03 1.6264e+03 1.7080e+03 1.6785e+03 1.7374e+03 1.8212e+03 1.4870e+03 1.6856e+03 1.4493e+03 1.8600e+03 1.5989e+03
  63.7500 1.6746e+03 1.4051e+03 1.8237e+03 1.4195e+03 1.8208e+03 1.5926e+03 1.6746e+03 1.6457e+03 1.7035e+03 1.7830e+03 1.4562e+03 1.6503e+03 1.4195e+03 1.8208e+03 1.5660e+03
  64.0000 1.6420e+03 1.3757e+03 1.7855e+03 1.3903e+03 1.7827e+03 1.5597e+03 1.6420e+03 1.6137e+03 1.6703e+03 1.7459e+03 1.4260e+03 1.6159e+03 1.3903e+03 1.7827e+03 1.5338e+03
  64.2500 1.6101e+03 1.3471e+03 1.7482e+03 1.3619e+03 1.7454e+03 1.5276e+03 1.6101e+03 1.5824e+03 1.6378e+03 1.7095e+03 1.3966e+03 1.5823e+03 1.3619e+03 1.7454e+03 1.5024e+03
  64.5000 1.5790e+03 1.3191e+03 1.7118e+03 1.3341e+03 1.7090e+03 1.4962e+03 1.5790e+03 1.5518e+03 1.6061e+03 1.6741e+03 1.3678e+03 1.5495e+03 1.3341e+03 1.7090e+03 1.4718e+03
  64.7500 1.5485e+03 1.2917e+03 1.6763e+03 1.3070e+03 1.6735e+03 1.4655e+03 1.5485e+03 1.5220e+03 1.5752e+03 1.6395e+03 1.3398e+03 1.5175e+03 1.3070e+03 1.6735e+03 1.4418e+03
  65.0000 1.5188e+03 1.2651e+03 1.6417e+03 1.2805e+03 1.6389e+03 1.4356e+03 1.5188e+03 1.4927e+03 1.5449e+03 1.6058e+03 1.3124e+03 1.4863e+03 1.2805e+03 1.6389e+03 1.4126e+03
  65.2500 1.4897e+03 1.2390e+03 1.6079e+03 1.2546e+03 1.6051e+03 1.4064e+03 1.4897e+03 1.4641e+03 1.5152e+03 1.5728e+03 1.2857e+03 1.4558e+03 1.2546e+03 1.6051e+03 1.3841e+03
  65.5000 1.4612e+03 1.2135e+03 1.5748e+03 1.2293e+03 1.5720e+03 1.3779e+03 1.4612e+03 1.4362e+03 1.4863e+03 1.5406e+03 1.2596e+03 1.4260e+03 1.2293e+03 1.5720e+03 1.3562e+03
  65.7500 1.4334e+03 1.1887e+03 1.5426e+03 1.2047e+03 1.5398e+03 1.3500e+03 1.4334e+03 1.4089e+03 1.4580e+03 1.5092e+03 1.2340e+03 1.3969e+03 1.2047e+03 1.5398e+03 1.3289e+03
  66.0000 1.4062e+03 1.1644e+03 1.5111e+03 1.1805e+03 1.5083e+03 1.3228e+03 1.4062e+03 1.3821e+03 1.4303e+03 1.4785e+03 1.2091e+03 1.3685e+03 1.1805e+03 1.5083e+03 1.3023e+03
  66.2500 1.3796e+03 1.1407e+03 1.4804e+03 1.1570e+03 1.4776e+03 1.2962e+03 1.3796e+03 1.3560e+03 1.4032e+03 1.4485e+03 1.1848e+03 1.3408e+03 1.1570e+03 1.4776e+03 1.2763e+03
  66.5000 1.3536e+03 1.1175e+03 1.4504e+03 1.1340e+03 1.4476e+03 1.2702e+03 1.3536e+03 1.3305e+03 1.3767e+03 1.4192e+03 1.1610e+03 1.3137e+03 1.1340e+03 1.4476e+03 1.2509e+03
  66.7500 1.3281e+03 1.0949e+03 1.4211e+03 1.1115e+03 1.4183e+03 1.2448e+03 1.3281e+03 1.3054e+03 1.3508e+03 1.3906e+03 1.1378e+03 1.2872e+03 1.1115e+03 1.4183e+03 1.2261e+03
  67.0000 1.3032e+03 1.0728e+03 1.3925e+03 1.0895e+03 1.3897e+03 1.2200e+03 1.3032e+03 1.2810e+03 1.3255e+03 1.3627e+03 1.1151e+03 1.2614e+03 1.0895e+03 1.3897e+03 1.2018e+03
  67.2500 1.2789e+03 1.0512e+03 1.3645e+03 1.0680e+03 1.3617e+03 1.1958e+03 1.2789e+03 1.2571e+03 1.3007e+03 1.3354e+03 1.0930e+03 1.2362e+03 1.0680e+03 1.3617e+03 1.1781e+03
  67.5000 1.2550e+03 1.0301e+03 1.3372e+03 1.0470e+03 1.3344e+03 1.1722e+03 1.2550e+03 1.2337e+03 1.2764e+03 1.3088e+03 1.0713e+03 1.2115e+03 1.0470e+03 1.3344e+03 1.1550e+03
  67.7500 1.2317e+03 1.0095e+03 1.3105e+03 1.0265e+03 1.3077e+03 1.1490e+03 1.2317e+03 1.2107e+03 1.2527e+03 1.2827e+03 1.0501e+03 1.1874e+03 1.0265e+03 1.3077e+03 1.1323e+03
  68.0000 1.2089e+03 9.8929e+02 1.2845e+03 1.0064e+03 1.2816e+03 1.1264e+03 1.2089e+03 1.1883e+03 1.2295e+03 1.2573e+03 1.0294e+03 1.1638e+03 1.0064e+03 1.2816e+03 1.1102e+03
  68.2500 1.1866e+03 9.6958e+02 1.2590e+03 9.8681e+02 1.2561e+03 1.1043e+03 1.1866e+03 1.1664e+03 1.2068e+03 1.2324e+03 1.0092e+03 1.1408e+03 9.8681e+02 1.2561e+03 1.0886e+03
  68.5000 1.1647e+03 9.5033e+02 1.2341e+03 9.6763e+02 1.2312e+03 1.0827e+03 1.1647e+03 1.1449e+03 1.1845e+03 1.2081e+03 9.8945e+02 1.1183e+03 9.6763e+02 1.2312e+03 1.0674e+03
  68.7500 1.1434e+03 9.3151e+02 1.2098e+03 9.4889e+02 1.2069e+03 1.0616e+03 1.1434e+03 1.1239e+03 1.1628e+03 1.1843e+03 9.7012e+02 1.0963e+03 9.4889e+02 1.2069e+03 1.0467e+03
  69.0000 1.1224e+03 9.1311e+02 1.1861e+03 9.3056e+02 1.1832e+03 1.0410e+03 1.1224e+03 1.1034e+03 1.1415e+03 1.1611e+03 9.5124e+02 1.0748e+03 9.3056e+02 1.1832e+03 1.0265e+03
  69.2500 1.1020e+03 8.9512e+02 1.1629e+03 9.1264e+02 1.1599e+03 1.0208e+03 1.1020e+03 1.0833e+03 1.1207e+03 1.1384e+03 9.3277e+02 1.0538e+03 9.1264e+02 1.1599e+03 1.0067e+03
  69.5000 1.0819e+03 8.7754e+02 1.1402e+03 8.9512e+02 1.1372e+03 1.0010e+03 1.0819e+03 1.0636e+03 1.1002e+03 1.1162e+03 9.1472e+02 1.0333e+03 8.9512e+02 1.1372e+03 9.8741e+02
  69.7500 1.0623e+03 8.6034e+02 1.1180e+03 8.7798e+02 1.1150e+03 9.8174e+02 1.0623e+03 1.0443e+03 1.0803e+03 1.0946e+03 8.9706e+02 1.0132e+03 8.7798e+02 1.1150e+03 9.6850e+02
  70.0000 1.0431e+03 8.4354e+02 1.0963e+03 8.6122e+02 1.0933e+03 9.6287e+02 1.0431e+03 1.0254e+03 1.0607e+03 1.0734e+03 8.7980e+02 9.9360e+02 8.6122e+02 1.0933e+03 9.5000e+02
  70.2500 1.0242e+03 8.2710e+02 1.0751e+03 8.4482e+02 1.0721e+03 9.4441e+02 1.0242e+03 1.0069e+03 1.0416e+03 1.0526e+03 8.6292e+02 9.7441e+02 8.4482e+02 1.0721e+03 9.3192e+02
  70.5000 1.0058e+03 8.1102e+02 1.0544e+03 8.2878e+02 1.0513e+03 9.2636e+02 1.0058e+03 9.8882e+02 1.0228e+03 1.0323e+03 8.4640e+02 9.5565e+02 8.2878e+02 1.0513e+03 9.1422e+02
  70.7500 9.8779e+02 7.9530e+02 1.0342e+03 8.1310e+02 1.0311e+03 9.0871e+02 9.8779e+02 9.7110e+02 1.0045e+03 1.0125e+03 8.3026e+02 9.3730e+02 8.1310e+02 1.0311e+03 8.9691e+02
  71.0000 9.7013e+02 7.7993e+02 1.0144e+03 7.9775e+02 1.0112e+03 8.9144e+02 9.7013e+02 9.5374e+02 9.8652e+02 9.9314e+02 8.1446e+02 9.1936e+02 7.9775e+02 1.0112e+03 8.7998e+02
  71.2500 9.5284e+02 7.6489e+02 9.9504e+02 7.8273e+02 9.9186e+02 8.7455e+02 9.5284e+02 9.3675e+02 9.6893e+02 9.7418e+02 7.9901e+02 9.0181e+02 7.8273e+02 9.9186e+02 8.6341e+02
  71.5000 9.3590e+02 7.5018e+02 9.7612e+02 7.6804e+02 9.7289e+02 8.5803e+02 9.3590e+02 9.2011e+02 9.5169e+02 9.5563e+02 7.8389e+02 8.8464e+02 7.6804e+02 9.7289e+02 8.4721e+02
  71.7500 9.1931e+02 7.3579e+02 9.5762e+02 7.5366e+02 9.5435e+02 8.4186e+02 9.1931e+02 9.0380e+02 9.3481e+02 9.3750e+02 7.6911e+02 8.6785e+02 7.5366e+02 9.5435e+02 8.3135e+02
  72.0000 9.0306e+02 7.2172e+02 9.3953e+02 7.3959e+02 9.3621e+02 8.2604e+02 9.0306e+02 8.8784e+02 9.1828e+02 9.1975e+02 7.5464e+02 8.5142e+02 7.3959e+02 9.3621e+02 8.1583e+02
  72.2500 8.8714e+02 7.0795e+02 9.2185e+02 7.2583e+02 9.1846e+02 8.1057e+02 8.8714e+02 8.7219e+02 9.0209e+02 9.0239e+02 7.4049e+02 8.3535e+02 7.2583e+02 9.1846e+02 8.0064e+02
  72.5000 8.7155e+02 6.9448e+02 9.0455e+02 7.1235e+02 9.0111e+02 7.9542e+02 8.7155e+02 8.5687e+02 8.8622e+02 8.8541e+02 7.2663e+02 8.1963e+02 7.1235e+02 9.0111e+02 7.8577e+02
  72.7500 8.5627e+02 6.8130e+02 8.8763e+02 6.9916e+02 8.8413e+02 7.8060e+02 8.5627e+02 8.4186e+02 8.7068e+02 8.6879e+02 7.1308e+02 8.0425e+02 6.9916e+02 8.8413e+02 7.7123e+02
  73.0000 8.4130e+02 6.6840e+02 8.7109e+02 6.8626e+02 8.6751e+02 7.6610e+02 8.4130e+02 8.2715e+02 8.5546e+02 8.5254e+02 6.9981e+02 7.8920e+02 6.8626e+02 8.6751e+02 7.5699e+02
  73.2500 8.2664e+02 6.5578e+02 8.5491e+02 6.7362e+02 8.5126e+02 7.5190e+02 8.2664e+02 8.1274e+02 8.4054e+02 8.3663e+02 6.8683e+02 7.7447e+02 6.7362e+02 8.5126e+02 7.4305e+02
  73.5000 8.1227e+02 6.4343e+02 8.3909e+02 6.6125e+02 8.3536e+02 7.3801e+02 8.1227e+02 7.9862e+02 8.2592e+02 8.2106e+02 6.7412e+02 7.6006e+02 6.6125e+02 8.3536e+02 7.2941e+02
  73.7500 7.9819e+02 6.3134e+02 8.2362e+02 6.4914e+02 8.1980e+02 7.2441e+02 7.9819e+02 7.8479e+02 8.1160e+02 8.0583e+02 6.6169e+02 7.4596e+02 6.4914e+02 8.1980e+02 7.1605e+02
  74.0000 7.8439e+02 6.1951e+02 8.0849e+02 6.3729e+02 8.0457e+02 7.1109e+02 7.8439e+02 7.7123e+02 7.9756e+02 7.9092e+02 6.4951e+02 7.3215e+02 6.3729e+02 8.0457e+02 7.0297e+02
  74.2500 7.7087e+02 6.0793e+02 7.9369e+02 6.2568e+02 7.8967e+02 6.9806e+02 7.7087e+02 7.5794e+02 7.8381e+02 7.7632e+02 6.3759e+02 7.1864e+02 6.2568e+02 7.8967e+02 6.9017e+02
  74.5000 7.5762e+02 5.9660e+02 7.7922e+02 6.1432e+02 7.7508e+02 6.8530e+02 7.5762e+02 7.4492e+02 7.7033e+02 7.6204e+02 6.2592e+02 7.0542e+02 6.1432e+02 7.7508e+02 6.7763e+02
  74.7500 7.4463e+02 5.8550e+02 7.6506e+02 6.0319e+02 7.6081e+02 6.7281e+02 7.4463e+02 7.3215e+02 7.5712e+02 7.4805e+02 6.1450e+02 6.9247e+02 6.0319e+02 7.6081e+02 6.6535e+02
  75.0000 7.3190e+02 5.7464e+02 7.5122e+02 5.9229e+02 7.4684e+02 6.6058e+02 7.3190e+02 7.1964e+02 7.4416e+02 7.3437e+02 6.0332e+02 6.7980e+02 5.9229e+02 7.4684e+02 6.5333e+02
  75.2500 7.1942e+02 5.6401e+02 7.3769e+02 5.8161e+02 7.3316e+02 6.4860e+02 7.1942e+02 7.0738e+02 7.3147e+02 7.2097e+02 5.9236e+02 6.6739e+02 5.8161e+02 7.3316e+02 6.4156e+02
  75.5000 7.0719e+02 5.5360e+02 7.2446e+02 5.7116e+02 7.1977e+02 6.3687e+02 7.0719e+02 6.9535e+02 7.1903e+02 7.0784e+02 5.8164e+02 6.5524e+02 5.7116e+02 7.1977e+02 6.3003e+02
  75.7500 6.9520e+02 5.4341e+02 7.1153e+02 5.6092e+02 7.0666e+02 6.2538e+02 6.9520e+02 6.8357e+02 7.0683e+02 6.9500e+02 5.7114e+02 6.4335e+02 5.6092e+02 7.0666e+02 6.1873e+02
  76.0000 6.8344e+02 5.3343e+02 6.9888e+02 5.5089e+02 6.9383e+02 6.1413e+02 6.8344e+02 6.7201e+02 6.9487e+02 6.8242e+02 5.6085e+02 6.3170e+02 5.5089e+02 6.9383e+02 6.0767e+02
  76.2500 6.7191e+02 5.2366e+02 6.8652e+02 5.4107e+02 6.8126e+02 6.0312e+02 6.7191e+02 6.6068e+02 6.8315e+02 6.7010e+02 5.5078e+02 6.2030e+02 5.4107e+02 6.8126e+02 5.9684e+02
  76.5000 6.6061e+02 5.1410e+02 6.7445e+02 5.3145e+02 6.6895e+02 5.9233e+02 6.6061e+02 6.4958e+02 6.7165e+02 6.5804e+02 5.4091e+02 6.0913e+02 5.3145e+02 6.6895e+02 5.8623e+02
  76.7500 6.4953e+02 5.0473e+02 6.6264e+02 5.2203e+02 6.5690e+02 5.8176e+02 6.4953e+02 6.3868e+02 6.6038e+02 6.4623e+02 5.3125e+02 5.9819e+02 5.2203e+02 6.5690e+02 5.7583e+02
  77.0000 6.3867e+02 4.9556e+02 6.5112e+02 5.1280e+02 6.4509e+02 5.7141e+02 6.3867e+02 6.2800e+02 6.4933e+02 6.3465e+02 5.2179e+02 5.8748e+02 5.1280e+02 6.4509e+02 5.6565e+02
  77.2500 6.2801e+02 4.8657e+02 6.3986e+02 5.0375e+02 6.3353e+02 5.6127e+02 6.2801e+02 6.1753e+02 6.3849e+02 6.2332e+02 5.1252e+02 5.7698e+02 5.0375e+02 6.3353e+02 5.5567e+02
  77.5000 6.1756e+02 4.7777e+02 6.2886e+02 4.9489e+02 6.2221e+02 5.5134e+02 6.1756e+02 6.0726e+02 6.2786e+02 6.1222e+02 5.0344e+02 5.6671e+02 4.9489e+02 6.2221e+02 5.4590e+02
  77.7500 6.0731e+02 4.6916e+02 6.1813e+02 4.8620e+02 6.1112e+02 5.4160e+02 6.0731e+02 5.9718e+02 6.1744e+02 6.0135e+02 4.9454e+02 5.5664e+02 4.8620e+02 6.1112e+02 5.3632e+02
  78.0000 5.9726e+02 4.6072e+02 6.0766e+02 4.7770e+02 6.0025e+02 5.3207e+02 5.9726e+02 5.8730e+02 6.0722e+02 5.9069e+02 4.8582e+02 5.4677e+02 4.7770e+02 6.0025e+02 5.2693e+02
  78.2500 5.8740e+02 4.5245e+02 5.9743e+02 4.6936e+02 5.8961e+02 5.2273e+02 5.8740e+02 5.7761e+02 5.9719e+02 5.8026e+02 4.7728e+02 5.3711e+02 4.6936e+02 5.8961e+02 5.1774e+02
  78.5000 5.7773e+02 4.4435e+02 5.8746e+02 4.6119e+02 5.7918e+02 5.1357e+02 5.7773e+02 5.6811e+02 5.8735e+02 5.7003e+02 4.6891e+02 5.2764e+02 4.6119e+02 5.7918e+02 5.0873e+02
  78.7500 5.6824e+02 4.3641e+02 5.7773e+02 4.5318e+02 5.6897e+02 5.0460e+02 5.6824e+02 5.5878e+02 5.7770e+02 5.6001e+02 4.6071e+02 5.1837e+02 4.5318e+02 5.6897e+02 4.9989e+02
  79.0000 5.5893e+02 4.2864e+02 5.6824e+02 4.4533e+02 5.5895e+02 4.9581e+02 5.5893e+02 5.4963e+02 5.6824e+02 5.5020e+02 4.5268e+02 5.0927e+02 4.4533e+02 5.5895e+02 4.9124e+02
  79.2500 5.4980e+02 4.2102e+02 5.5895e+02 4.3764e+02 5.4980e+02 4.8719e+02 5.4980e+02 5.4065e+02 5.5895e+02 5.4058e+02 4.4480e+02 5.0037e+02 4.3764e+02 5.4915e+02 4.8275e+02
  79.5000 5.4085e+02 4.1356e+02 5.4984e+02 4.3010e+02 5.4085e+02 4.7875e+02 5.4085e+02 5.3185e+02 5.4984e+02 5.3115e+02 4.3708e+02 4.9164e+02 4.3010e+02 5.3953e+02 4.7443e+02
  79.7500 5.3205e+02 4.0625e+02 5.4090e+02 4.2271e+02 5.3205e+02 4.7047e+02 5.3205e+02 5.2321e+02 5.4090e+02 5.2191e+02 4.2952e+02 4.8308e+02 4.2271e+02 5.3012e+02 4.6628e+02
  80.0000 5.2343e+02 3.9908e+02 5.3213e+02 4.1546e+02 5.2343e+02 4.6236e+02 5.2343e+02 5.1473e+02 5.3213e+02 5.1286e+02 4.2210e+02 4.7470e+02 4.1546e+02 5.2088e+02 4.5829e+02
  80.2500 5.1497e+02 3.9206e+02 5.2353e+02 4.0836e+02 5.1497e+02 4.5441e+02 5.1497e+02 5.0641e+02 5.2353e+02 5.0398e+02 4.1483e+02 4.6648e+02 4.0836e+02 5.1184e+02 4.5045e+02
  80.5000 5.0666e+02 3.8518e+02 5.1508e+02 4.0140e+02 5.0666e+02 4.4662e+02 5.0666e+02 4.9824e+02 5.1508e+02 4.9528e+02 4.0771e+02 4.5843e+02 4.0140e+02 5.0297e+02 4.4277e+02
  80.7500 4.9851e+02 3.7844e+02 5.0679e+02 3.9457e+02 4.9851e+02 4.3897e+02 4.9851e+02 4.9023e+02 5.0679e+02 4.8676e+02 4.0073e+02 4.5054e+02 3.9457e+02 4.9428e+02 4.3524e+02
  81.0000 4.9051e+02 3.7183e+02 4.9866e+02 3.8787e+02 4.9051e+02 4.3148e+02 4.9051e+02 4.8237e+02 4.9866e+02 4.7840e+02 3.9388e+02 4.4280e+02 3.8787e+02 4.8576e+02 4.2786e+02
  81.2500 4.8266e+02 3.6535e+02 4.9068e+02 3.8131e+02 4.8266e+02 4.2414e+02 4.8266e+02 4.7465e+02 4.9068e+02 4.7021e+02 3.8716e+02 4.3521e+02 3.8131e+02 4.7741e+02 4.2062e+02
  81.5000 4.7496e+02 3.5900e+02 4.8284e+02 3.7487e+02 4.7496e+02 4.1694e+02 4.7496e+02 4.6707e+02 4.8284e+02 4.6217e+02 3.8058e+02 4.2777e+02 3.7487e+02 4.6922e+02 4.1352e+02
  81.7500 4.6739e+02 3.5278e+02 4.7515e+02 3.6856e+02 4.6739e+02 4.0987e+02 4.6739e+02 4.5963e+02 4.7515e+02 4.5430e+02 3.7413e+02 4.2048e+02 3.6856e+02 4.6120e+02 4.0656e+02
  82.0000 4.5997e+02 3.4667e+02 4.6760e+02 3.6237e+02 4.5997e+02 4.0295e+02 4.5997e+02 4.5233e+02 4.6760e+02 4.4658e+02 3.6780e+02 4.1333e+02 3.6237e+02 4.5333e+02 3.9973e+02
  82.2500 4.5268e+02 3.4069e+02 4.6019e+02 3.5630e+02 4.5268e+02 3.9616e+02 4.5268e+02 4.4517e+02 4.6019e+02 4.3900e+02 3.6159e+02 4.0632e+02 3.5630e+02 4.4561e+02 3.9303e+02
  82.5000 4.4552e+02 3.3483e+02 4.5292e+02 3.5034e+02 4.4552e+02 3.8950e+02 4.4552e+02 4.3813e+02 4.5292e+02 4.3158e+02 3.5551e+02 3.9944e+02 3.5034e+02 4.3805e+02 3.8646e+02
  82.7500 4.3850e+02 3.2908e+02 4.4577e+02 3.4450e+02 4.3850e+02 3.8297e+02 4.3850e+02 4.3123e+02 4.4577e+02 4.2430e+02 3.4954e+02 3.9270e+02 3.4450e+02 4.3063e+02 3.8002e+02
  83.0000 4.3160e+02 3.2344e+02 4.3876e+02 3.3877e+02 4.3160e+02 3.7656e+02 4.3160e+02 4.2444e+02 4.3876e+02 4.1716e+02 3.4368e+02 3.8609e+02 3.3877e+02 4.2336e+02 3.7370e+02
  83.2500 4.2483e+02 3.1791e+02 4.3188e+02 3.3315e+02 4.2483e+02 3.7028e+02 4.2483e+02 4.1779e+02 4.3188e+02 4.1016e+02 3.3794e+02 3.7960e+02 3.3315e+02 4.1623e+02 3.6750e+02
  83.5000 4.1818e+02 3.1250e+02 4.2511e+02 3.2764e+02 4.1818e+02 3.6411e+02 4.1818e+02 4.1125e+02 4.2511e+02 4.0329e+02 3.3231e+02 3.7325e+02 3.2764e+02 4.0923e+02 3.6142e+02
  83.7500 4.1165e+02 3.0718e+02 4.1848e+02 3.2223e+02 4.1165e+02 3.5807e+02 4.1165e+02 4.0483e+02 4.1848e+02 3.9655e+02 3.2678e+02 3.6701e+02 3.2223e+02 4.0237e+02 3.5546e+02
  84.0000 4.0524e+02 3.0197e+02 4.1196e+02 3.1692e+02 4.0524e+02 3.5214e+02 4.0524e+02 3.9852e+02 4.1196e+02 3.8995e+02 3.2137e+02 3.6089e+02 3.1692e+02 3.9564e+02 3.4960e+02
  84.2500 3.9894e+02 2.9686e+02 4.0556e+02 3.1171e+02 3.9894e+02 3.4632e+02 3.9894e+02 3.9233e+02 4.0556e+02 3.8347e+02 3.1605e+02 3.5489e+02 3.1171e+02 3.8904e+02 3.4386e+02
  84.5000 3.9276e+02 2.9184e+02 3.9927e+02 3.0661e+02 3.9276e+02 3.4061e+02 3.9276e+02 3.8625e+02 3.9927e+02 3.7711e+02 3.1083e+02 3.4900e+02 3.0661e+02 3.8256e+02 3.3823e+02
  84.7500 3.8669e+02 2.8693e+02 3.9309e+02 3.0159e+02 3.8669e+02 3.3501e+02 3.8669e+02 3.8028e+02 3.9309e+02 3.7087e+02 3.0571e+02 3.4323e+02 3.0159e+02 3.7621e+02 3.3270e+02
  85.0000 3.8072e+02 2.8210e+02 3.8703e+02 2.9667e+02 3.8072e+02 3.2952e+02 3.8072e+02 3.7441e+02 3.8703e+02 3.6475e+02 3.0069e+02 3.3756e+02 2.9667e+02 3.6999e+02 3.2727e+02
  85.2500 3.7486e+02 2.7737e+02 3.8107e+02 2.9185e+02 3.7486e+02 3.2412e+02 3.7486e+02 3.6865e+02 3.8107e+02 3.5875e+02 2.9577e+02 3.3200e+02 2.9185e+02 3.6387e+02 3.2195e+02
  85.5000 3.6911e+02 2.7273e+02 3.7522e+02 2.8711e+02 3.6911e+02 3.1883e+02 3.6911e+02 3.6299e+02 3.7522e+02 3.5286e+02 2.9093e+02 3.2655e+02 2.8711e+02 3.5788e+02 3.1672e+02
  85.7500 3.6345e+02 2.6818e+02 3.6947e+02 2.8246e+02 3.6345e+02 3.1364e+02 3.6345e+02 3.5743e+02 3.6947e+02 3.4708e+02 2.8619e+02 3.2120e+02 2.8246e+02 3.5199e+02 3.1160e+02
  86.0000 3.5790e+02 2.6371e+02 3.6383e+02 2.7790e+02 3.5790e+02 3.0855e+02 3.5790e+02 3.5197e+02 3.6383e+02 3.4141e+02 2.8154e+02 3.1595e+02 2.7790e+02 3.4622e+02 3.0656e+02
  86.2500 3.5244e+02 2.5933e+02 3.5828e+02 2.7342e+02 3.5244e+02 3.0355e+02 3.5244e+02 3.4661e+02 3.5828e+02 3.3585e+02 2.7697e+02 3.1079e+02 2.7342e+02 3.4056e+02 3.0163e+02
  86.5000 3.4708e+02 2.5504e+02 3.5283e+02 2.6902e+02 3.4708e+02 2.9864e+02 3.4708e+02 3.4133e+02 3.5283e+02 3.3039e+02 2.7248e+02 3.0574e+02 2.6902e+02 3.3500e+02 2.9678e+02
  86.7500 3.4182e+02 2.5082e+02 3.4748e+02 2.6471e+02 3.4182e+02 2.9382e+02 3.4182e+02 3.3616e+02 3.4748e+02 3.2503e+02 2.6808e+02 3.0077e+02 2.6471e+02 3.2955e+02 2.9202e+02
  87.0000 3.3664e+02 2.4668e+02 3.4222e+02 2.6048e+02 3.3664e+02 2.8910e+02 3.3664e+02 3.3107e+02 3.4222e+02 3.1977e+02 2.6376e+02 2.9590e+02 2.6048e+02 3.2420e+02 2.8735e+02
  87.2500 3.3156e+02 2.4262e+02 3.3705e+02 2.5632e+02 3.3156e+02 2.8446e+02 3.3156e+02 3.2607e+02 3.3705e+02 3.1461e+02 2.5953e+02 2.9113e+02 2.5632e+02 3.1894e+02 2.8276e+02
  87.5000 3.2656e+02 2.3864e+02 3.3197e+02 2.5224e+02 3.2656e+02 2.7990e+02 3.2656e+02 3.2115e+02 3.3197e+02 3.0955e+02 2.5537e+02 2.8644e+02 2.5224e+02 3.1379e+02 2.7826e+02
  87.7500 3.2165e+02 2.3473e+02 3.2698e+02 2.4823e+02 3.2165e+02 2.7543e+02 3.2165e+02 3.1633e+02 3.2698e+02 3.0457e+02 2.5128e+02 2.8183e+02 2.4823e+02 3.0873e+02 2.7384e+02
  88.0000 3.1683e+02 2.3089e+02 3.2207e+02 2.4429e+02 3.1683e+02 2.7104e+02 3.1683e+02 3.1158e+02 3.2207e+02 2.9969e+02 2.4727e+02 2.7731e+02 2.4429e+02 3.0377e+02 2.6950e+02
  88.2500 3.1209e+02 2.2713e+02 3.1725e+02 2.4043e+02 3.1209e+02 2.6673e+02 3.1209e+02 3.0692e+02 3.1725e+02 2.9490e+02 2.4333e+02 2.7287e+02 2.4043e+02 2.9889e+02 2.6524e+02
  88.5000 3.0743e+02 2.2343e+02 3.1252e+02 2.3664e+02 3.0743e+02 2.6250e+02 3.0743e+02 3.0234e+02 3.1252e+02 2.9020e+02 2.3947e+02 2.6852e+02 2.3664e+02 2.9411e+02 2.6106e+02
  88.7500 3.0285e+02 2.1981e+02 3.0786e+02 2.3291e+02 3.0285e+02 2.5835e+02 3.0285e+02 2.9783e+02 3.0786e+02 2.8558e+02 2.3567e+02 2.6424e+02 2.3291e+02 2.8941e+02 2.5695e+02
  89.0000 2.9835e+02 2.1625e+02 3.0329e+02 2.2926e+02 2.9835e+02 2.5427e+02 2.9835e+02 2.9341e+02 3.0329e+02 2.8105e+02 2.3195e+02 2.6005e+02 2.2926e+02 2.8480e+02 2.5292e+02
  89.2500 2.9393e+02 2.1275e+02 2.9879e+02 2.2567e+02 2.9393e+02 2.5026e+02 2.9393e+02 2.8906e+02 2.9879e+02 2.7660e+02 2.2829e+02 2.5592e+02 2.2567e+02 2.8028e+02 2.4896e+02
  89.5000 2.8958e+02 2.0932e+02 2.9437e+02 2.2214e+02 2.8958e+02 2.4633e+02 2.8958e+02 2.8478e+02 2.9437e+02 2.7223e+02 2.2470e+02 2.5188e+02 2.2214e+02 2.7583e+02 2.4507e+02
  89.7500 2.8530e+02 2.0596e+02 2.9003e+02 2.1868e+02 2.8530e+02 2.4247e+02 2.8530e+02 2.8058e+02 2.9003e+02 2.6794e+02 2.2117e+02 2.4791e+02 2.1868e+02 2.7147e+02 2.4125e+02
  90.0000 2.8110e+02 2.0265e+02 2.8575e+02 2.1527e+02 2.8110e+02 2.3868e+02 2.8110e+02 2.7644e+02 2.8575e+02 2.6373e+02 2.1771e+02 2.4400e+02 2.1527e+02 2.6719e+02 2.3750e+02
  90.2500 2.7697e+02 1.9941e+02 2.8156e+02 2.1193e+02 2.7697e+02 2.3496e+02 2.7697e+02 2.7238e+02 2.8156e+02 2.5959e+02 2.1431e+02 2.4017e+02 2.1193e+02 2.6298e+02 2.3381e+02
  90.5000 2.7291e+02 1.9622e+02 2.7743e+02 2.0865e+02 2.7291e+02 2.3130e+02 2.7291e+02 2.6839e+02 2.7743e+02 2.5553e+02 2.1096e+02 2.3641e+02 2.0865e+02 2.5885e+02 2.3020e+02
  90.7500 2.6892e+02 1.9310e+02 2.7337e+02 2.0543e+02 2.6892e+02 2.2771e+02 2.6892e+02 2.6446e+02 2.7337e+02 2.5154e+02 2.0768e+02 2.3272e+02 2.0543e+02 2.5480e+02 2.2664e+02
  91.0000 2.6499e+02 1.9002e+02 2.6938e+02 2.0226e+02 2.6499e+02 2.2418e+02 2.6499e+02 2.6060e+02 2.6938e+02 2.4762e+02 2.0446e+02 2.2909e+02 2.0226e+02 2.5082e+02 2.2315e+02
  91.2500 2.6113e+02 1.8701e+02 2.6546e+02 1.9915e+02 2.6113e+02 2.2071e+02 2.6113e+02 2.5681e+02 2.6546e+02 2.4378e+02 2.0129e+02 2.2553e+02 1.9915e+02 2.4691e+02 2.1972e+02
  91.5000 2.5734e+02 1.8405e+02 2.6160e+02 1.9610e+02 2.5734e+02 2.1731e+02 2.5734e+02 2.5307e+02 2.6160e+02 2.4000e+02 1.9819e+02 2.2203e+02 1.9610e+02 2.4307e+02 2.1635e+02
  91.7500 2.5360e+02 1.8114e+02 2.5781e+02 1.9309e+02 2.5360e+02 2.1396e+02 2.5360e+02 2.4941e+02 2.5781e+02 2.3629e+02 1.9513e+02 2.1859e+02 1.9309e+02 2.3929e+02 2.1304e+02
  92.0000 2.4994e+02 1.7829e+02 2.5408e+02 1.9015e+02 2.4994e+02 2.1068e+02 2.4994e+02 2.4580e+02 2.5408e+02 2.3264e+02 1.9213e+02 2.1521e+02 1.9015e+02 2.3559e+02 2.0979e+02
  92.2500 2.4633e+02 1.7549e+02 2.5041e+02 1.8725e+02 2.4633e+02 2.0745e+02 2.4633e+02 2.4225e+02 2.5041e+02 2.2906e+02 1.8919e+02 2.1190e+02 1.8725e+02 2.3195e+02 2.0659e+02
  92.5000 2.4278e+02 1.7274e+02 2.4680e+02 1.8440e+02 2.4278e+02 2.0428e+02 2.4278e+02 2.3876e+02 2.4680e+02 2.2554e+02 1.8629e+02 2.0864e+02 1.8440e+02 2.2838e+02 2.0346e+02
  92.7500 2.3929e+02 1.7003e+02 2.4325e+02 1.8161e+02 2.3929e+02 2.0117e+02 2.3929e+02 2.3533e+02 2.4325e+02 2.2209e+02 1.8344e+02 2.0544e+02 1.8161e+02 2.2487e+02 2.0037e+02
  93.0000 2.3586e+02 1.6738e+02 2.3977e+02 1.7886e+02 2.3586e+02 1.9811e+02 2.3586e+02 2.3195e+02 2.3977e+02 2.1869e+02 1.8065e+02 2.0230e+02 1.7886e+02 2.2142e+02 1.9734e+02
  93.2500 2.3248e+02 1.6477e+02 2.3634e+02 1.7616e+02 2.3248e+02 1.9510e+02 2.3248e+02 2.2863e+02 2.3634e+02 2.1536e+02 1.7790e+02 1.9921e+02 1.7616e+02 2.1803e+02 1.9436e+02
  93.5000 2.2916e+02 1.6221e+02 2.3296e+02 1.7350e+02 2.2916e+02 1.9214e+02 2.2916e+02 2.2537e+02 2.3296e+02 2.1208e+02 1.7521e+02 1.9617e+02 1.7350e+02 2.1470e+02 1.9143e+02
  93.7500 2.2590e+02 1.5969e+02 2.2964e+02 1.7089e+02 2.2590e+02 1.8924e+02 2.2590e+02 2.2216e+02 2.2964e+02 2.0886e+02 1.7255e+02 1.9319e+02 1.7089e+02 2.1143e+02 1.8856e+02
  94.0000 2.2269e+02 1.5722e+02 2.2638e+02 1.6833e+02 2.2269e+02 1.8638e+02 2.2269e+02 2.1900e+02 2.2638e+02 2.0569e+02 1.6995e+02 1.9026e+02 1.6833e+02 2.0822e+02 1.8573e+02
  94.2500 2.1953e+02 1.5479e+02 2.2317e+02 1.6581e+02 2.1953e+02 1.8358e+02 2.1953e+02 2.1589e+02 2.2317e+02 2.0259e+02 1.6738e+02 1.8738e+02 1.6581e+02 2.0506e+02 1.8295e+02
  94.5000 2.1642e+02 1.5240e+02 2.2001e+02 1.6333e+02 2.1642e+02 1.8082e+02 2.1642e+02 2.1283e+02 2.2001e+02 1.9953e+02 1.6487e+02 1.8455e+02 1.6333e+02 2.0196e+02 1.8022e+02
  94.7500 2.1337e+02 1.5005e+02 2.1690e+02 1.6090e+02 2.1337e+02 1.7811e+02 2.1337e+02 2.0983e+02 2.1690e+02 1.9652e+02 1.6239e+02 1.8176e+02 1.6090e+02 1.9890e+02 1.7753e+02
  95.0000 2.1036e+02 1.4775e+02 2.1385e+02 1.5850e+02 2.1036e+02 1.7545e+02 2.1036e+02 2.0687e+02 2.1385e+02 1.9357e+02 1.5996e+02 1.7903e+02 1.5850e+02 1.9591e+02 1.7489e+02
  95.2500 2.0740e+02 1.4548e+02 2.1084e+02 1.5615e+02 2.0740e+02 1.7283e+02 2.0740e+02 2.0396e+02 2.1084e+02 1.9067e+02 1.5757e+02 1.7634e+02 1.5615e+02 1.9296e+02 1.7229e+02
  95.5000 2.0449e+02 1.4326e+02 2.0788e+02 1.5383e+02 2.0449e+02 1.7025e+02 2.0449e+02 2.0110e+02 2.0788e+02 1.8781e+02 1.5522e+02 1.7370e+02 1.5383e+02 1.9006e+02 1.6974e+02
  95.7500 2.0163e+02 1.4107e+02 2.0497e+02 1.5156e+02 2.0163e+02 1.6772e+02 2.0163e+02 1.9828e+02 2.0497e+02 1.8501e+02 1.5291e+02 1.7110e+02 1.5156e+02 1.8721e+02 1.6723e+02
  96.0000 1.9881e+02 1.3892e+02 2.0211e+02 1.4932e+02 1.9881e+02 1.6524e+02 1.9881e+02 1.9551e+02 2.0211e+02 1.8225e+02 1.5063e+02 1.6855e+02 1.4932e+02 1.8442e+02 1.6477e+02
  96.2500 1.9604e+02 1.3680e+02 1.9929e+02 1.4712e+02 1.9604e+02 1.6279e+02 1.9604e+02 1.9278e+02 1.9929e+02 1.7954e+02 1.4840e+02 1.6604e+02 1.4712e+02 1.8166e+02 1.6234e+02
  96.5000 1.9331e+02 1.3472e+02 1.9652e+02 1.4496e+02 1.9331e+02 1.6038e+02 1.9331e+02 1.9010e+02 1.9652e+02 1.7688e+02 1.4621e+02 1.6357e+02 1.4496e+02 1.7896e+02 1.5996e+02
  96.7500 1.9063e+02 1.3268e+02 1.9379e+02 1.4283e+02 1.9063e+02 1.5802e+02 1.9063e+02 1.8746e+02 1.9379e+02 1.7426e+02 1.4405e+02 1.6115e+02 1.4283e+02 1.7630e+02 1.5761e+02
  97.0000 1.8799e+02 1.3068e+02 1.9111e+02 1.4074e+02 1.8799e+02 1.5570e+02 1.8799e+02 1.8487e+02 1.9111e+02 1.7168e+02 1.4193e+02 1.5876e+02 1.4074e+02 1.7369e+02 1.5531e+02
  97.2500 1.8539e+02 1.2870e+02 1.8847e+02 1.3869e+02 1.8539e+02 1.5341e+02 1.8539e+02 1.8231e+02 1.8847e+02 1.6915e+02 1.3984e+02 1.5642e+02 1.3869e+02 1.7112e+02 1.5304e+02
  97.5000 1.8283e+02 1.2676e+02 1.8587e+02 1.3666e+02 1.8283e+02 1.5116e+02 1.8283e+02 1.7979e+02 1.8587e+02 1.6666e+02 1.3779e+02 1.5411e+02 1.3666e+02 1.6859e+02 1.5081e+02
  97.7500 1.8031e+02 1.2486e+02 1.8331e+02 1.3468e+02 1.8031e+02 1.4895e+02 1.8031e+02 1.7732e+02 1.8331e+02 1.6421e+02 1.3577e+02 1.5184e+02 1.3468e+02 1.6611e+02 1.4861e+02
  98.0000 1.7784e+02 1.2298e+02 1.8079e+02 1.3272e+02 1.7784e+02 1.4678e+02 1.7784e+02 1.7488e+02 1.8079e+02 1.6181e+02 1.3378e+02 1.4962e+02 1.3272e+02 1.6366e+02 1.4646e+02
  98.2500 1.7540e+02 1.2114e+02 1.7831e+02 1.3080e+02 1.7540e+02 1.4464e+02 1.7540e+02 1.7248e+02 1.7831e+02 1.5944e+02 1.3183e+02 1.4743e+02 1.3080e+02 1.6126e+02 1.4434e+02
  98.5000 1.7300e+02 1.1933e+02 1.7588e+02 1.2891e+02 1.7300e+02 1.4254e+02 1.7300e+02 1.7012e+02 1.7588e+02 1.5711e+02 1.2991e+02 1.4527e+02 1.2891e+02 1.5890e+02 1.4225e+02
  98.7500 1.7064e+02 1.1755e+02 1.7347e+02 1.2704e+02 1.7064e+02 1.4047e+02 1.7064e+02 1.6780e+02 1.7347e+02 1.5482e+02 1.2803e+02 1.4315e+02 1.2704e+02 1.5658e+02 1.4020e+02
  99.0000 1.6831e+02 1.1580e+02 1.7111e+02 1.2521e+02 1.6831e+02 1.3844e+02 1.6831e+02 1.6551e+02 1.7111e+02 1.5257e+02 1.2617e+02 1.4107e+02 1.2521e+02 1.5429e+02 1.3818e+02
  99.2500 1.6603e+02 1.1408e+02 1.6879e+02 1.2341e+02 1.6603e+02 1.3644e+02 1.6603e+02 1.6326e+02 1.6879e+02 1.5036e+02 1.2434e+02 1.3902e+02 1.2341e+02 1.5205e+02 1.3619e+02
  99.5000 1.6377e+02 1.1238e+02 1.6650e+02 1.2164e+02 1.6377e+02 1.3447e+02 1.6377e+02 1.6105e+02 1.6650e+02 1.4818e+02 1.2255e+02 1.3700e+02 1.2164e+02 1.4984e+02 1.3424e+02
  99.7500 1.6156e+02 1.1072e+02 1.6424e+02 1.1990e+02 1.6156e+02 1.3253e+02 1.6156e+02 1.5887e+02 1.6424e+02 1.4604e+02 1.2078e+02 1.3502e+02 1.1990e+02 1.4767e+02 1.3232e+02
 100.0000 1.5937e+02 1.0908e+02 1.6203e+02 1.1819e+02 1.5937e+02 1.3063e+02 1.5937e+02 1.5672e+02 1.6203e+02 1.4393e+02 1.1905e+02 1.3307e+02 1.1819e+02 1.4553e+02 1.3043e+02
 100.2500 1.5722e+02 1.0747e+02 1.5984e+02 1.1650e+02 1.5722e+02 1.2876e+02 1.5722e+02 1.5460e+02 1.5984e+02 1.4186e+02 1.1734e+02 1.3115e+02 1.1650e+02 1.4343e+02 1.2857e+02
 100.5000 1.5511e+02 1.0589e+02 1.5769e+02 1.1484e+02 1.5511e+02 1.2692e+02 1.5511e+02 1.5252e+02 1.5769e+02 1.3982e+02 1.1566e+02 1.2926e+02 1.1484e+02 1.4136e+02 1.2674e+02
 100.7500 1.5302e+02 1.0433e+02 1.5557e+02 1.1321e+02 1.5302e+02 1.2511e+02 1.5302e+02 1.5047e+02 1.5557e+02 1.3782e+02 1.1400e+02 1.2741e+02 1.1321e+02 1.3933e+02 1.2494e+02
 101.0000 1.5097e+02 1.0280e+02 1.5349e+02 1.1161e+02 1.5097e+02 1.2332e+02 1.5097e+02 1.4846e+02 1.5349e+02 1.3585e+02 1.1238e+02 1.2558e+02 1.1161e+02 1.3733e+02 1.2317e+02
 101.2500 1.4895e+02 1.0130e+02 1.5144e+02 1.1003e+02 1.4895e+02 1.2157e+02 1.4895e+02 1.4647e+02 1.5144e+02 1.3391e+02 1.1078e+02 1.2379e+02 1.1003e+02 1.3537e+02 1.2143e+02
 101.5000 1.4697e+02 9.9817e+01 1.4942e+02 1.0847e+02 1.4697e+02 1.1985e+02 1.4697e+02 1.4451e+02 1.4942e+02 1.3200e+02 1.0920e+02 1.2202e+02 1.0847e+02 1.3343e+02 1.1972e+02
 101.7500 1.4501e+02 9.8360e+01 1.4743e+02 1.0695e+02 1.4501e+02 1.1815e+02 1.4501e+02 1.4259e+02 1.4743e+02 1.3012e+02 1.0765e+02 1.2028e+02 1.0695e+02 1.3153e+02 1.1803e+02
 102.0000 1.4308e+02 9.6927e+01 1.4547e+02 1.0544e+02 1.4308e+02 1.1648e+02 1.4308e+02 1.4069e+02 1.4547e+02 1.2828e+02 1.0613e+02 1.1857e+02 1.0544e+02 1.2965e+02 1.1637e+02
 102.2500 1.4118e+02 9.5519e+01 1.4354e+02 1.0396e+02 1.4118e+02 1.1483e+02 1.4118e+02 1.3882e+02 1.4354e+02 1.2646e+02 1.0463e+02 1.1689e+02 1.0396e+02 1.2781e+02 1.1474e+02
 102.5000 1.3931e+02 9.4134e+01 1.4164e+02 1.0250e+02 1.3931e+02 1.1322e+02 1.3931e+02 1.3698e+02 1.4164e+02 1.2467e+02 1.0315e+02 1.1524e+02 1.0250e+02 1.2600e+02 1.1313e+02
 102.7500 1.3747e+02 9.2771e+01 1.3977e+02 1.0107e+02 1.3747e+02 1.1163e+02 1.3747e+02 1.3517e+02 1.3977e+02 1.2291e+02 1.0170e+02 1.1361e+02 1.0107e+02 1.2422e+02 1.1155e+02
 103.0000 1.3566e+02 9.1430e+01 1.3793e+02 9.9660e+01 1.3566e+02 1.1006e+02 1.3566e+02 1.3339e+02 1.3793e+02 1.2118e+02 1.0027e+02 1.1201e+02 9.9660e+01 1.2246e+02 1.0999e+02
 103.2500 1.3387e+02 9.0111e+01 1.3611e+02 9.8272e+01 1.3387e+02 1.0852e+02 1.3387e+02 1.3163e+02 1.3611e+02 1.1948e+02 9.8868e+01 1.1043e+02 9.8272e+01 1.2074e+02 1.0846e+02
 103.5000 1.3211e+02 8.8814e+01 1.3432e+02 9.6905e+01 1.3211e+02 1.0701e+02 1.3211e+02 1.2990e+02 1.3432e+02 1.1780e+02 9.7485e+01 1.0888e+02 9.6905e+01 1.1904e+02 1.0695e+02
 103.7500 1.3038e+02 8.7537e+01 1.3256e+02 9.5560e+01 1.3038e+02 1.0551e+02 1.3038e+02 1.2820e+02 1.3256e+02 1.1615e+02 9.6123e+01 1.0735e+02 9.5560e+01 1.1737e+02 1.0547e+02
 104.0000 1.2867e+02 8.6282e+01 1.3083e+02 9.4237e+01 1.2867e+02 1.0405e+02 1.2867e+02 1.2652e+02 1.3083e+02 1.1453e+02 9.4784e+01 1.0585e+02 9.4237e+01 1.1572e+02 1.0401e+02
 104.2500 1.2699e+02 8.5046e+01 1.2912e+02 9.2934e+01 1.2699e+02 1.0260e+02 1.2699e+02 1.2487e+02 1.2912e+02 1.1293e+02 9.3465e+01 1.0437e+02 9.2934e+01 1.1410e+02 1.0257e+02
 104.5000 1.2534e+02 8.3831e+01 1.2744e+02 9.1652e+01 1.2534e+02 1.0118e+02 1.2534e+02 1.2324e+02 1.2744e+02 1.1136e+02 9.2168e+01 1.0292e+02 9.1652e+01 1.1251e+02 1.0116e+02
 104.7500 1.2371e+02 8.2635e+01 1.2578e+02 9.0390e+01 1.2371e+02 9.9779e+01 1.2371e+02 1.2163e+02 1.2578e+02 1.0982e+02 9.0891e+01 1.0149e+02 9.0390e+01 1.1094e+02 9.9766e+01
 105.0000 1.2210e+02 8.1459e+01 1.2415e+02 8.9147e+01 1.2210e+02 9.8401e+01 1.2210e+02 1.2005e+02 1.2415e+02 1.0829e+02 8.9634e+01 1.0008e+02 8.9147e+01 1.0940e+02 9.8395e+01
 105.2500 1.2052e+02 8.0301e+01 1.2254e+02 8.7925e+01 1.2052e+02 9.7045e+01 1.2052e+02 1.1850e+02 1.2254e+02 1.0680e+02 8.8397e+01 9.8691e+01 8.7925e+01 1.0789e+02 9.7046e+01
 105.5000 1.1896e+02 7.9162e+01 1.2096e+02 8.6721e+01 1.1896e+02 9.5710e+01 1.1896e+02 1.1696e+02 1.2096e+02 1.0532e+02 8.7179e+01 9.7326e+01 8.6721e+01 1.0639e+02 9.5718e+01
 105.7500 1.1742e+02 7.8041e+01 1.1940e+02 8.5536e+01 1.1742e+02 9.4397e+01 1.1742e+02 1.1545e+02 1.1940e+02 1.0387e+02 8.5980e+01 9.5983e+01 8.5536e+01 1.0492e+02 9.4411e+01
 106.0000 1.1591e+02 7.6939e+01 1.1786e+02 8.4369e+01 1.1591e+02 9.3103e+01 1.1591e+02 1.1396e+02 1.1786e+02 1.0244e+02 8.4800e+01 9.4660e+01 8.4369e+01 1.0347e+02 9.3124e+01
 106.2500 1.1442e+02 7.5853e+01 1.1634e+02 8.3221e+01 1.1442e+02 9.1830e+01 1.1442e+02 1.1250e+02 1.1634e+02 1.0104e+02 8.3639e+01 9.3359e+01 8.3221e+01 1.0205e+02 9.1857e+01
 106.5000 1.1295e+02 7.4785e+01 1.1485e+02 8.2090e+01 1.1295e+02 9.0577e+01 1.1295e+02 1.1105e+02 1.1485e+02 9.9652e+01 8.2495e+01 9.2078e+01 8.2090e+01 1.0065e+02 9.0610e+01
 106.7500 1.1150e+02 7.3734e+01 1.1338e+02 8.0977e+01 1.1150e+02 8.9343e+01 1.1150e+02 1.0963e+02 1.1338e+02 9.8290e+01 8.1370e+01 9.0817e+01 8.0977e+01 9.9267e+01 8.9382e+01
 107.0000 1.1008e+02 7.2700e+01 1.1193e+02 7.9881e+01 1.1008e+02 8.8128e+01 1.1008e+02 1.0822e+02 1.1193e+02 9.6948e+01 8.0262e+01 8.9576e+01 7.9881e+01 9.7909e+01 8.8172e+01
 107.2500 1.0867e+02 7.1682e+01 1.1050e+02 7.8801e+01 1.0867e+02 8.6933e+01 1.0867e+02 1.0684e+02 1.1050e+02 9.5628e+01 7.9171e+01 8.8354e+01 7.8801e+01 9.6572e+01 8.6982e+01
 107.5000 1.0729e+02 7.0681e+01 1.0910e+02 7.7739e+01 1.0729e+02 8.5755e+01 1.0729e+02 1.0548e+02 1.0910e+02 9.4329e+01 7.8097e+01 8.7151e+01 7.7739e+01 9.5256e+01 8.5810e+01
 107.7500 1.0592e+02 6.9695e+01 1.0771e+02 7.6693e+01 1.0592e+02 8.4596e+01 1.0592e+02 1.0414e+02 1.0771e+02 9.3049e+01 7.7039e+01 8.5967e+01 7.6693e+01 9.3960e+01 8.4656e+01
 108.0000 1.0458e+02 6.8725e+01 1.0634e+02 7.5662e+01 1.0458e+02 8.3454e+01 1.0458e+02 1.0281e+02 1.0634e+02 9.1789e+01 7.5998e+01 8.4801e+01 7.5662e+01 9.2684e+01 8.3519e+01
 108.2500 1.0325e+02 6.7769e+01 1.0500e+02 7.4648e+01 1.0325e+02 8.2331e+01 1.0325e+02 1.0151e+02 1.0500e+02 9.0549e+01 7.4973e+01 8.3653e+01 7.4648e+01 9.1428e+01 8.2400e+01
 108.5000 1.0195e+02 6.6830e+01 1.0367e+02 7.3649e+01 1.0195e+02 8.1224e+01 1.0195e+02 1.0023e+02 1.0367e+02 8.9328e+01 7.3964e+01 8.2523e+01 7.3649e+01 9.0192e+01 8.1298e+01
 108.7500 1.0066e+02 6.5905e+01 1.0236e+02 7.2665e+01 1.0066e+02 8.0135e+01 1.0066e+02 9.8962e+01 1.0236e+02 8.8125e+01 7.2970e+01 8.1410e+01 7.2665e+01 8.8975e+01 8.0213e+01
 109.0000 9.9394e+01 6.4994e+01 1.0107e+02 7.1697e+01 9.9394e+01 7.9062e+01 9.9394e+01 9.7714e+01 1.0107e+02 8.6942e+01 7.1991e+01 8.0314e+01 7.1697e+01 8.7776e+01 7.9144e+01
 109.2500 9.8144e+01 6.4097e+01 9.9804e+01 7.0743e+01 9.8144e+01 7.8005e+01 9.8144e+01 9.6484e+01 9.9804e+01 8.5776e+01 7.1028e+01 7.9236e+01 7.0743e+01 8.6596e+01 7.8092e+01
 109.5000 9.6912e+01 6.3215e+01 9.8552e+01 6.9803e+01 9.6912e+01 7.6965e+01 9.6912e+01 9.5272e+01 9.8552e+01 8.4628e+01 7.0079e+01 7.8173e+01 6.9803e+01 8.5434e+01 7.7055e+01
 109.7500 9.5698e+01 6.2347e+01 9.7319e+01 6.8878e+01 9.5698e+01 7.5940e+01 9.5698e+01 9.4078e+01 9.7319e+01 8.3498e+01 6.9144e+01 7.7127e+01 6.8878e+01 8.4290e+01 7.6034e+01
 110.0000 9.4501e+01 6.1492e+01 9.6102e+01 6.7967e+01 9.4501e+01 7.4931e+01 9.4501e+01 9.2901e+01 9.6102e+01 8.2385e+01 6.8224e+01 7.6097e+01 6.7967e+01 8.3164e+01 7.5029e+01
 110.2500 9.3322e+01 6.0650e+01 9.4904e+01 6.7069e+01 9.3322e+01 7.3937e+01 9.3322e+01 9.1740e+01 9.4904e+01 8.1289e+01 6.7318e+01 7.5083e+01 6.7069e+01 8.2054e+01 7.4039e+01
 110.5000 9.2159e+01 5.9821e+01 9.3722e+01 6.6185e+01 9.2159e+01 7.2959e+01 9.2159e+01 9.0596e+01 9.3722e+01 8.0209e+01 6.6425e+01 7.4084e+01 6.6185e+01 8.0962e+01 7.3064e+01
 110.7500 9.1013e+01 5.9005e+01 9.2558e+01 6.5314e+01 9.1013e+01 7.1995e+01 9.1013e+01 8.9469e+01 9.2558e+01 7.9147e+01 6.5546e+01 7.3101e+01 6.5314e+01 7.9886e+01 7.2103e+01
 111.0000 8.9883e+01 5.8202e+01 9.1409e+01 6.4457e+01 8.9883e+01 7.1046e+01 8.9883e+01 8.8357e+01 9.1409e+01 7.8100e+01 6.4680e+01 7.2132e+01 6.4457e+01 7.8827e+01 7.1157e+01
 111.2500 8.8770e+01 5.7411e+01 9.0278e+01 6.3612e+01 8.8770e+01 7.0110e+01 8.8770e+01 8.7261e+01 9.0278e+01 7.7069e+01 6.3828e+01 7.1178e+01 6.3612e+01 7.7784e+01 7.0225e+01
 111.5000 8.7672e+01 5.6633e+01 8.9162e+01 6.2780e+01 8.7672e+01 6.9189e+01 8.7672e+01 8.6181e+01 8.9162e+01 7.6053e+01 6.2988e+01 7.0239e+01 6.2780e+01 7.6756e+01 6.9307e+01
 111.7500 8.6589e+01 5.5866e+01 8.8062e+01 6.1960e+01 8.6589e+01 6.8282e+01 8.6589e+01 8.5117e+01 8.8062e+01 7.5053e+01 6.2161e+01 6.9313e+01 6.1960e+01 7.5745e+01 6.8403e+01
 112.0000 8.5522e+01 5.5112e+01 8.6978e+01 6.1153e+01 8.5522e+01 6.7389e+01 8.5522e+01 8.4067e+01 8.6978e+01 7.4069e+01 6.1346e+01 6.8402e+01 6.1153e+01 7.4748e+01 6.7512e+01
 112.2500 8.4470e+01 5.4369e+01 8.5909e+01 6.0357e+01 8.4470e+01 6.6509e+01 8.4470e+01 8.3032e+01 8.5909e+01 7.3098e+01 6.0543e+01 6.7504e+01 6.0357e+01 7.3767e+01 6.6634e+01
 112.5000 8.3433e+01 5.3637e+01 8.4855e+01 5.9574e+01 8.3433e+01 6.5642e+01 8.3433e+01 8.2011e+01 8.4855e+01 7.2143e+01 5.9753e+01 6.6620e+01 5.9574e+01 7.2800e+01 6.5770e+01
 112.7500 8.2410e+01 5.2916e+01 8.3815e+01 5.8802e+01 8.2410e+01 6.4787e+01 8.2410e+01 8.1005e+01 8.3815e+01 7.1201e+01 5.8974e+01 6.5749e+01 5.8802e+01 7.1848e+01 6.4918e+01
 113.0000 8.1402e+01 5.2207e+01 8.2791e+01 5.8041e+01 8.1402e+01 6.3946e+01 8.1402e+01 8.0013e+01 8.2791e+01 7.0274e+01 5.8207e+01 6.4891e+01 5.8041e+01 7.0910e+01 6.4079e+01
 113.2500 8.0408e+01 5.1508e+01 8.1780e+01 5.7292e+01 8.0408e+01 6.3117e+01 8.0408e+01 7.9035e+01 8.1780e+01 6.9361e+01 5.7451e+01 6.4046e+01 5.7292e+01 6.9986e+01 6.3252e+01
 113.5000 7.9427e+01 5.0820e+01 8.0784e+01 5.6554e+01 7.9427e+01 6.2301e+01 7.9427e+01 7.8071e+01 8.0784e+01 6.8462e+01 5.6706e+01 6.3214e+01 5.6554e+01 6.9076e+01 6.2438e+01
 113.7500 7.8461e+01 5.0143e+01 7.9802e+01 5.5827e+01 7.8461e+01 6.1496e+01 7.8461e+01 7.7120e+01 7.9802e+01 6.7575e+01 5.5973e+01 6.2394e+01 5.5827e+01 6.8180e+01 6.1636e+01
 114.0000 7.7508e+01 4.9476e+01 7.8833e+01 5.5110e+01 7.7508e+01 6.0704e+01 7.7508e+01 7.6182e+01 7.8833e+01 6.6702e+01 5.5250e+01 6.1586e+01 5.5110e+01 6.7297e+01 6.0845e+01
 114.2500 7.6568e+01 4.8819e+01 7.7878e+01 5.4404e+01 7.6568e+01 5.9923e+01 7.6568e+01 7.5257e+01 7.7878e+01 6.5842e+01 5.4538e+01 6.0790e+01 5.4404e+01 6.6427e+01 6.0066e+01
 114.5000 7.5641e+01 4.8172e+01 7.6936e+01 5.3708e+01 7.5641e+01 5.9154e+01 7.5641e+01 7.4346e+01 7.6936e+01 6.4995e+01 5.3837e+01 6.0006e+01 5.3708e+01 6.5570e+01 5.9298e+01
 114.7500 7.4727e+01 4.7534e+01 7.6008e+01 5.3023e+01 7.4727e+01 5.8395e+01 7.4727e+01 7.3446e+01 7.6008e+01 6.4160e+01 5.3146e+01 5.9233e+01 5.3023e+01 6.4726e+01 5.8542e+01
 115.0000 7.3825e+01 4.6906e+01 7.5092e+01 5.2347e+01 7.3825e+01 5.7648e+01 7.3825e+01 7.2559e+01 7.5092e+01 6.3337e+01 5.2464e+01 5.8472e+01 5.2347e+01 6.3894e+01 5.7796e+01
 115.2500 7.2936e+01 4.6287e+01 7.4188e+01 5.1681e+01 7.2936e+01 5.6912e+01 7.2936e+01 7.1685e+01 7.4188e+01 6.2526e+01 5.1793e+01 5.7721e+01 5.1681e+01 6.3074e+01 5.7062e+01
 115.5000 7.2060e+01 4.5678e+01 7.3297e+01 5.1024e+01 7.2060e+01 5.6186e+01 7.2060e+01 7.0822e+01 7.3297e+01 6.1726e+01 5.1131e+01 5.6982e+01 5.1024e+01 6.2265e+01 5.6337e+01
 115.7500 7.1195e+01 4.5077e+01 7.2419e+01 5.0377e+01 7.1195e+01 5.5471e+01 7.1195e+01 6.9972e+01 7.2419e+01 6.0939e+01 5.0479e+01 5.6253e+01 5.0377e+01 6.1469e+01 5.5623e+01
 116.0000 7.0342e+01 4.4485e+01 7.1552e+01 4.9739e+01 7.0342e+01 5.4766e+01 7.0342e+01 6.9133e+01 7.1552e+01 6.0162e+01 4.9837e+01 5.5535e+01 4.9739e+01 6.0684e+01 5.4920e+01
 116.2500 6.9501e+01 4.3902e+01 7.0697e+01 4.9111e+01 6.9501e+01 5.4071e+01 6.9501e+01 6.8305e+01 7.0697e+01 5.9397e+01 4.9203e+01 5.4827e+01 4.9111e+01 5.9910e+01 5.4226e+01
 116.5000 6.8671e+01 4.3328e+01 6.9854e+01 4.8491e+01 6.8671e+01 5.3386e+01 6.8671e+01 6.7489e+01 6.9854e+01 5.8643e+01 4.8579e+01 5.4129e+01 4.8491e+01 5.9148e+01 5.3543e+01
 116.7500 6.7853e+01 4.2762e+01 6.9022e+01 4.7880e+01 6.7853e+01 5.2710e+01 6.7853e+01 6.6684e+01 6.9022e+01 5.7900e+01 4.7963e+01 5.3442e+01 4.7880e+01 5.8396e+01 5.2869e+01
 117.0000 6.7046e+01 4.2204e+01 6.8202e+01 4.7278e+01 6.7046e+01 5.2045e+01 6.7046e+01 6.5890e+01 6.8202e+01 5.7167e+01 4.7357e+01 5.2764e+01 4.7278e+01 5.7656e+01 5.2204e+01
 117.2500 6.6250e+01 4.1654e+01 6.7393e+01 4.6684e+01 6.6250e+01 5.1389e+01 6.6250e+01 6.5107e+01 6.7393e+01 5.6445e+01 4.6759e+01 5.2096e+01 4.6684e+01 5.6925e+01 5.1550e+01
 117.5000 6.5464e+01 4.1113e+01 6.6595e+01 4.6099e+01 6.5464e+01 5.0742e+01 6.5464e+01 6.4334e+01 6.6595e+01 5.5733e+01 4.6169e+01 5.1437e+01 4.6099e+01 5.6206e+01 5.0904e+01
 117.7500 6.4689e+01 4.0579e+01 6.5807e+01 4.5523e+01 6.4689e+01 5.0105e+01 6.4689e+01 6.3572e+01 6.5807e+01 5.5031e+01 4.5588e+01 5.0788e+01 4.5523e+01 5.5496e+01 5.0267e+01
 118.0000 6.3925e+01 4.0053e+01 6.5031e+01 4.4954e+01 6.3925e+01 4.9476e+01 6.3925e+01 6.2820e+01 6.5031e+01 5.4339e+01 4.5015e+01 5.0148e+01 4.4954e+01 5.4797e+01 4.9640e+01
 118.2500 6.3171e+01 3.9534e+01 6.4264e+01 4.4393e+01 6.3171e+01 4.8857e+01 6.3171e+01 6.2078e+01 6.4264e+01 5.3657e+01 4.4451e+01 4.9517e+01 4.4393e+01 5.4108e+01 4.9021e+01
 118.5000 6.2427e+01 3.9023e+01 6.3508e+01 4.3840e+01 6.2427e+01 4.8246e+01 6.2427e+01 6.1346e+01 6.3508e+01 5.2985e+01 4.3894e+01 4.8895e+01 4.3840e+01 5.3428e+01 4.8411e+01
 118.7500 6.1693e+01 3.8520e+01 6.2763e+01 4.3295e+01 6.1693e+01 4.7644e+01 6.1693e+01 6.0624e+01 6.2763e+01 5.2322e+01 4.3345e+01 4.8282e+01 4.3295e+01 5.2758e+01 4.7810e+01
 119.0000 6.0969e+01 3.8024e+01 6.2027e+01 4.2758e+01 6.0969e+01 4.7050e+01 6.0969e+01 5.9912e+01 6.2027e+01 5.1669e+01 4.2804e+01 4.7678e+01 4.2758e+01 5.2098e+01 4.7217e+01
 119.2500 6.0255e+01 3.7535e+01 6.1301e+01 4.2228e+01 6.0255e+01 4.6465e+01 6.0255e+01 5.9209e+01 6.1301e+01 5.1025e+01 4.2271e+01 4.7082e+01 4.2228e+01 5.1447e+01 4.6633e+01
 119.5000 5.9550e+01 3.7053e+01 6.0585e+01 4.1706e+01 5.9550e+01 4.5888e+01 5.9550e+01 5.8516e+01 6.0585e+01 5.0390e+01 4.1745e+01 4.6495e+01 4.1706e+01 5.0805e+01 4.6057e+01
 119.7500 5.8855e+01 3.6578e+01 5.9878e+01 4.1191e+01 5.8855e+01 4.5319e+01 5.8855e+01 5.7832e+01 5.9878e+01 4.9764e+01 4.1227e+01 4.5916e+01 4.1191e+01 5.0172e+01 4.5488e+01
 120.0000 5.8169e+01 3.6110e+01 5.9181e+01 4.0683e+01 5.8169e+01 4.4758e+01 5.8169e+01 5.7157e+01 5.9181e+01 4.9146e+01 4.0715e+01 4.5345e+01 4.0683e+01 4.9548e+01 4.4928e+01
