   5.0000 1.3932e+07 9.2435e+06 2.0197e+07 9.8155e+06 1.9678e+07 1.2132e+07 1.6038e+07 1.2593e+07 1.5272e+07
   5.2500 1.3001e+07 8.7419e+06 1.8821e+07 9.2610e+06 1.8366e+07 1.1370e+07 1.4897e+07 1.1779e+07 1.4222e+07
   5.5000 1.2100e+07 8.2421e+06 1.7492e+07 8.7123e+06 1.7093e+07 1.0626e+07 1.3804e+07 1.0988e+07 1.3211e+07
   5.7500 1.1236e+07 7.7502e+06 1.6220e+07 8.1756e+06 1.5871e+07 9.9081e+06 1.2765e+07 1.0226e+07 1.2247e+07
   6.0000 1.0416e+07 7.2709e+06 1.5013e+07 7.6554e+06 1.4707e+07 9.2204e+06 1.1787e+07 9.4998e+06 1.1333e+07
   6.2500 9.6430e+06 6.8076e+06 1.3875e+07 7.1549e+06 1.3607e+07 8.5670e+06 1.0870e+07 8.8118e+06 1.0474e+07
   6.5000 8.9172e+06 6.3634e+06 1.2809e+07 6.6769e+06 1.2574e+07 7.9498e+06 1.0016e+07 8.1640e+06 9.6703e+06
   6.7500 8.2393e+06 5.9090e+06 1.1814e+07 6.1878e+06 1.1607e+07 7.3698e+06 9.2234e+06 7.5570e+06 8.9216e+06
   7.0000 7.6086e+06 5.4718e+06 1.0889e+07 5.7183e+06 1.0707e+07 6.8271e+06 8.4900e+06 6.9905e+06 8.2267e+06
   7.2500 7.0236e+06 5.0648e+06 1.0032e+07 5.2830e+06 9.8717e+06 6.3210e+06 7.8133e+06 6.4635e+06 7.5836e+06
   7.5000 6.4823e+06 4.6870e+06 9.2400e+06 4.8803e+06 9.0988e+06 5.8504e+06 7.1904e+06 5.9747e+06 6.9899e+06
   7.7500 5.9825e+06 4.3369e+06 8.5099e+06 4.5085e+06 8.3850e+06 5.4139e+06 6.6179e+06 5.5223e+06 6.4428e+06
   8.0000 5.5218e+06 4.0132e+06 7.8378e+06 4.1656e+06 7.7272e+06 5.0097e+06 6.0924e+06 5.1042e+06 5.9394e+06
   8.2500 5.0975e+06 3.7143e+06 7.2200e+06 3.8499e+06 7.1218e+06 4.6360e+06 5.6106e+06 4.7184e+06 5.4766e+06
   8.5000 4.7072e+06 3.4385e+06 6.6524e+06 3.5593e+06 6.5652e+06 4.2908e+06 5.1690e+06 4.3628e+06 5.0517e+06
   8.7500 4.3484e+06 3.1842e+06 6.1316e+06 3.2920e+06 6.0539e+06 3.9724e+06 4.7644e+06 4.0352e+06 4.6617e+06
   9.0000 4.0187e+06 2.9499e+06 5.6539e+06 3.0463e+06 5.5845e+06 3.6789e+06 4.3940e+06 3.7337e+06 4.3038e+06
   9.2500 3.7159e+06 2.7341e+06 5.2159e+06 2.8204e+06 5.1538e+06 3.4084e+06 4.0547e+06 3.4562e+06 3.9756e+06
   9.5000 3.4377e+06 2.5354e+06 4.8142e+06 2.6128e+06 4.7586e+06 3.1591e+06 3.7440e+06 3.2009e+06 3.6745e+06
   9.7500 3.1822e+06 2.3525e+06 4.4461e+06 2.4220e+06 4.3962e+06 2.9296e+06 3.4595e+06 2.9661e+06 3.3984e+06
  10.0000 2.9476e+06 2.1840e+06 4.1087e+06 2.2465e+06 4.0639e+06 2.7183e+06 3.1990e+06 2.7502e+06 3.1451e+06
  10.2500 2.7322e+06 2.0289e+06 3.7995e+06 2.0852e+06 3.7591e+06 2.5237e+06 2.9602e+06 2.5516e+06 2.9127e+06
  10.5000 2.5341e+06 1.8860e+06 3.5159e+06 1.9368e+06 3.4794e+06 2.3444e+06 2.7412e+06 2.3688e+06 2.6994e+06
  10.7500 2.3519e+06 1.7543e+06 3.2556e+06 1.8002e+06 3.2226e+06 2.1792e+06 2.5403e+06 2.2004e+06 2.5034e+06
  11.0000 2.1843e+06 1.6327e+06 3.0165e+06 1.6743e+06 2.9866e+06 2.0267e+06 2.3558e+06 2.0453e+06 2.3232e+06
  11.2500 2.0299e+06 1.5206e+06 2.7967e+06 1.5583e+06 2.7697e+06 1.8860e+06 2.1862e+06 1.9023e+06 2.1574e+06
  11.5000 1.8875e+06 1.4170e+06 2.5945e+06 1.4512e+06 2.5700e+06 1.7561e+06 2.0302e+06 1.7703e+06 2.0048e+06
  11.7500 1.7562e+06 1.3213e+06 2.4084e+06 1.3524e+06 2.3861e+06 1.6360e+06 1.8866e+06 1.6484e+06 1.8641e+06
  12.0000 1.6353e+06 1.2329e+06 2.2374e+06 1.2612e+06 2.2171e+06 1.5252e+06 1.7545e+06 1.5361e+06 1.7346e+06
  12.2500 1.5240e+06 1.1513e+06 2.0803e+06 1.1771e+06 2.0618e+06 1.4231e+06 1.6331e+06 1.4325e+06 1.6155e+06
  12.5000 1.4213e+06 1.0759e+06 1.9357e+06 1.0994e+06 1.9188e+06 1.3287e+06 1.5213e+06 1.3369e+06 1.5058e+06
  12.7500 1.3265e+06 1.0062e+06 1.8026e+06 1.0276e+06 1.7871e+06 1.2415e+06 1.4182e+06 1.2486e+06 1.4045e+06
  13.0000 1.2389e+06 9.4153e+05 1.6797e+06 9.6120e+05 1.6656e+06 1.1607e+06 1.3231e+06 1.1668e+06 1.3110e+06
  13.2500 1.1579e+06 8.8162e+05 1.5664e+06 8.9962e+05 1.5534e+06 1.0859e+06 1.2352e+06 1.0912e+06 1.2246e+06
  13.5000 1.0828e+06 8.2600e+05 1.4616e+06 8.4251e+05 1.4497e+06 1.0165e+06 1.1539e+06 1.0210e+06 1.1445e+06
  13.7500 1.0132e+06 7.7434e+05 1.3646e+06 7.8949e+05 1.3537e+06 9.5207e+05 1.0786e+06 9.5591e+05 1.0704e+06
  14.0000 9.4853e+05 7.2629e+05 1.2748e+06 7.4021e+05 1.2647e+06 8.9217e+05 1.0088e+06 8.9543e+05 1.0016e+06
  14.2500 8.8848e+05 6.8156e+05 1.1915e+06 6.9438e+05 1.1823e+06 8.3645e+05 9.4411e+05 8.3919e+05 9.3778e+05
  14.5000 8.3268e+05 6.3992e+05 1.1143e+06 6.5172e+05 1.1057e+06 7.8459e+05 8.8401e+05 7.8688e+05 8.7847e+05
  14.7500 7.8093e+05 6.0123e+05 1.0428e+06 6.1211e+05 1.0349e+06 7.3646e+05 8.2834e+05 7.3835e+05 8.2351e+05
  15.0000 7.3293e+05 5.6528e+05 9.7665e+05 5.7532e+05 9.6938e+05 6.9177e+05 7.7675e+05 6.9330e+05 7.7255e+05
  15.2500 6.8835e+05 5.3183e+05 9.1533e+05 5.4110e+05 9.0862e+05 6.5023e+05 7.2889e+05 6.5145e+05 7.2525e+05
  15.5000 6.4691e+05 5.0068e+05 8.5846e+05 5.0924e+05 8.5224e+05 6.1158e+05 6.8444e+05 6.1251e+05 6.8130e+05
  15.7500 6.0835e+05 4.7164e+05 8.0564e+05 4.7956e+05 7.9988e+05 5.7558e+05 6.4312e+05 5.7626e+05 6.4043e+05
  16.0000 5.7243e+05 4.4453e+05 7.5655e+05 4.5187e+05 7.5121e+05 5.4202e+05 6.0466e+05 5.4248e+05 6.0238e+05
  16.2500 5.3894e+05 4.1922e+05 7.1087e+05 4.2601e+05 7.0592e+05 5.1069e+05 5.6884e+05 5.1096e+05 5.6691e+05
  16.5000 5.0768e+05 3.9555e+05 6.6833e+05 4.0185e+05 6.6374e+05 4.8143e+05 5.3545e+05 4.8152e+05 5.3384e+05
  16.7500 4.7849e+05 3.7340e+05 6.2869e+05 3.7925e+05 6.2442e+05 4.5408e+05 5.0429e+05 4.5402e+05 5.0296e+05
  17.0000 4.5120e+05 3.5266e+05 5.9170e+05 3.5810e+05 5.8773e+05 4.2848e+05 4.7518e+05 4.2829e+05 4.7411e+05
  17.2500 4.2567e+05 3.3322e+05 5.5717e+05 3.3828e+05 5.5348e+05 4.0451e+05 4.4798e+05 4.0421e+05 4.4713e+05
  17.5000 4.0177e+05 3.1499e+05 5.2490e+05 3.1969e+05 5.2146e+05 3.8204e+05 4.2253e+05 3.8164e+05 4.2188e+05
  17.7500 3.7936e+05 2.9787e+05 4.9473e+05 3.0225e+05 4.9152e+05 3.6097e+05 3.9871e+05 3.6049e+05 3.9824e+05
  18.0000 3.5840e+05 2.8182e+05 4.6654e+05 2.8590e+05 4.6355e+05 3.4124e+05 3.7643e+05 3.4068e+05 3.7611e+05
  18.2500 3.3877e+05 2.6678e+05 4.4021e+05 2.7059e+05 4.3741e+05 3.2275e+05 3.5559e+05 3.2213e+05 3.5541e+05
  18.5000 3.2039e+05 2.5267e+05 4.1558e+05 2.5623e+05 4.1297e+05 3.0542e+05 3.3608e+05 3.0475e+05 3.3603e+05
  18.7500 3.0316e+05 2.3943e+05 3.9254e+05 2.4275e+05 3.9010e+05 2.8918e+05 3.1781e+05 2.8845e+05 3.1787e+05
  19.0000 2.8700e+05 2.2699e+05 3.7097e+05 2.3009e+05 3.6868e+05 2.7392e+05 3.0069e+05 2.7316e+05 3.0084e+05
  19.2500 2.7183e+05 2.1529e+05 3.5076e+05 2.1819e+05 3.4862e+05 2.5960e+05 2.8462e+05 2.5881e+05 2.8486e+05
  19.5000 2.5759e+05 2.0429e+05 3.3181e+05 2.0701e+05 3.2981e+05 2.4614e+05 2.6955e+05 2.4532e+05 2.6986e+05
  19.7500 2.4420e+05 1.9394e+05 3.1404e+05 1.9648e+05 3.1216e+05 2.3348e+05 2.5539e+05 2.3264e+05 2.5577e+05
  20.0000 2.3162e+05 1.8419e+05 2.9736e+05 1.8657e+05 2.9559e+05 2.2157e+05 2.4209e+05 2.2071e+05 2.4252e+05
  20.2500 2.1977e+05 1.7501e+05 2.8169e+05 1.7724e+05 2.8003e+05 2.1035e+05 2.2958e+05 2.0948e+05 2.3006e+05
  20.5000 2.0862e+05 1.6634e+05 2.6696e+05 1.6843e+05 2.6541e+05 1.9979e+05 2.1781e+05 1.9891e+05 2.1834e+05
  20.7500 1.9812e+05 1.5817e+05 2.5311e+05 1.6013e+05 2.5165e+05 1.8983e+05 2.0673e+05 1.8894e+05 2.0729e+05
  21.0000 1.8821e+05 1.5045e+05 2.4008e+05 1.5230e+05 2.3871e+05 1.8043e+05 1.9629e+05 1.7954e+05 1.9689e+05
  21.2500 1.7888e+05 1.4317e+05 2.2782e+05 1.4490e+05 2.2653e+05 1.7157e+05 1.8646e+05 1.7068e+05 1.8708e+05
  21.5000 1.7006e+05 1.3628e+05 2.1626e+05 1.3791e+05 2.1505e+05 1.6320e+05 1.7718e+05 1.6231e+05 1.7782e+05
  21.7500 1.6174e+05 1.2977e+05 2.0537e+05 1.3130e+05 2.0423e+05 1.5528e+05 1.6843e+05 1.5440e+05 1.6909e+05
  22.0000 1.5389e+05 1.2361e+05 1.9511e+05 1.2505e+05 1.9403e+05 1.4781e+05 1.6017e+05 1.4694e+05 1.6084e+05
  22.2500 1.4647e+05 1.1779e+05 1.8544e+05 1.1915e+05 1.8442e+05 1.4076e+05 1.5238e+05 1.3988e+05 1.5306e+05
  22.5000 1.3947e+05 1.1229e+05 1.7632e+05 1.1357e+05 1.7536e+05 1.3409e+05 1.4502e+05 1.3322e+05 1.4571e+05
  22.7500 1.3285e+05 1.0708e+05 1.6771e+05 1.0829e+05 1.6680e+05 1.2778e+05 1.3808e+05 1.2693e+05 1.3877e+05
  23.0000 1.2659e+05 1.0215e+05 1.5959e+05 1.0329e+05 1.5873e+05 1.2182e+05 1.3152e+05 1.2098e+05 1.3221e+05
  23.2500 1.2068e+05 9.7487e+04 1.5191e+05 9.8561e+04 1.5110e+05 1.1618e+05 1.2531e+05 1.1534e+05 1.2601e+05
  23.5000 1.1508e+05 9.3065e+04 1.4466e+05 9.4080e+04 1.4390e+05 1.1083e+05 1.1944e+05 1.1001e+05 1.2014e+05
  23.7500 1.0978e+05 8.8875e+04 1.3781e+05 8.9834e+04 1.3709e+05 1.0577e+05 1.1389e+05 1.0497e+05 1.1459e+05
  24.0000 1.0476e+05 8.4902e+04 1.3133e+05 8.5808e+04 1.3065e+05 1.0098e+05 1.0864e+05 1.0019e+05 1.0933e+05
  24.2500 1.0000e+05 8.1133e+04 1.2520e+05 8.1990e+04 1.2455e+05 9.6434e+04 1.0366e+05 9.5654e+04 1.0435e+05
  24.5000 9.5491e+04 7.7556e+04 1.1940e+05 7.8366e+04 1.1878e+05 9.2124e+04 9.8945e+04 9.1357e+04 9.9628e+04
  24.7500 9.1215e+04 7.4159e+04 1.1391e+05 7.4927e+04 1.1332e+05 8.8034e+04 9.4476e+04 8.7282e+04 9.5151e+04
  25.0000 8.7159e+04 7.0933e+04 1.0870e+05 7.1660e+04 1.0815e+05 8.4152e+04 9.0238e+04 8.3415e+04 9.0906e+04
  25.2500 8.3309e+04 6.7868e+04 1.0377e+05 6.8557e+04 1.0324e+05 8.0467e+04 8.6218e+04 7.9744e+04 8.6878e+04
  25.5000 7.9654e+04 6.4955e+04 9.9090e+04 6.5607e+04 9.8592e+04 7.6966e+04 8.2403e+04 7.6257e+04 8.3054e+04
  25.7500 7.6182e+04 6.2184e+04 9.4654e+04 6.2803e+04 9.4181e+04 7.3639e+04 7.8782e+04 7.2945e+04 7.9422e+04
  26.0000 7.2883e+04 5.9548e+04 9.0445e+04 6.0135e+04 8.9996e+04 7.0476e+04 7.5342e+04 6.9797e+04 7.5972e+04
  26.2500 6.9747e+04 5.7040e+04 8.6450e+04 5.7597e+04 8.6023e+04 6.7468e+04 7.2074e+04 6.6804e+04 7.2694e+04
  26.5000 6.6766e+04 5.4652e+04 8.2657e+04 5.5181e+04 8.2250e+04 6.4607e+04 6.8968e+04 6.3957e+04 6.9577e+04
  26.7500 6.3929e+04 5.2378e+04 7.9053e+04 5.2881e+04 7.8666e+04 6.1884e+04 6.6014e+04 6.1248e+04 6.6612e+04
  27.0000 6.1231e+04 5.0211e+04 7.5629e+04 5.0690e+04 7.5261e+04 5.9292e+04 6.3206e+04 5.8671e+04 6.3793e+04
  27.2500 5.8663e+04 4.8149e+04 7.2376e+04 4.8604e+04 7.2026e+04 5.6825e+04 6.0535e+04 5.6218e+04 6.1111e+04
  27.5000 5.6220e+04 4.6183e+04 6.9284e+04 4.6616e+04 6.8950e+04 5.4476e+04 5.7994e+04 5.3884e+04 5.8558e+04
  27.7500 5.3894e+04 4.4311e+04 6.6344e+04 4.4723e+04 6.6026e+04 5.2239e+04 5.5576e+04 5.1660e+04 5.6129e+04
  28.0000 5.1678e+04 4.2525e+04 6.3547e+04 4.2917e+04 6.3244e+04 5.0107e+04 5.3274e+04 4.9543e+04 5.3816e+04
  28.2500 4.9567e+04 4.0822e+04 6.0886e+04 4.1196e+04 6.0597e+04 4.8076e+04 5.1081e+04 4.7524e+04 5.1612e+04
  28.5000 4.7556e+04 3.9198e+04 5.8353e+04 3.9554e+04 5.8077e+04 4.6139e+04 4.8993e+04 4.5601e+04 4.9512e+04
  28.7500 4.5638e+04 3.7648e+04 5.5941e+04 3.7988e+04 5.5677e+04 4.4292e+04 4.7002e+04 4.3767e+04 4.7510e+04
  29.0000 4.3808e+04 3.6168e+04 5.3643e+04 3.6492e+04 5.3391e+04 4.2529e+04 4.5104e+04 4.2017e+04 4.5601e+04
  29.2500 4.2064e+04 3.4755e+04 5.1454e+04 3.5064e+04 5.1213e+04 4.0847e+04 4.3295e+04 4.0348e+04 4.3781e+04
  29.5000 4.0398e+04 3.3406e+04 4.9367e+04 3.3701e+04 4.9136e+04 3.9242e+04 4.1568e+04 3.8754e+04 4.2044e+04
  29.7500 3.8809e+04 3.2116e+04 4.7377e+04 3.2398e+04 4.7157e+04 3.7708e+04 3.9921e+04 3.7233e+04 4.0386e+04
  30.0000 3.7291e+04 3.0884e+04 4.5479e+04 3.1153e+04 4.5268e+04 3.6244e+04 3.8349e+04 3.5781e+04 3.8802e+04
  30.2500 3.5841e+04 2.9706e+04 4.3668e+04 2.9963e+04 4.3466e+04 3.4844e+04 3.6847e+04 3.4393e+04 3.7291e+04
  30.5000 3.4456e+04 2.8579e+04 4.1940e+04 2.8825e+04 4.1747e+04 3.3507e+04 3.5413e+04 3.3067e+04 3.5846e+04
  30.7500 3.3132e+04 2.7501e+04 4.0290e+04 2.7737e+04 4.0105e+04 3.2228e+04 3.4043e+04 3.1799e+04 3.4466e+04
  31.0000 3.1866e+04 2.6470e+04 3.8714e+04 2.6695e+04 3.8537e+04 3.1006e+04 3.2734e+04 3.0587e+04 3.3147e+04
  31.2500 3.0656e+04 2.5483e+04 3.7209e+04 2.5699e+04 3.7040e+04 2.9836e+04 3.1482e+04 2.9428e+04 3.1885e+04
  31.5000 2.9499e+04 2.4538e+04 3.5771e+04 2.4745e+04 3.5609e+04 2.8716e+04 3.0286e+04 2.8319e+04 3.0679e+04
  31.7500 2.8391e+04 2.3634e+04 3.4397e+04 2.3831e+04 3.4241e+04 2.7645e+04 2.9141e+04 2.7258e+04 2.9524e+04
  32.0000 2.7331e+04 2.2767e+04 3.3083e+04 2.2956e+04 3.2933e+04 2.6620e+04 2.8046e+04 2.6243e+04 2.8420e+04
  32.2500 2.6316e+04 2.1937e+04 3.1826e+04 2.2118e+04 3.1683e+04 2.5638e+04 2.6998e+04 2.5270e+04 2.7363e+04
  32.5000 2.5344e+04 2.1141e+04 3.0624e+04 2.1315e+04 3.0486e+04 2.4697e+04 2.5994e+04 2.4339e+04 2.6350e+04
  32.7500 2.4414e+04 2.0378e+04 2.9474e+04 2.0545e+04 2.9342e+04 2.3796e+04 2.5034e+04 2.3447e+04 2.5381e+04
  33.0000 2.3522e+04 1.9647e+04 2.8373e+04 1.9806e+04 2.8246e+04 2.2932e+04 2.4114e+04 2.2593e+04 2.4452e+04
  33.2500 2.2668e+04 1.8946e+04 2.7320e+04 1.9099e+04 2.7198e+04 2.2104e+04 2.3233e+04 2.1774e+04 2.3562e+04
  33.5000 2.1849e+04 1.8273e+04 2.6311e+04 1.8420e+04 2.6194e+04 2.1311e+04 2.2389e+04 2.0989e+04 2.2710e+04
  33.7500 2.1065e+04 1.7628e+04 2.5346e+04 1.7769e+04 2.5233e+04 2.0550e+04 2.1580e+04 2.0237e+04 2.1893e+04
  34.0000 2.0313e+04 1.7009e+04 2.4421e+04 1.7145e+04 2.4313e+04 1.9821e+04 2.0805e+04 1.9516e+04 2.1110e+04
  34.2500 1.9592e+04 1.6416e+04 2.3535e+04 1.6546e+04 2.3431e+04 1.9122e+04 2.0062e+04 1.8824e+04 2.0360e+04
  34.5000 1.8900e+04 1.5846e+04 2.2686e+04 1.5971e+04 2.2586e+04 1.8450e+04 1.9349e+04 1.8160e+04 1.9640e+04
  34.7500 1.8236e+04 1.5299e+04 2.1873e+04 1.5419e+04 2.1776e+04 1.7806e+04 1.8666e+04 1.7524e+04 1.8949e+04
  35.0000 1.7599e+04 1.4773e+04 2.1093e+04 1.4889e+04 2.1000e+04 1.7188e+04 1.8010e+04 1.6913e+04 1.8286e+04
  35.2500 1.6988e+04 1.4268e+04 2.0344e+04 1.4380e+04 2.0255e+04 1.6594e+04 1.7381e+04 1.6326e+04 1.7650e+04
  35.5000 1.6401e+04 1.3783e+04 1.9627e+04 1.3890e+04 1.9540e+04 1.6024e+04 1.6777e+04 1.5763e+04 1.7040e+04
  35.7500 1.5837e+04 1.3317e+04 1.8938e+04 1.3420e+04 1.8855e+04 1.5476e+04 1.6197e+04 1.5222e+04 1.6453e+04
  36.0000 1.5296e+04 1.2869e+04 1.8277e+04 1.2968e+04 1.8197e+04 1.4950e+04 1.5640e+04 1.4702e+04 1.5890e+04
  36.2500 1.4776e+04 1.2438e+04 1.7643e+04 1.2534e+04 1.7566e+04 1.4445e+04 1.5105e+04 1.4202e+04 1.5349e+04
  36.5000 1.4276e+04 1.2024e+04 1.7034e+04 1.2116e+04 1.6959e+04 1.3959e+04 1.4591e+04 1.3722e+04 1.4829e+04
  36.7500 1.3795e+04 1.1626e+04 1.6449e+04 1.1714e+04 1.6377e+04 1.3491e+04 1.4098e+04 1.3261e+04 1.4329e+04
  37.0000 1.3333e+04 1.1242e+04 1.5887e+04 1.1328e+04 1.5817e+04 1.3042e+04 1.3623e+04 1.2817e+04 1.3849e+04
  37.2500 1.2889e+04 1.0874e+04 1.5347e+04 1.0956e+04 1.5280e+04 1.2610e+04 1.3166e+04 1.2391e+04 1.3387e+04
  37.5000 1.2461e+04 1.0519e+04 1.4828e+04 1.0598e+04 1.4763e+04 1.2194e+04 1.2728e+04 1.1980e+04 1.2943e+04
  37.7500 1.2050e+04 1.0177e+04 1.4329e+04 1.0254e+04 1.4266e+04 1.1794e+04 1.2306e+04 1.1586e+04 1.2515e+04
  38.0000 1.1655e+04 9.8480e+03 1.3849e+04 9.9221e+03 1.3789e+04 1.1408e+04 1.1900e+04 1.1206e+04 1.2104e+04
  38.2500 1.1274e+04 9.5312e+03 1.3388e+04 9.6027e+03 1.3329e+04 1.1038e+04 1.1509e+04 1.0840e+04 1.1708e+04
  38.5000 1.0907e+04 9.2260e+03 1.2944e+04 9.2951e+03 1.2888e+04 1.0681e+04 1.1133e+04 1.0488e+04 1.1327e+04
  38.7500 1.0554e+04 8.9320e+03 1.2517e+04 8.9987e+03 1.2463e+04 1.0337e+04 1.0771e+04 1.0149e+04 1.0960e+04
  39.0000 1.0215e+04 8.6487e+03 1.2107e+04 8.7131e+03 1.2054e+04 1.0006e+04 1.0422e+04 9.8222e+03 1.0607e+04
  39.2500 9.8874e+03 8.3757e+03 1.1711e+04 8.4380e+03 1.1660e+04 9.6868e+03 1.0087e+04 9.5077e+03 1.0267e+04
  39.5000 9.5721e+03 8.1125e+03 1.1331e+04 8.1727e+03 1.1281e+04 9.3794e+03 9.7636e+03 9.2048e+03 9.9395e+03
  39.7500 9.2682e+03 7.8588e+03 1.0964e+04 7.9169e+03 1.0916e+04 9.0831e+03 9.4522e+03 8.9128e+03 9.6238e+03
  40.0000 8.9755e+03 7.6141e+03 1.0611e+04 7.6704e+03 1.0565e+04 8.7975e+03 9.1522e+03 8.6315e+03 9.3195e+03
  40.2500 8.6932e+03 7.3781e+03 1.0271e+04 7.4325e+03 1.0226e+04 8.5222e+03 8.8630e+03 8.3603e+03 9.0262e+03
  40.5000 8.4211e+03 7.1505e+03 9.9437e+03 7.2031e+03 9.9002e+03 8.2567e+03 8.5844e+03 8.0988e+03 8.7435e+03
  40.7500 8.1588e+03 6.9309e+03 9.6282e+03 6.9818e+03 9.5860e+03 8.0007e+03 8.3157e+03 7.8467e+03 8.4709e+03
  41.0000 7.9059e+03 6.7191e+03 9.3242e+03 6.7684e+03 9.2833e+03 7.7538e+03 8.0568e+03 7.6036e+03 8.2082e+03
  41.2500 7.6620e+03 6.5147e+03 9.0312e+03 6.5624e+03 8.9917e+03 7.5157e+03 7.8071e+03 7.3691e+03 7.9548e+03
  41.5000 7.4268e+03 6.3175e+03 8.7489e+03 6.3637e+03 8.7105e+03 7.2860e+03 7.5664e+03 7.1430e+03 7.7104e+03
  41.7500 7.1999e+03 6.1272e+03 8.4767e+03 6.1719e+03 8.4395e+03 7.0644e+03 7.3341e+03 6.9249e+03 7.4748e+03
  42.0000 6.9809e+03 5.9434e+03 8.2143e+03 5.9867e+03 8.1782e+03 6.8505e+03 7.1101e+03 6.7143e+03 7.2474e+03
  42.2500 6.7696e+03 5.7659e+03 7.9613e+03 5.8079e+03 7.9263e+03 6.6441e+03 6.8940e+03 6.5112e+03 7.0280e+03
  42.5000 6.5657e+03 5.5946e+03 7.7172e+03 5.6353e+03 7.6832e+03 6.4448e+03 6.6854e+03 6.3151e+03 6.8162e+03
  42.7500 6.3688e+03 5.4291e+03 7.4817e+03 5.4686e+03 7.4487e+03 6.2524e+03 6.4841e+03 6.1257e+03 6.6118e+03
  43.0000 6.1787e+03 5.2692e+03 7.2545e+03 5.3075e+03 7.2225e+03 6.0666e+03 6.2898e+03 5.9429e+03 6.4144e+03
  43.2500 5.9951e+03 5.1147e+03 7.0352e+03 5.1518e+03 7.0041e+03 5.8871e+03 6.1021e+03 5.7663e+03 6.2238e+03
  43.5000 5.8178e+03 4.9654e+03 6.8236e+03 5.0014e+03 6.7934e+03 5.7137e+03 5.9209e+03 5.5957e+03 6.0398e+03
  43.7500 5.6465e+03 4.8211e+03 6.6192e+03 4.8561e+03 6.5899e+03 5.5461e+03 5.7459e+03 5.4309e+03 5.8619e+03
  44.0000 5.4810e+03 4.6816e+03 6.4219e+03 4.7156e+03 6.3934e+03 5.3842e+03 5.5767e+03 5.2717e+03 5.6901e+03
  44.2500 5.3211e+03 4.5467e+03 6.2314e+03 4.5797e+03 6.2036e+03 5.2278e+03 5.4134e+03 5.1178e+03 5.5241e+03
  44.5000 5.1665e+03 4.4163e+03 6.0473e+03 4.4483e+03 6.0203e+03 5.0765e+03 5.2554e+03 4.9691e+03 5.3637e+03
  44.7500 5.0170e+03 4.2902e+03 5.8695e+03 4.3213e+03 5.8433e+03 4.9302e+03 5.1028e+03 4.8253e+03 5.2086e+03
  45.0000 4.8725e+03 4.1681e+03 5.6977e+03 4.1984e+03 5.6721e+03 4.7888e+03 4.9553e+03 4.6863e+03 5.0586e+03
  45.2500 4.7328e+03 4.0501e+03 5.5316e+03 4.0795e+03 5.5068e+03 4.6520e+03 4.8126e+03 4.5518e+03 4.9136e+03
  45.5000 4.5976e+03 3.9359e+03 5.3711e+03 3.9644e+03 5.3469e+03 4.5197e+03 4.6747e+03 4.4218e+03 4.7734e+03
  45.7500 4.4669e+03 3.8253e+03 5.2160e+03 3.8531e+03 5.1924e+03 4.3917e+03 4.5413e+03 4.2960e+03 4.6377e+03
  46.0000 4.3404e+03 3.7183e+03 5.0659e+03 3.7454e+03 5.0430e+03 4.2678e+03 4.4122e+03 4.1743e+03 4.5065e+03
  46.2500 4.2181e+03 3.6148e+03 4.9209e+03 3.6411e+03 4.8985e+03 4.1479e+03 4.2874e+03 4.0565e+03 4.3795e+03
  46.5000 4.0996e+03 3.5145e+03 4.7805e+03 3.5401e+03 4.7588e+03 4.0319e+03 4.1666e+03 3.9425e+03 4.2566e+03
  46.7500 3.9850e+03 3.4174e+03 4.6448e+03 3.4423e+03 4.6236e+03 3.9196e+03 4.0496e+03 3.8322e+03 4.1377e+03
  47.0000 3.8741e+03 3.3234e+03 4.5135e+03 3.3476e+03 4.4928e+03 3.8109e+03 3.9365e+03 3.7254e+03 4.0226e+03
  47.2500 3.7666e+03 3.2323e+03 4.3864e+03 3.2559e+03 4.3663e+03 3.7056e+03 3.8269e+03 3.6220e+03 3.9111e+03
  47.5000 3.6626e+03 3.1441e+03 4.2634e+03 3.1670e+03 4.2438e+03 3.6036e+03 3.7208e+03 3.5219e+03 3.8032e+03
  47.7500 3.5618e+03 3.0586e+03 4.1444e+03 3.0809e+03 4.1253e+03 3.5048e+03 3.6182e+03 3.4249e+03 3.6987e+03
  48.0000 3.4642e+03 2.9757e+03 4.0291e+03 2.9975e+03 4.0105e+03 3.4091e+03 3.5187e+03 3.3310e+03 3.5975e+03
  48.2500 3.3697e+03 2.8955e+03 3.9176e+03 2.9167e+03 3.8994e+03 3.3164e+03 3.4223e+03 3.2400e+03 3.4994e+03
  48.5000 3.2781e+03 2.8177e+03 3.8095e+03 2.8383e+03 3.7918e+03 3.2266e+03 3.3290e+03 3.1518e+03 3.4044e+03
  48.7500 3.1894e+03 2.7422e+03 3.7049e+03 2.7624e+03 3.6876e+03 3.1396e+03 3.2386e+03 3.0664e+03 3.3123e+03
  49.0000 3.1034e+03 2.6691e+03 3.6036e+03 2.6888e+03 3.5867e+03 3.0552e+03 3.1510e+03 2.9837e+03 3.2231e+03
  49.2500 3.0200e+03 2.5982e+03 3.5054e+03 2.6174e+03 3.4889e+03 2.9734e+03 3.0661e+03 2.9034e+03 3.1366e+03
  49.5000 2.9392e+03 2.5295e+03 3.4102e+03 2.5481e+03 3.3942e+03 2.8941e+03 2.9838e+03 2.8256e+03 3.0528e+03
  49.7500 2.8609e+03 2.4628e+03 3.3181e+03 2.4810e+03 3.3024e+03 2.8172e+03 2.9040e+03 2.7502e+03 2.9715e+03
  50.0000 2.7849e+03 2.3981e+03 3.2287e+03 2.4158e+03 3.2134e+03 2.7427e+03 2.8266e+03 2.6771e+03 2.8927e+03
  50.2500 2.7113e+03 2.3354e+03 3.1422e+03 2.3527e+03 3.1272e+03 2.6704e+03 2.7516e+03 2.6063e+03 2.8163e+03
  50.5000 2.6399e+03 2.2746e+03 3.0583e+03 2.2914e+03 3.0437e+03 2.6002e+03 2.6789e+03 2.5375e+03 2.7422e+03
  50.7500 2.5706e+03 2.2155e+03 2.9769e+03 2.2320e+03 2.9627e+03 2.5323e+03 2.6084e+03 2.4709e+03 2.6704e+03
  51.0000 2.5034e+03 2.1583e+03 2.8981e+03 2.1743e+03 2.8841e+03 2.4663e+03 2.5401e+03 2.4062e+03 2.6007e+03
  51.2500 2.4383e+03 2.1027e+03 2.8216e+03 2.1184e+03 2.8080e+03 2.4023e+03 2.4738e+03 2.3435e+03 2.5331e+03
  51.5000 2.3751e+03 2.0488e+03 2.7475e+03 2.0641e+03 2.7342e+03 2.3403e+03 2.4095e+03 2.2827e+03 2.4676e+03
  51.7500 2.3138e+03 1.9964e+03 2.6756e+03 2.0114e+03 2.6626e+03 2.2800e+03 2.3471e+03 2.2236e+03 2.4040e+03
  52.0000 2.2543e+03 1.9456e+03 2.6058e+03 1.9602e+03 2.5931e+03 2.2216e+03 2.2865e+03 2.1664e+03 2.3422e+03
  52.2500 2.1965e+03 1.8963e+03 2.5382e+03 1.9106e+03 2.5258e+03 2.1648e+03 2.2278e+03 2.1108e+03 2.2823e+03
  52.5000 2.1405e+03 1.8484e+03 2.4725e+03 1.8623e+03 2.4604e+03 2.1098e+03 2.1708e+03 2.0568e+03 2.2242e+03
  52.7500 2.0861e+03 1.8019e+03 2.4089e+03 1.8155e+03 2.3970e+03 2.0563e+03 2.1154e+03 2.0044e+03 2.1678e+03
  53.0000 2.0332e+03 1.7567e+03 2.3471e+03 1.7700e+03 2.3354e+03 2.0044e+03 2.0617e+03 1.9536e+03 2.1130e+03
  53.2500 1.9819e+03 1.7129e+03 2.2871e+03 1.7259e+03 2.2757e+03 1.9540e+03 2.0095e+03 1.9042e+03 2.0598e+03
  53.5000 1.9321e+03 1.6703e+03 2.2288e+03 1.6830e+03 2.2177e+03 1.9050e+03 1.9589e+03 1.8562e+03 2.0081e+03
  53.7500 1.8838e+03 1.6289e+03 2.1723e+03 1.6413e+03 2.1614e+03 1.8574e+03 1.9097e+03 1.8096e+03 1.9580e+03
  54.0000 1.8368e+03 1.5886e+03 2.1174e+03 1.6008e+03 2.1067e+03 1.8112e+03 1.8620e+03 1.7644e+03 1.9092e+03
  54.2500 1.7911e+03 1.5495e+03 2.0641e+03 1.5614e+03 2.0537e+03 1.7664e+03 1.8155e+03 1.7205e+03 1.8619e+03
  54.5000 1.7468e+03 1.5115e+03 2.0124e+03 1.5232e+03 2.0021e+03 1.7228e+03 1.7705e+03 1.6778e+03 1.8159e+03
  54.7500 1.7037e+03 1.4746e+03 1.9621e+03 1.4860e+03 1.9520e+03 1.6804e+03 1.7267e+03 1.6363e+03 1.7712e+03
  55.0000 1.6618e+03 1.4387e+03 1.9133e+03 1.4499e+03 1.9034e+03 1.6392e+03 1.6841e+03 1.5960e+03 1.7278e+03
  55.2500 1.6211e+03 1.4038e+03 1.8658e+03 1.4147e+03 1.8562e+03 1.5992e+03 1.6428e+03 1.5568e+03 1.6856e+03
  55.5000 1.5816e+03 1.3699e+03 1.8197e+03 1.3806e+03 1.8103e+03 1.5603e+03 1.6026e+03 1.5187e+03 1.6446e+03
  55.7500 1.5431e+03 1.3369e+03 1.7750e+03 1.3474e+03 1.7657e+03 1.5225e+03 1.5635e+03 1.4817e+03 1.6047e+03
  56.0000 1.5058e+03 1.3048e+03 1.7314e+03 1.3151e+03 1.7224e+03 1.4857e+03 1.5256e+03 1.4457e+03 1.5659e+03
  56.2500 1.4694e+03 1.2736e+03 1.6891e+03 1.2837e+03 1.6802e+03 1.4499e+03 1.4887e+03 1.4107e+03 1.5282e+03
  56.5000 1.4341e+03 1.2433e+03 1.6480e+03 1.2531e+03 1.6393e+03 1.4151e+03 1.4528e+03 1.3767e+03 1.4916e+03
  56.7500 1.3997e+03 1.2137e+03 1.6081e+03 1.2234e+03 1.5995e+03 1.3813e+03 1.4179e+03 1.3436e+03 1.4560e+03
  57.0000 1.3663e+03 1.1850e+03 1.5692e+03 1.1945e+03 1.5608e+03 1.3484e+03 1.3839e+03 1.3114e+03 1.4213e+03
  57.2500 1.3338e+03 1.1570e+03 1.5314e+03 1.1663e+03 1.5232e+03 1.3164e+03 1.3509e+03 1.2801e+03 1.3876e+03
  57.5000 1.3022e+03 1.1299e+03 1.4947e+03 1.1389e+03 1.4866e+03 1.2853e+03 1.3188e+03 1.2496e+03 1.3548e+03
  57.7500 1.2714e+03 1.1034e+03 1.4590e+03 1.1123e+03 1.4511e+03 1.2550e+03 1.2876e+03 1.2200e+03 1.3229e+03
  58.0000 1.2415e+03 1.0776e+03 1.4242e+03 1.0863e+03 1.4165e+03 1.2255e+03 1.2572e+03 1.1912e+03 1.2918e+03
  58.2500 1.2123e+03 1.0525e+03 1.3904e+03 1.0611e+03 1.3828e+03 1.1968e+03 1.2276e+03 1.1631e+03 1.2616e+03
  58.5000 1.1840e+03 1.0281e+03 1.3576e+03 1.0365e+03 1.3501e+03 1.1689e+03 1.1989e+03 1.1358e+03 1.2322e+03
  58.7500 1.1564e+03 1.0044e+03 1.3256e+03 1.0126e+03 1.3182e+03 1.1418e+03 1.1709e+03 1.1093e+03 1.2036e+03
  59.0000 1.1296e+03 9.8123e+02 1.2945e+03 9.8932e+02 1.2872e+03 1.1153e+03 1.1436e+03 1.0834e+03 1.1758e+03
  59.2500 1.1034e+03 9.5870e+02 1.2642e+03 9.6663e+02 1.2571e+03 1.0895e+03 1.1171e+03 1.0582e+03 1.1486e+03
  59.5000 1.0780e+03 9.3675e+02 1.2347e+03 9.4454e+02 1.2278e+03 1.0645e+03 1.0913e+03 1.0337e+03 1.1222e+03
  59.7500 1.0532e+03 9.1539e+02 1.2060e+03 9.2303e+02 1.1992e+03 1.0401e+03 1.0661e+03 1.0099e+03 1.0965e+03
  60.0000 1.0291e+03 8.9457e+02 1.1781e+03 9.0208e+02 1.1714e+03 1.0163e+03 1.0417e+03 9.8664e+02 1.0715e+03
  60.2500 1.0056e+03 8.7430e+02 1.1510e+03 8.8167e+02 1.1443e+03 9.9315e+02 1.0178e+03 9.6401e+02 1.0472e+03
  60.5000 9.8269e+02 8.5454e+02 1.1245e+03 8.6178e+02 1.1180e+03 9.7060e+02 9.9463e+02 9.4199e+02 1.0234e+03
  60.7500 9.6041e+02 8.3530e+02 1.0987e+03 8.4241e+02 1.0924e+03 9.4863e+02 9.7203e+02 9.2053e+02 1.0003e+03
  61.0000 9.3870e+02 8.1655e+02 1.0737e+03 8.2353e+02 1.0674e+03 9.2724e+02 9.5002e+02 8.9963e+02 9.7778e+02
  61.2500 9.1756e+02 7.9828e+02 1.0493e+03 8.0514e+02 1.0431e+03 9.0640e+02 9.2858e+02 8.7927e+02 9.5585e+02
  61.5000 8.9696e+02 7.8047e+02 1.0255e+03 7.8722e+02 1.0194e+03 8.8609e+02 9.0769e+02 8.5944e+02 9.3448e+02
  61.7500 8.7688e+02 7.6312e+02 1.0023e+03 7.6975e+02 9.9634e+02 8.6630e+02 8.8734e+02 8.4011e+02 9.1366e+02
  62.0000 8.5733e+02 7.4621e+02 9.7974e+02 7.5272e+02 9.7387e+02 8.4701e+02 8.6750e+02 8.2128e+02 8.9337e+02
  62.2500 8.3826e+02 7.2972e+02 9.5775e+02 7.3612e+02 9.5197e+02 8.2822e+02 8.4818e+02 8.0293e+02 8.7359e+02
  62.5000 8.1968e+02 7.1365e+02 9.3632e+02 7.1995e+02 9.3064e+02 8.0990e+02 8.2935e+02 7.8505e+02 8.5431e+02
  62.7500 8.0158e+02 6.9798e+02 9.1544e+02 7.0417e+02 9.0986e+02 7.9204e+02 8.1099e+02 7.6762e+02 8.3552e+02
  63.0000 7.8392e+02 6.8271e+02 8.9509e+02 6.8880e+02 8.8960e+02 7.7463e+02 7.9310e+02 7.5063e+02 8.1721e+02
  63.2500 7.6672e+02 6.6782e+02 8.7526e+02 6.7380e+02 8.6985e+02 7.5766e+02 7.7565e+02 7.3407e+02 7.9935e+02
  63.5000 7.4994e+02 6.5330e+02 8.5593e+02 6.5918e+02 8.5061e+02 7.4112e+02 7.5865e+02 7.1792e+02 7.8194e+02
  63.7500 7.3358e+02 6.3914e+02 8.3709e+02 6.4492e+02 8.3185e+02 7.2498e+02 7.4207e+02 7.0218e+02 7.6496e+02
  64.0000 7.1763e+02 6.2532e+02 8.1872e+02 6.3102e+02 8.1356e+02 7.0925e+02 7.2590e+02 6.8683e+02 7.4840e+02
  64.2500 7.0207e+02 6.1185e+02 8.0081e+02 6.1745e+02 7.9573e+02 6.9390e+02 7.1014e+02 6.7186e+02 7.3226e+02
  64.5000 6.8690e+02 5.9871e+02 7.8334e+02 6.0422e+02 7.7835e+02 6.7893e+02 6.9476e+02 6.5726e+02 7.1651e+02
  64.7500 6.7210e+02 5.8589e+02 7.6631e+02 5.9131e+02 7.6139e+02 6.6434e+02 6.7977e+02 6.4303e+02 7.0115e+02
  65.0000 6.5766e+02 5.7339e+02 7.4971e+02 5.7872e+02 7.4486e+02 6.5010e+02 6.6514e+02 6.2914e+02 6.8617e+02
  65.2500 6.4358e+02 5.6118e+02 7.3351e+02 5.6643e+02 7.2874e+02 6.3620e+02 6.5087e+02 6.1560e+02 6.7155e+02
  65.5000 6.2985e+02 5.4928e+02 7.1771e+02 5.5444e+02 7.1302e+02 6.2265e+02 6.3695e+02 6.0238e+02 6.5729e+02
  65.7500 6.1644e+02 5.3766e+02 7.0231e+02 5.4274e+02 6.9768e+02 6.0942e+02 6.2338e+02 5.8949e+02 6.4337e+02
  66.0000 6.0337e+02 5.2632e+02 6.8728e+02 5.3133e+02 6.8272e+02 5.9652e+02 6.1013e+02 5.7691e+02 6.2979e+02
  66.2500 5.9060e+02 5.1525e+02 6.7261e+02 5.2018e+02 6.6812e+02 5.8393e+02 5.9720e+02 5.6464e+02 6.1654e+02
  66.5000 5.7815e+02 5.0445e+02 6.5830e+02 5.0931e+02 6.5388e+02 5.7164e+02 5.8458e+02 5.5266e+02 6.0361e+02
  66.7500 5.6600e+02 4.9391e+02 6.4435e+02 4.9869e+02 6.3999e+02 5.5964e+02 5.7227e+02 5.4098e+02 5.9099e+02
  67.0000 5.5413e+02 4.8361e+02 6.3072e+02 4.8832e+02 6.2643e+02 5.4793e+02 5.6025e+02 5.2957e+02 5.7867e+02
  67.2500 5.4255e+02 4.7356e+02 6.1743e+02 4.7820e+02 6.1320e+02 5.3650e+02 5.4853e+02 5.1843e+02 5.6664e+02
  67.5000 5.3125e+02 4.6375e+02 6.0446e+02 4.6832e+02 6.0028e+02 5.2535e+02 5.3708e+02 5.0757e+02 5.5490e+02
  67.7500 5.2021e+02 4.5417e+02 5.9180e+02 4.5867e+02 5.8768e+02 5.1445e+02 5.2590e+02 4.9696e+02 5.4344e+02
  68.0000 5.0944e+02 4.4482e+02 5.7944e+02 4.4925e+02 5.7538e+02 5.0382e+02 5.1499e+02 4.8660e+02 5.3225e+02
  68.2500 4.9892e+02 4.3569e+02 5.6737e+02 4.4005e+02 5.6338e+02 4.9343e+02 5.0434e+02 4.7649e+02 5.2132e+02
  68.5000 4.8864e+02 4.2676e+02 5.5560e+02 4.3107e+02 5.5166e+02 4.8329e+02 4.9394e+02 4.6662e+02 5.1065e+02
  68.7500 4.7861e+02 4.1805e+02 5.4410e+02 4.2229e+02 5.4021e+02 4.7339e+02 4.8378e+02 4.5698e+02 5.0023e+02
  69.0000 4.6882e+02 4.0954e+02 5.3287e+02 4.1372e+02 5.2904e+02 4.6371e+02 4.7386e+02 4.4756e+02 4.9005e+02
  69.2500 4.5925e+02 4.0123e+02 5.2191e+02 4.0535e+02 5.1813e+02 4.5427e+02 4.6418e+02 4.3837e+02 4.8011e+02
  69.5000 4.4991e+02 3.9311e+02 5.1121e+02 3.9717e+02 5.0748e+02 4.4504e+02 4.5471e+02 4.2939e+02 4.7040e+02
  69.7500 4.4078e+02 3.8517e+02 5.0076e+02 3.8917e+02 4.9708e+02 4.3603e+02 4.4547e+02 4.2062e+02 4.6091e+02
  70.0000 4.3186e+02 3.7742e+02 4.9055e+02 3.8136e+02 4.8692e+02 4.2722e+02 4.3645e+02 4.1205e+02 4.5165e+02
  70.2500 4.2315e+02 3.6985e+02 4.8058e+02 3.7374e+02 4.7700e+02 4.1862e+02 4.2763e+02 4.0368e+02 4.4259e+02
  70.5000 4.1464e+02 3.6244e+02 4.7084e+02 3.6628e+02 4.6731e+02 4.1021e+02 4.1901e+02 3.9551e+02 4.3375e+02
  70.7500 4.0632e+02 3.5521e+02 4.6133e+02 3.5899e+02 4.5784e+02 4.0200e+02 4.1060e+02 3.8752e+02 4.2511e+02
  71.0000 3.9820e+02 3.4814e+02 4.5203e+02 3.5187e+02 4.4860e+02 3.9398e+02 4.0238e+02 3.7972e+02 4.1666e+02
  71.2500 3.9026e+02 3.4124e+02 4.4296e+02 3.4491e+02 4.3956e+02 3.8613e+02 3.9434e+02 3.7209e+02 4.0841e+02
  71.5000 3.8250e+02 3.3448e+02 4.3409e+02 3.3811e+02 4.3074e+02 3.7847e+02 3.8649e+02 3.6464e+02 4.0034e+02
  71.7500 3.7492e+02 3.2788e+02 4.2542e+02 3.3146e+02 4.2212e+02 3.7098e+02 3.7881e+02 3.5736e+02 3.9246e+02
  72.0000 3.6751e+02 3.2143e+02 4.1695e+02 3.2496e+02 4.1369e+02 3.6366e+02 3.7131e+02 3.5025e+02 3.8475e+02
  72.2500 3.6026e+02 3.1513e+02 4.0868e+02 3.1861e+02 4.0546e+02 3.5650e+02 3.6399e+02 3.4329e+02 3.7722e+02
  72.5000 3.5318e+02 3.0896e+02 4.0059e+02 3.1239e+02 3.9741e+02 3.4950e+02 3.5682e+02 3.3649e+02 3.6986e+02
  72.7500 3.4626e+02 3.0293e+02 3.9269e+02 3.0632e+02 3.8955e+02 3.4267e+02 3.4982e+02 3.2985e+02 3.6266e+02
  73.0000 3.3949e+02 2.9704e+02 3.8497e+02 3.0038e+02 3.8187e+02 3.3598e+02 3.4297e+02 3.2335e+02 3.5562e+02
  73.2500 3.3288e+02 2.9127e+02 3.7742e+02 2.9457e+02 3.7436e+02 3.2944e+02 3.3628e+02 3.1700e+02 3.4874e+02
  73.5000 3.2641e+02 2.8564e+02 3.7004e+02 2.8889e+02 3.6701e+02 3.2305e+02 3.2974e+02 3.1080e+02 3.4201e+02
  73.7500 3.2008e+02 2.8012e+02 3.6282e+02 2.8334e+02 3.5984e+02 3.1680e+02 3.2334e+02 3.0473e+02 3.3543e+02
  74.0000 3.1390e+02 2.7473e+02 3.5577e+02 2.7791e+02 3.5282e+02 3.1069e+02 3.1708e+02 2.9879e+02 3.2900e+02
  74.2500 3.0785e+02 2.6946e+02 3.4887e+02 2.7260e+02 3.4596e+02 3.0471e+02 3.1096e+02 2.9299e+02 3.2271e+02
  74.5000 3.0194e+02 2.6430e+02 3.4213e+02 2.6740e+02 3.3926e+02 2.9887e+02 3.0498e+02 2.8732e+02 3.1655e+02
  74.7500 2.9615e+02 2.5926e+02 3.3554e+02 2.6231e+02 3.3270e+02 2.9315e+02 2.9913e+02 2.8177e+02 3.1053e+02
  75.0000 2.9050e+02 2.5433e+02 3.2910e+02 2.5734e+02 3.2629e+02 2.8756e+02 2.9341e+02 2.7634e+02 3.0465e+02
  75.2500 2.8496e+02 2.4950e+02 3.2279e+02 2.5248e+02 3.2002e+02 2.8209e+02 2.8781e+02 2.7103e+02 2.9889e+02
  75.5000 2.7955e+02 2.4478e+02 3.1663e+02 2.4772e+02 3.1389e+02 2.7674e+02 2.8234e+02 2.6584e+02 2.9325e+02
  75.7500 2.7425e+02 2.4015e+02 3.1060e+02 2.4306e+02 3.0789e+02 2.7150e+02 2.7699e+02 2.6076e+02 2.8774e+02
  76.0000 2.6907e+02 2.3563e+02 3.0470e+02 2.3850e+02 3.0203e+02 2.6638e+02 2.7175e+02 2.5579e+02 2.8235e+02
  76.2500 2.6400e+02 2.3121e+02 2.9893e+02 2.3404e+02 2.9629e+02 2.6136e+02 2.6662e+02 2.5093e+02 2.7707e+02
  76.5000 2.5904e+02 2.2687e+02 2.9328e+02 2.2967e+02 2.9067e+02 2.5646e+02 2.6160e+02 2.4617e+02 2.7190e+02
  76.7500 2.5418e+02 2.2263e+02 2.8775e+02 2.2540e+02 2.8517e+02 2.5166e+02 2.5669e+02 2.4152e+02 2.6685e+02
  77.0000 2.4943e+02 2.1848e+02 2.8235e+02 2.2121e+02 2.7980e+02 2.4696e+02 2.5188e+02 2.3696e+02 2.6189e+02
  77.2500 2.4478e+02 2.1442e+02 2.7705e+02 2.1712e+02 2.7453e+02 2.4236e+02 2.4718e+02 2.3250e+02 2.5705e+02
  77.5000 2.4022e+02 2.1044e+02 2.7187e+02 2.1311e+02 2.6938e+02 2.3785e+02 2.4257e+02 2.2814e+02 2.5231e+02
  77.7500 2.3576e+02 2.0655e+02 2.6680e+02 2.0918e+02 2.6434e+02 2.3344e+02 2.3807e+02 2.2386e+02 2.4766e+02
  78.0000 2.3140e+02 2.0273e+02 2.6184e+02 2.0534e+02 2.5940e+02 2.2913e+02 2.3365e+02 2.1968e+02 2.4312e+02
  78.2500 2.2713e+02 1.9900e+02 2.5698e+02 2.0157e+02 2.5457e+02 2.2490e+02 2.2933e+02 2.1559e+02 2.3866e+02
  78.5000 2.2294e+02 1.9535e+02 2.5222e+02 1.9789e+02 2.4984e+02 2.2077e+02 2.2510e+02 2.1158e+02 2.3430e+02
  78.7500 2.1885e+02 1.9177e+02 2.4757e+02 1.9428e+02 2.4521e+02 2.1672e+02 2.2096e+02 2.0766e+02 2.3004e+02
  79.0000 2.1484e+02 1.8826e+02 2.4301e+02 1.9074e+02 2.4068e+02 2.1275e+02 2.1691e+02 2.0382e+02 2.2586e+02
  79.2500 2.1091e+02 1.8483e+02 2.3855e+02 1.8728e+02 2.3624e+02 2.0887e+02 2.1294e+02 2.0005e+02 2.2176e+02
  79.5000 2.0706e+02 1.8147e+02 2.3418e+02 1.8389e+02 2.3190e+02 2.0506e+02 2.0905e+02 1.9637e+02 2.1775e+02
  79.7500 2.0330e+02 1.7817e+02 2.2990e+02 1.8057e+02 2.2765e+02 2.0134e+02 2.0525e+02 1.9276e+02 2.1383e+02
  80.0000 1.9961e+02 1.7495e+02 2.2571e+02 1.7732e+02 2.2348e+02 1.9769e+02 2.0152e+02 1.8923e+02 2.0998e+02
  80.2500 1.9600e+02 1.7179e+02 2.2160e+02 1.7413e+02 2.1940e+02 1.9411e+02 1.9787e+02 1.8577e+02 2.0622e+02
  80.5000 1.9246e+02 1.6869e+02 2.1758e+02 1.7101e+02 2.1541e+02 1.9061e+02 1.9429e+02 1.8239e+02 2.0253e+02
  80.7500 1.8899e+02 1.6566e+02 2.1365e+02 1.6795e+02 2.1149e+02 1.8719e+02 1.9078e+02 1.7907e+02 1.9891e+02
  81.0000 1.8559e+02 1.6269e+02 2.0979e+02 1.6496e+02 2.0766e+02 1.8383e+02 1.8735e+02 1.7582e+02 1.9537e+02
  81.2500 1.8227e+02 1.5978e+02 2.0602e+02 1.6202e+02 2.0391e+02 1.8054e+02 1.8399e+02 1.7264e+02 1.9190e+02
  81.5000 1.7901e+02 1.5693e+02 2.0232e+02 1.5915e+02 2.0023e+02 1.7731e+02 1.8070e+02 1.6952e+02 1.8850e+02
  81.7500 1.7582e+02 1.5414e+02 1.9869e+02 1.5633e+02 1.9663e+02 1.7416e+02 1.7747e+02 1.6647e+02 1.8517e+02
  82.0000 1.7269e+02 1.5140e+02 1.9515e+02 1.5357e+02 1.9310e+02 1.7106e+02 1.7431e+02 1.6347e+02 1.8191e+02
  82.2500 1.6963e+02 1.4871e+02 1.9167e+02 1.5086e+02 1.8965e+02 1.6803e+02 1.7122e+02 1.6054e+02 1.7871e+02
  82.5000 1.6662e+02 1.4609e+02 1.8826e+02 1.4821e+02 1.8626e+02 1.6506e+02 1.6818e+02 1.5767e+02 1.7558e+02
  82.7500 1.6368e+02 1.4351e+02 1.8492e+02 1.4561e+02 1.8294e+02 1.6215e+02 1.6521e+02 1.5485e+02 1.7250e+02
  83.0000 1.6080e+02 1.4099e+02 1.8165e+02 1.4306e+02 1.7970e+02 1.5929e+02 1.6229e+02 1.5210e+02 1.6950e+02
  83.2500 1.5797e+02 1.3851e+02 1.7845e+02 1.4056e+02 1.7651e+02 1.5650e+02 1.5944e+02 1.4940e+02 1.6654e+02
  83.5000 1.5520e+02 1.3608e+02 1.7531e+02 1.3812e+02 1.7339e+02 1.5376e+02 1.5664e+02 1.4675e+02 1.6365e+02
  83.7500 1.5249e+02 1.3371e+02 1.7223e+02 1.3572e+02 1.7034e+02 1.5107e+02 1.5390e+02 1.4415e+02 1.6082e+02
  84.0000 1.4983e+02 1.3138e+02 1.6922e+02 1.3337e+02 1.6734e+02 1.4844e+02 1.5121e+02 1.4161e+02 1.5804e+02
  84.2500 1.4722e+02 1.2909e+02 1.6626e+02 1.3106e+02 1.6440e+02 1.4586e+02 1.4858e+02 1.3912e+02 1.5532e+02
  84.5000 1.4466e+02 1.2685e+02 1.6337e+02 1.2880e+02 1.6153e+02 1.4333e+02 1.4600e+02 1.3668e+02 1.5265e+02
  84.7500 1.4216e+02 1.2466e+02 1.6053e+02 1.2658e+02 1.5871e+02 1.4085e+02 1.4346e+02 1.3428e+02 1.5003e+02
  85.0000 1.3970e+02 1.2250e+02 1.5775e+02 1.2441e+02 1.5594e+02 1.3842e+02 1.4098e+02 1.3194e+02 1.4747e+02
  85.2500 1.3730e+02 1.2039e+02 1.5502e+02 1.2228e+02 1.5323e+02 1.3604e+02 1.3855e+02 1.2964e+02 1.4495e+02
  85.5000 1.3494e+02 1.1832e+02 1.5235e+02 1.2019e+02 1.5058e+02 1.3370e+02 1.3617e+02 1.2738e+02 1.4249e+02
  85.7500 1.3262e+02 1.1629e+02 1.4973e+02 1.1814e+02 1.4797e+02 1.3141e+02 1.3383e+02 1.2517e+02 1.4007e+02
  86.0000 1.3035e+02 1.1430e+02 1.4716e+02 1.1614e+02 1.4542e+02 1.2916e+02 1.3154e+02 1.2300e+02 1.3770e+02
  86.2500 1.2813e+02 1.1235e+02 1.4464e+02 1.1417e+02 1.4292e+02 1.2696e+02 1.2929e+02 1.2088e+02 1.3537e+02
  86.5000 1.2595e+02 1.1044e+02 1.4217e+02 1.1223e+02 1.4047e+02 1.2480e+02 1.2709e+02 1.1880e+02 1.3309e+02
  86.7500 1.2381e+02 1.0856e+02 1.3975e+02 1.1034e+02 1.3806e+02 1.2269e+02 1.2492e+02 1.1675e+02 1.3085e+02
  87.0000 1.2171e+02 1.0672e+02 1.3738e+02 1.0848e+02 1.3571e+02 1.2061e+02 1.2281e+02 1.1475e+02 1.2866e+02
  87.2500 1.1965e+02 1.0492e+02 1.3505e+02 1.0666e+02 1.3340e+02 1.1857e+02 1.2073e+02 1.1279e+02 1.2651e+02
  87.5000 1.1763e+02 1.0315e+02 1.3277e+02 1.0487e+02 1.3113e+02 1.1657e+02 1.1869e+02 1.1086e+02 1.2440e+02
  87.7500 1.1566e+02 1.0141e+02 1.3053e+02 1.0312e+02 1.2891e+02 1.1461e+02 1.1669e+02 1.0897e+02 1.2233e+02
  88.0000 1.1371e+02 9.9707e+01 1.2834e+02 1.0140e+02 1.2673e+02 1.1269e+02 1.1473e+02 1.0712e+02 1.2030e+02
  88.2500 1.1181e+02 9.8036e+01 1.2618e+02 9.9710e+01 1.2459e+02 1.1081e+02 1.1281e+02 1.0531e+02 1.1831e+02
  88.5000 1.0994e+02 9.6397e+01 1.2407e+02 9.8054e+01 1.2250e+02 1.0896e+02 1.1092e+02 1.0353e+02 1.1636e+02
  88.7500 1.0811e+02 9.4788e+01 1.2200e+02 9.6430e+01 1.2044e+02 1.0714e+02 1.0908e+02 1.0178e+02 1.1444e+02
  89.0000 1.0631e+02 9.3210e+01 1.1997e+02 9.4836e+01 1.1842e+02 1.0537e+02 1.0726e+02 1.0006e+02 1.1256e+02
  89.2500 1.0455e+02 9.1662e+01 1.1798e+02 9.3273e+01 1.1645e+02 1.0362e+02 1.0548e+02 9.8384e+01 1.1072e+02
  89.5000 1.0282e+02 9.0144e+01 1.1603e+02 9.1738e+01 1.1451e+02 1.0191e+02 1.0374e+02 9.6736e+01 1.0891e+02
  89.7500 1.0113e+02 8.8653e+01 1.1411e+02 9.0233e+01 1.1261e+02 1.0023e+02 1.0202e+02 9.5118e+01 1.0713e+02
  90.0000 9.9463e+01 8.7191e+01 1.1223e+02 8.8756e+01 1.1074e+02 9.8580e+01 1.0034e+02 9.3532e+01 1.0539e+02
  90.2500 9.7829e+01 8.5757e+01 1.1039e+02 8.7306e+01 1.0891e+02 9.6963e+01 9.8694e+01 9.1976e+01 1.0368e+02
  90.5000 9.6227e+01 8.4349e+01 1.0858e+02 8.5884e+01 1.0711e+02 9.5376e+01 9.7076e+01 9.0449e+01 1.0200e+02
  90.7500 9.4655e+01 8.2967e+01 1.0681e+02 8.4488e+01 1.0535e+02 9.3819e+01 9.5489e+01 8.8951e+01 1.0036e+02
  91.0000 9.3112e+01 8.1611e+01 1.0506e+02 8.3118e+01 1.0362e+02 9.2291e+01 9.3932e+01 8.7481e+01 9.8739e+01
  91.2500 9.1598e+01 8.0280e+01 1.0336e+02 8.1773e+01 1.0193e+02 9.0791e+01 9.2404e+01 8.6039e+01 9.7154e+01
  91.5000 9.0113e+01 7.8974e+01 1.0168e+02 8.0453e+01 1.0027e+02 8.9320e+01 9.0904e+01 8.4624e+01 9.5597e+01
  91.7500 8.8655e+01 7.7692e+01 1.0004e+02 7.9158e+01 9.8634e+01 8.7875e+01 8.9432e+01 8.3236e+01 9.4070e+01
  92.0000 8.7224e+01 7.6434e+01 9.8422e+01 7.7886e+01 9.7033e+01 8.6458e+01 8.7988e+01 8.1873e+01 9.2571e+01
  92.2500 8.5820e+01 7.5199e+01 9.6839e+01 7.6638e+01 9.5462e+01 8.5067e+01 8.6571e+01 8.0536e+01 9.1100e+01
  92.5000 8.4442e+01 7.3987e+01 9.5285e+01 7.5412e+01 9.3920e+01 8.3701e+01 8.5180e+01 7.9224e+01 8.9656e+01
  92.7500 8.3089e+01 7.2797e+01 9.3760e+01 7.4210e+01 9.2407e+01 8.2361e+01 8.3814e+01 7.7937e+01 8.8238e+01
  93.0000 8.1761e+01 7.1629e+01 9.2264e+01 7.3029e+01 9.0923e+01 8.1046e+01 8.2474e+01 7.6673e+01 8.6846e+01
  93.2500 8.0457e+01 7.0482e+01 9.0794e+01 7.1869e+01 8.9465e+01 7.9754e+01 8.1158e+01 7.5432e+01 8.5479e+01
  93.5000 7.9176e+01 6.9356e+01 8.9351e+01 7.0730e+01 8.8033e+01 7.8485e+01 7.9866e+01 7.4214e+01 8.4137e+01
  93.7500 7.7918e+01 6.8250e+01 8.7934e+01 6.9612e+01 8.6627e+01 7.7239e+01 7.8597e+01 7.3017e+01 8.2818e+01
  94.0000 7.6683e+01 6.7163e+01 8.6542e+01 6.8513e+01 8.5246e+01 7.6015e+01 7.7350e+01 7.1843e+01 8.1522e+01
  94.2500 7.5470e+01 6.6096e+01 8.5175e+01 6.7433e+01 8.3890e+01 7.4813e+01 7.6126e+01 7.0689e+01 8.0250e+01
  94.5000 7.4278e+01 6.5047e+01 8.3832e+01 6.6373e+01 8.2558e+01 7.3632e+01 7.4923e+01 6.9556e+01 7.8999e+01
  94.7500 7.3108e+01 6.4018e+01 8.2513e+01 6.5332e+01 8.1250e+01 7.2472e+01 7.3742e+01 6.8443e+01 7.7771e+01
  95.0000 7.1958e+01 6.3006e+01 8.1217e+01 6.4309e+01 7.9966e+01 7.1333e+01 7.2581e+01 6.7350e+01 7.6564e+01
  95.2500 7.0828e+01 6.2013e+01 7.9944e+01 6.3304e+01 7.8703e+01 7.0213e+01 7.1441e+01 6.6277e+01 7.5378e+01
  95.5000 6.9718e+01 6.1037e+01 7.8694e+01 6.2316e+01 7.7464e+01 6.9114e+01 7.0321e+01 6.5223e+01 7.4213e+01
  95.7500 6.8628e+01 6.0078e+01 7.7465e+01 6.1346e+01 7.6246e+01 6.8034e+01 6.9221e+01 6.4187e+01 7.3069e+01
  96.0000 6.7557e+01 5.9136e+01 7.6259e+01 6.0393e+01 7.5049e+01 6.6972e+01 6.8141e+01 6.3170e+01 7.1944e+01
  96.2500 6.6505e+01 5.8211e+01 7.5073e+01 5.9457e+01 7.3874e+01 6.5930e+01 6.7079e+01 6.2171e+01 7.0839e+01
  96.5000 6.5471e+01 5.7302e+01 7.3908e+01 5.8537e+01 7.2719e+01 6.4905e+01 6.6035e+01 6.1189e+01 6.9753e+01
  96.7500 6.4455e+01 5.6408e+01 7.2764e+01 5.7633e+01 7.1585e+01 6.3899e+01 6.5010e+01 6.0225e+01 6.8685e+01
  97.0000 6.3457e+01 5.5531e+01 7.1639e+01 5.6744e+01 7.0470e+01 6.2910e+01 6.4003e+01 5.9278e+01 6.7636e+01
  97.2500 6.2476e+01 5.4668e+01 7.0535e+01 5.5871e+01 6.9375e+01 6.1938e+01 6.3014e+01 5.8347e+01 6.6606e+01
  97.5000 6.1513e+01 5.3821e+01 6.9449e+01 5.5013e+01 6.8299e+01 6.0983e+01 6.2041e+01 5.7433e+01 6.5593e+01
  97.7500 6.0566e+01 5.2988e+01 6.8382e+01 5.4170e+01 6.7242e+01 6.0045e+01 6.1086e+01 5.6535e+01 6.4597e+01
  98.0000 5.9635e+01 5.2170e+01 6.7334e+01 5.3342e+01 6.6203e+01 5.9123e+01 6.0147e+01 5.5652e+01 6.3618e+01
  98.2500 5.8721e+01 5.1366e+01 6.6303e+01 5.2528e+01 6.5182e+01 5.8217e+01 5.9224e+01 5.4785e+01 6.2656e+01
  98.5000 5.7822e+01 5.0575e+01 6.5291e+01 5.1727e+01 6.4179e+01 5.7326e+01 5.8317e+01 5.3933e+01 6.1711e+01
  98.7500 5.6938e+01 4.9799e+01 6.4296e+01 5.0941e+01 6.3193e+01 5.6451e+01 5.7425e+01 5.3096e+01 6.0781e+01
  99.0000 5.6070e+01 4.9036e+01 6.3318e+01 5.0168e+01 6.2224e+01 5.5590e+01 5.6549e+01 5.2273e+01 5.9868e+01
  99.2500 5.5217e+01 4.8285e+01 6.2356e+01 4.9408e+01 6.1272e+01 5.4745e+01 5.5688e+01 5.1465e+01 5.8970e+01
  99.5000 5.4378e+01 4.7548e+01 6.1412e+01 4.8661e+01 6.0337e+01 5.3914e+01 5.4842e+01 5.0670e+01 5.8087e+01
  99.7500 5.3554e+01 4.6823e+01 6.0483e+01 4.7927e+01 5.9417e+01 5.3097e+01 5.4010e+01 4.9890e+01 5.7219e+01
 100.0000 5.2744e+01 4.6108e+01 5.9570e+01 4.7202e+01 5.8513e+01 5.2294e+01 5.3193e+01 4.9122e+01 5.6366e+01
 100.2500 5.1947e+01 4.5405e+01 5.8673e+01 4.6489e+01 5.7624e+01 5.1505e+01 5.2389e+01 4.8368e+01 5.5527e+01
 100.5000 5.1164e+01 4.4714e+01 5.7791e+01 4.5788e+01 5.6751e+01 5.0729e+01 5.1599e+01 4.7627e+01 5.4702e+01
 100.7500 5.0395e+01 4.4035e+01 5.6924e+01 4.5099e+01 5.5892e+01 4.9966e+01 5.0823e+01 4.6899e+01 5.3891e+01
 101.0000 4.9638e+01 4.3367e+01 5.6072e+01 4.4421e+01 5.5048e+01 4.9216e+01 5.0059e+01 4.6183e+01 5.3094e+01
 101.2500 4.8894e+01 4.2710e+01 5.5234e+01 4.3755e+01 5.4219e+01 4.8479e+01 4.9309e+01 4.5479e+01 5.2310e+01
 101.5000 4.8163e+01 4.2065e+01 5.4410e+01 4.3101e+01 5.3403e+01 4.7755e+01 4.8571e+01 4.4788e+01 5.1539e+01
 101.7500 4.7444e+01 4.1431e+01 5.3600e+01 4.2457e+01 5.2602e+01 4.7042e+01 4.7845e+01 4.4108e+01 5.0781e+01
 102.0000 4.6737e+01 4.0807e+01 5.2804e+01 4.1824e+01 5.1814e+01 4.6342e+01 4.7132e+01 4.3439e+01 5.0035e+01
 102.2500 4.6042e+01 4.0194e+01 5.2021e+01 4.1202e+01 5.1039e+01 4.5653e+01 4.6431e+01 4.2782e+01 4.9302e+01
 102.5000 4.5359e+01 3.9591e+01 5.1251e+01 4.0590e+01 5.0277e+01 4.4976e+01 4.5741e+01 4.2137e+01 4.8581e+01
 102.7500 4.4687e+01 3.8998e+01 5.0494e+01 3.9989e+01 4.9528e+01 4.4310e+01 4.5063e+01 4.1502e+01 4.7872e+01
 103.0000 4.4026e+01 3.8416e+01 4.9750e+01 3.9397e+01 4.8791e+01 4.3655e+01 4.4397e+01 4.0877e+01 4.7175e+01
 103.2500 4.3376e+01 3.7843e+01 4.9018e+01 3.8816e+01 4.8067e+01 4.3011e+01 4.3741e+01 4.0264e+01 4.6489e+01
 103.5000 4.2737e+01 3.7279e+01 4.8298e+01 3.8244e+01 4.7355e+01 4.2378e+01 4.3097e+01 3.9661e+01 4.5815e+01
 103.7500 4.2109e+01 3.6726e+01 4.7591e+01 3.7681e+01 4.6655e+01 4.1755e+01 4.2463e+01 3.9068e+01 4.5151e+01
 104.0000 4.1491e+01 3.6181e+01 4.6895e+01 3.7128e+01 4.5967e+01 4.1143e+01 4.1840e+01 3.8484e+01 4.4499e+01
 104.2500 4.0884e+01 3.5645e+01 4.6210e+01 3.6584e+01 4.5290e+01 4.0541e+01 4.1227e+01 3.7911e+01 4.3857e+01
 104.5000 4.0286e+01 3.5119e+01 4.5537e+01 3.6050e+01 4.4624e+01 3.9949e+01 4.0624e+01 3.7347e+01 4.3226e+01
 104.7500 3.9699e+01 3.4601e+01 4.4875e+01 3.5523e+01 4.3969e+01 3.9367e+01 4.0031e+01 3.6793e+01 4.2605e+01
 105.0000 3.9121e+01 3.4092e+01 4.4224e+01 3.5006e+01 4.3325e+01 3.8794e+01 3.9448e+01 3.6248e+01 4.1994e+01
 105.2500 3.8552e+01 3.3591e+01 4.3584e+01 3.4497e+01 4.2692e+01 3.8230e+01 3.8874e+01 3.5712e+01 4.1393e+01
 105.5000 3.7993e+01 3.3098e+01 4.2954e+01 3.3997e+01 4.2069e+01 3.7676e+01 3.8310e+01 3.5184e+01 4.0802e+01
 105.7500 3.7443e+01 3.2614e+01 4.2334e+01 3.3505e+01 4.1457e+01 3.7131e+01 3.7755e+01 3.4666e+01 4.0221e+01
 106.0000 3.6902e+01 3.2137e+01 4.1725e+01 3.3020e+01 4.0855e+01 3.6595e+01 3.7209e+01 3.4156e+01 3.9649e+01
 106.2500 3.6370e+01 3.1669e+01 4.1125e+01 3.2544e+01 4.0262e+01 3.6068e+01 3.6673e+01 3.3655e+01 3.9086e+01
 106.5000 3.5847e+01 3.1208e+01 4.0536e+01 3.2076e+01 3.9679e+01 3.5549e+01 3.6145e+01 3.3162e+01 3.8532e+01
 106.7500 3.5332e+01 3.0755e+01 3.9956e+01 3.1615e+01 3.9106e+01 3.5039e+01 3.5625e+01 3.2677e+01 3.7987e+01
 107.0000 3.4825e+01 3.0309e+01 3.9385e+01 3.1161e+01 3.8542e+01 3.4537e+01 3.5114e+01 3.2200e+01 3.7451e+01
 107.2500 3.4327e+01 2.9870e+01 3.8824e+01 3.0715e+01 3.7987e+01 3.4043e+01 3.4612e+01 3.1731e+01 3.6924e+01
 107.5000 3.3837e+01 2.9439e+01 3.8271e+01 3.0277e+01 3.7442e+01 3.3558e+01 3.4117e+01 3.1270e+01 3.6405e+01
 107.7500 3.3355e+01 2.9014e+01 3.7728e+01 2.9845e+01 3.6905e+01 3.3080e+01 3.3631e+01 3.0816e+01 3.5894e+01
 108.0000 3.2881e+01 2.8597e+01 3.7194e+01 2.9421e+01 3.6377e+01 3.2609e+01 3.3152e+01 3.0370e+01 3.5392e+01
 108.2500 3.2414e+01 2.8186e+01 3.6668e+01 2.9003e+01 3.5858e+01 3.2147e+01 3.2681e+01 2.9931e+01 3.4897e+01
 108.5000 3.1955e+01 2.7782e+01 3.6150e+01 2.8592e+01 3.5346e+01 3.1692e+01 3.2218e+01 2.9499e+01 3.4410e+01
 108.7500 3.1503e+01 2.7385e+01 3.5641e+01 2.8187e+01 3.4844e+01 3.1244e+01 3.1762e+01 2.9074e+01 3.3932e+01
 109.0000 3.1058e+01 2.6994e+01 3.5140e+01 2.7790e+01 3.4349e+01 3.0803e+01 3.1314e+01 2.8657e+01 3.3460e+01
 109.2500 3.0621e+01 2.6609e+01 3.4648e+01 2.7398e+01 3.3862e+01 3.0370e+01 3.0872e+01 2.8245e+01 3.2997e+01
 109.5000 3.0191e+01 2.6231e+01 3.4163e+01 2.7013e+01 3.3383e+01 2.9944e+01 3.0438e+01 2.7841e+01 3.2540e+01
 109.7500 2.9767e+01 2.5859e+01 3.3685e+01 2.6634e+01 3.2912e+01 2.9524e+01 3.0011e+01 2.7443e+01 3.2091e+01
 110.0000 2.9350e+01 2.5492e+01 3.3216e+01 2.6261e+01 3.2449e+01 2.9111e+01 2.9590e+01 2.7052e+01 3.1649e+01
 110.2500 2.8940e+01 2.5132e+01 3.2754e+01 2.5894e+01 3.1993e+01 2.8704e+01 2.9177e+01 2.6667e+01 3.1214e+01
 110.5000 2.8537e+01 2.4777e+01 3.2299e+01 2.5533e+01 3.1544e+01 2.8305e+01 2.8770e+01 2.6288e+01 3.0786e+01
 110.7500 2.8140e+01 2.4428e+01 3.1852e+01 2.5177e+01 3.1102e+01 2.7911e+01 2.8369e+01 2.5916e+01 3.0364e+01
 111.0000 2.7749e+01 2.4085e+01 3.1411e+01 2.4828e+01 3.0668e+01 2.7524e+01 2.7975e+01 2.5549e+01 2.9949e+01
 111.2500 2.7364e+01 2.3747e+01 3.0978e+01 2.4484e+01 3.0240e+01 2.7142e+01 2.7587e+01 2.5188e+01 2.9541e+01
 111.5000 2.6986e+01 2.3415e+01 3.0551e+01 2.4145e+01 2.9819e+01 2.6767e+01 2.7205e+01 2.4833e+01 2.9139e+01
 111.7500 2.6613e+01 2.3088e+01 3.0131e+01 2.3811e+01 2.9405e+01 2.6398e+01 2.6829e+01 2.4484e+01 2.8743e+01
 112.0000 2.6247e+01 2.2766e+01 2.9718e+01 2.3483e+01 2.8997e+01 2.6035e+01 2.6460e+01 2.4140e+01 2.8354e+01
 112.2500 2.5886e+01 2.2449e+01 2.9311e+01 2.3161e+01 2.8596e+01 2.5677e+01 2.6096e+01 2.3802e+01 2.7970e+01
 112.5000 2.5531e+01 2.2137e+01 2.8911e+01 2.2843e+01 2.8201e+01 2.5325e+01 2.5737e+01 2.3470e+01 2.7593e+01
 112.7500 2.5181e+01 2.1830e+01 2.8517e+01 2.2530e+01 2.7813e+01 2.4979e+01 2.5385e+01 2.3142e+01 2.7221e+01
 113.0000 2.4837e+01 2.1529e+01 2.8129e+01 2.2222e+01 2.7431e+01 2.4638e+01 2.5038e+01 2.2820e+01 2.6855e+01
 113.2500 2.4499e+01 2.1231e+01 2.7748e+01 2.1919e+01 2.7054e+01 2.4302e+01 2.4696e+01 2.2503e+01 2.6495e+01
 113.5000 2.4166e+01 2.0939e+01 2.7372e+01 2.1621e+01 2.6684e+01 2.3972e+01 2.4360e+01 2.2191e+01 2.6141e+01
 113.7500 2.3837e+01 2.0651e+01 2.7002e+01 2.1327e+01 2.6319e+01 2.3647e+01 2.4029e+01 2.1884e+01 2.5791e+01
 114.0000 2.3515e+01 2.0368e+01 2.6638e+01 2.1038e+01 2.5960e+01 2.3327e+01 2.3703e+01 2.1582e+01 2.5448e+01
 114.2500 2.3197e+01 2.0089e+01 2.6279e+01 2.0754e+01 2.5607e+01 2.3012e+01 2.3382e+01 2.1285e+01 2.5109e+01
 114.5000 2.2884e+01 1.9815e+01 2.5926e+01 2.0474e+01 2.5259e+01 2.2701e+01 2.3067e+01 2.0992e+01 2.4776e+01
 114.7500 2.2575e+01 1.9544e+01 2.5579e+01 2.0198e+01 2.4917e+01 2.2396e+01 2.2756e+01 2.0704e+01 2.4448e+01
 115.0000 2.2272e+01 1.9278e+01 2.5237e+01 1.9926e+01 2.4580e+01 2.2095e+01 2.2449e+01 2.0420e+01 2.4125e+01
 115.2500 2.1973e+01 1.9016e+01 2.4899e+01 1.9659e+01 2.4247e+01 2.1799e+01 2.2148e+01 2.0140e+01 2.3806e+01
 115.5000 2.1678e+01 1.8758e+01 2.4567e+01 1.9395e+01 2.3920e+01 2.1507e+01 2.1851e+01 1.9865e+01 2.3492e+01
 115.7500 2.1388e+01 1.8503e+01 2.4240e+01 1.9135e+01 2.3598e+01 2.1219e+01 2.1558e+01 1.9594e+01 2.3183e+01
 116.0000 2.1102e+01 1.8253e+01 2.3918e+01 1.8880e+01 2.3281e+01 2.0936e+01 2.1270e+01 1.9327e+01 2.2878e+01
 116.2500 2.0821e+01 1.8006e+01 2.3601e+01 1.8628e+01 2.2969e+01 2.0657e+01 2.0986e+01 1.9064e+01 2.2578e+01
 116.5000 2.0543e+01 1.7763e+01 2.3288e+01 1.8379e+01 2.2661e+01 2.0382e+01 2.0706e+01 1.8805e+01 2.2283e+01
 116.7500 2.0270e+01 1.7523e+01 2.2981e+01 1.8135e+01 2.2358e+01 2.0111e+01 2.0430e+01 1.8550e+01 2.1991e+01
 117.0000 2.0001e+01 1.7287e+01 2.2677e+01 1.7894e+01 2.2059e+01 1.9844e+01 2.0159e+01 1.8298e+01 2.1705e+01
 117.2500 1.9736e+01 1.7055e+01 2.2379e+01 1.7657e+01 2.1765e+01 1.9581e+01 1.9892e+01 1.8051e+01 2.1422e+01
 117.5000 1.9475e+01 1.6826e+01 2.2084e+01 1.7423e+01 2.1475e+01 1.9322e+01 1.9628e+01 1.7807e+01 2.1143e+01
 117.7500 1.9217e+01 1.6601e+01 2.1794e+01 1.7192e+01 2.1190e+01 1.9067e+01 1.9369e+01 1.7567e+01 2.0869e+01
 118.0000 1.8964e+01 1.6379e+01 2.1509e+01 1.6966e+01 2.0909e+01 1.8816e+01 1.9113e+01 1.7330e+01 2.0598e+01
 118.2500 1.8714e+01 1.6160e+01 2.1227e+01 1.6742e+01 2.0632e+01 1.8568e+01 1.8861e+01 1.7097e+01 2.0332e+01
 118.5000 1.8468e+01 1.5944e+01 2.0950e+01 1.6522e+01 2.0359e+01 1.8324e+01 1.8613e+01 1.6868e+01 2.0069e+01
 118.7500 1.8225e+01 1.5732e+01 2.0677e+01 1.6305e+01 2.0090e+01 1.8083e+01 1.8368e+01 1.6642e+01 1.9810e+01
 119.0000 1.7986e+01 1.5523e+01 2.0408e+01 1.6091e+01 1.9826e+01 1.7846e+01 1.8127e+01 1.6419e+01 1.9555e+01
 119.2500 1.7751e+01 1.5316e+01 2.0143e+01 1.5880e+01 1.9565e+01 1.7613e+01 1.7890e+01 1.6199e+01 1.9304e+01
 119.5000 1.7519e+01 1.5113e+01 1.9881e+01 1.5672e+01 1.9308e+01 1.7383e+01 1.7656e+01 1.5983e+01 1.9056e+01
 119.7500 1.7291e+01 1.4913e+01 1.9624e+01 1.5468e+01 1.9055e+01 1.7156e+01 1.7426e+01 1.5770e+01 1.8812e+01
 120.0000 1.7065e+01 1.4716e+01 1.9370e+01 1.5266e+01 1.8805e+01 1.6933e+01 1.7198e+01 1.5560e+01 1.8571e+01