   5.0000 1.7981e+07 1.1407e+07 2.6168e+07 1.2125e+07 2.5478e+07 1.5694e+07 2.0651e+07 1.6059e+07 1.9904e+07
   5.2500 1.6861e+07 1.0846e+07 2.4508e+07 1.1502e+07 2.3897e+07 1.4778e+07 1.9279e+07 1.5093e+07 1.8629e+07
   5.5000 1.5768e+07 1.0281e+07 2.2890e+07 1.0879e+07 2.2349e+07 1.3876e+07 1.7953e+07 1.4146e+07 1.7389e+07
   5.7500 1.4712e+07 9.7187e+06 2.1328e+07 1.0264e+07 2.0850e+07 1.2998e+07 1.6684e+07 1.3227e+07 1.6198e+07
   6.0000 1.3702e+07 9.1652e+06 1.9835e+07 9.6612e+06 1.9412e+07 1.2150e+07 1.5479e+07 1.2344e+07 1.5061e+07
   6.2500 1.2743e+07 8.6253e+06 1.8417e+07 9.0763e+06 1.8043e+07 1.1340e+07 1.4342e+07 1.1502e+07 1.3985e+07
   6.5000 1.1838e+07 8.1031e+06 1.7079e+07 8.5131e+06 1.6748e+07 1.0570e+07 1.3276e+07 1.0703e+07 1.2972e+07
   6.7500 1.0986e+07 7.6019e+06 1.5822e+07 7.9746e+06 1.5529e+07 9.8414e+06 1.2281e+07 9.9506e+06 1.2022e+07
   7.0000 1.0190e+07 7.1216e+06 1.4648e+07 7.4602e+06 1.4387e+07 9.1558e+06 1.1355e+07 9.2441e+06 1.1135e+07
   7.2500 9.4466e+06 6.6641e+06 1.3553e+07 6.9718e+06 1.3322e+07 8.5128e+06 1.0495e+07 8.5831e+06 1.0310e+07
   7.5000 8.7552e+06 6.2345e+06 1.2536e+07 6.5145e+06 1.2330e+07 7.9116e+06 9.6998e+06 7.9666e+06 9.5439e+06
   7.7500 8.1135e+06 5.8313e+06 1.1593e+07 6.0868e+06 1.1409e+07 7.3510e+06 8.9649e+06 7.3929e+06 8.8340e+06
   8.0000 7.5188e+06 5.4295e+06 1.0720e+07 5.6598e+06 1.0556e+07 6.8292e+06 8.2868e+06 6.8602e+06 8.1775e+06
   8.2500 6.9686e+06 5.0449e+06 9.9137e+06 5.2516e+06 9.7668e+06 6.3444e+06 7.6620e+06 6.3662e+06 7.5710e+06
   8.5000 6.4601e+06 4.6885e+06 9.1697e+06 4.8743e+06 9.0380e+06 5.8947e+06 7.0866e+06 5.9087e+06 7.0114e+06
   8.7500 5.9905e+06 4.3584e+06 8.4838e+06 4.5256e+06 8.3655e+06 5.4779e+06 6.5572e+06 5.4855e+06 6.4954e+06
   9.0000 5.5571e+06 4.0530e+06 7.8519e+06 4.2037e+06 7.7454e+06 5.0919e+06 6.0702e+06 5.0942e+06 6.0199e+06
   9.2500 5.1572e+06 3.7704e+06 7.2700e+06 3.9065e+06 7.1740e+06 4.7347e+06 5.6224e+06 4.7326e+06 5.5818e+06
   9.5000 4.7884e+06 3.5091e+06 6.7343e+06 3.6321e+06 6.6475e+06 4.4042e+06 5.2105e+06 4.3986e+06 5.1782e+06
   9.7500 4.4482e+06 3.2674e+06 6.2413e+06 3.3788e+06 6.1628e+06 4.0985e+06 4.8318e+06 4.0900e+06 4.8065e+06
  10.0000 4.1346e+06 3.0440e+06 5.7877e+06 3.1450e+06 5.7165e+06 3.8158e+06 4.4835e+06 3.8051e+06 4.4641e+06
  10.2500 3.8453e+06 2.8373e+06 5.3703e+06 2.9291e+06 5.3056e+06 3.5545e+06 4.1631e+06 3.5419e+06 4.1487e+06
  10.5000 3.5784e+06 2.6463e+06 4.9859e+06 2.7298e+06 4.9270e+06 3.3128e+06 3.8682e+06 3.2989e+06 3.8580e+06
  10.7500 3.3321e+06 2.4696e+06 4.6318e+06 2.5456e+06 4.5782e+06 3.0893e+06 3.5966e+06 3.0743e+06 3.5900e+06
  11.0000 3.1047e+06 2.3061e+06 4.3053e+06 2.3754e+06 4.2565e+06 2.8825e+06 3.3463e+06 2.8667e+06 3.3426e+06
  11.2500 2.8945e+06 2.1547e+06 4.0043e+06 2.2181e+06 3.9596e+06 2.6910e+06 3.1154e+06 2.6747e+06 3.1143e+06
  11.5000 2.7002e+06 2.0146e+06 3.7263e+06 2.0725e+06 3.6855e+06 2.5138e+06 2.9023e+06 2.4971e+06 2.9033e+06
  11.7500 2.5204e+06 1.8847e+06 3.4696e+06 1.9376e+06 3.4322e+06 2.3495e+06 2.7054e+06 2.3326e+06 2.7082e+06
  12.0000 2.3542e+06 1.7644e+06 3.2330e+06 1.8128e+06 3.1987e+06 2.1974e+06 2.5239e+06 2.1804e+06 2.5282e+06
  12.2500 2.2007e+06 1.6528e+06 3.0148e+06 1.6972e+06 2.9834e+06 2.0565e+06 2.3564e+06 2.0395e+06 2.3618e+06
  12.5000 2.0585e+06 1.5492e+06 2.8135e+06 1.5901e+06 2.7846e+06 1.9259e+06 2.2016e+06 1.9090e+06 2.2080e+06
  12.7500 1.9269e+06 1.4530e+06 2.6275e+06 1.4906e+06 2.6009e+06 1.8047e+06 2.0585e+06 1.7881e+06 2.0657e+06
  13.0000 1.8048e+06 1.3636e+06 2.4555e+06 1.3982e+06 2.4309e+06 1.6921e+06 1.9260e+06 1.6758e+06 1.9338e+06
  13.2500 1.6914e+06 1.2805e+06 2.2961e+06 1.3124e+06 2.2735e+06 1.5874e+06 1.8031e+06 1.5714e+06 1.8114e+06
  13.5000 1.5861e+06 1.2031e+06 2.1484e+06 1.2325e+06 2.1275e+06 1.4901e+06 1.6892e+06 1.4744e+06 1.6978e+06
  13.7500 1.4882e+06 1.1309e+06 2.0114e+06 1.1582e+06 1.9920e+06 1.3994e+06 1.5834e+06 1.3842e+06 1.5923e+06
  14.0000 1.3971e+06 1.0637e+06 1.8840e+06 1.0888e+06 1.8661e+06 1.3149e+06 1.4850e+06 1.3001e+06 1.4941e+06
  14.2500 1.3122e+06 1.0009e+06 1.7656e+06 1.0242e+06 1.7490e+06 1.2361e+06 1.3934e+06 1.2217e+06 1.4026e+06
  14.5000 1.2330e+06 9.4229e+05 1.6555e+06 9.6390e+05 1.6401e+06 1.1625e+06 1.3082e+06 1.1486e+06 1.3174e+06
  14.7500 1.1594e+06 8.8772e+05 1.5533e+06 9.0775e+05 1.5390e+06 1.0941e+06 1.2291e+06 1.0806e+06 1.2383e+06
  15.0000 1.0910e+06 8.3686e+05 1.4585e+06 8.5546e+05 1.4452e+06 1.0304e+06 1.1556e+06 1.0173e+06 1.1647e+06
  15.2500 1.0273e+06 7.8942e+05 1.3704e+06 8.0669e+05 1.3580e+06 9.7102e+05 1.0872e+06 9.5838e+05 1.0962e+06
  15.5000 9.6793e+05 7.4511e+05 1.2885e+06 7.6117e+05 1.2770e+06 9.1564e+05 1.0235e+06 9.0341e+05 1.0325e+06
  15.7500 9.1253e+05 7.0369e+05 1.2122e+06 7.1863e+05 1.2015e+06 8.6391e+05 9.6412e+05 8.5210e+05 9.7298e+05
  16.0000 8.6080e+05 6.6494e+05 1.1411e+06 6.7885e+05 1.1311e+06 8.1556e+05 9.0874e+05 8.0415e+05 9.1745e+05
  16.2500 8.1243e+05 6.2864e+05 1.0748e+06 6.4161e+05 1.0655e+06 7.7032e+05 8.5702e+05 7.5930e+05 8.6557e+05
  16.5000 7.6718e+05 5.9462e+05 1.0129e+06 6.0671e+05 1.0042e+06 7.2795e+05 8.0867e+05 7.1732e+05 8.1705e+05
  16.7500 7.2481e+05 5.6269e+05 9.5509e+05 5.7398e+05 9.4694e+05 6.8823e+05 7.6344e+05 6.7798e+05 7.7164e+05
  17.0000 6.8509e+05 5.3272e+05 9.0100e+05 5.4326e+05 8.9338e+05 6.5097e+05 7.2109e+05 6.4109e+05 7.2909e+05
  17.2500 6.4784e+05 5.0455e+05 8.5037e+05 5.1440e+05 8.4323e+05 6.1598e+05 6.8141e+05 6.0647e+05 6.8920e+05
  17.5000 6.1286e+05 4.7806e+05 8.0294e+05 4.8727e+05 7.9626e+05 5.8311e+05 6.4418e+05 5.7395e+05 6.5178e+05
  17.7500 5.8001e+05 4.5312e+05 7.5848e+05 4.6175e+05 7.5222e+05 5.5220e+05 6.0925e+05 5.4339e+05 6.1663e+05
  18.0000 5.4919e+05 4.2970e+05 7.1685e+05 4.3778e+05 7.1097e+05 5.2318e+05 5.7650e+05 5.1470e+05 5.8368e+05
  18.2500 5.2028e+05 4.0770e+05 6.7787e+05 4.1527e+05 6.7236e+05 4.9595e+05 5.4581e+05 4.8779e+05 5.5277e+05
  18.5000 4.9315e+05 3.8702e+05 6.4135e+05 3.9412e+05 6.3617e+05 4.7037e+05 5.1703e+05 4.6252e+05 5.2378e+05
  18.7500 4.6767e+05 3.6756e+05 6.0711e+05 3.7423e+05 6.0225e+05 4.4634e+05 4.9000e+05 4.3878e+05 4.9656e+05
  19.0000 4.4372e+05 3.4925e+05 5.7499e+05 3.5551e+05 5.7042e+05 4.2372e+05 4.6462e+05 4.1646e+05 4.7098e+05
  19.2500 4.2119e+05 3.3200e+05 5.4483e+05 3.3788e+05 5.4053e+05 4.0245e+05 4.4077e+05 3.9545e+05 4.4692e+05
  19.5000 3.9999e+05 3.1574e+05 5.1650e+05 3.2127e+05 5.1245e+05 3.8240e+05 4.1833e+05 3.7568e+05 4.2430e+05
  19.7500 3.8002e+05 3.0041e+05 4.8987e+05 3.0560e+05 4.8605e+05 3.6352e+05 3.9722e+05 3.5705e+05 4.0299e+05
  20.0000 3.6120e+05 2.8593e+05 4.6481e+05 2.9082e+05 4.6122e+05 3.4571e+05 3.7733e+05 3.3948e+05 3.8292e+05
  20.2500 3.4346e+05 2.7226e+05 4.4123e+05 2.7686e+05 4.3784e+05 3.2890e+05 3.5859e+05 3.2291e+05 3.6400e+05
  20.5000 3.2671e+05 2.5934e+05 4.1903e+05 2.6367e+05 4.1583e+05 3.1304e+05 3.4093e+05 3.0727e+05 3.4616e+05
  20.7500 3.1091e+05 2.4712e+05 3.9810e+05 2.5120e+05 3.9508e+05 2.9804e+05 3.2426e+05 2.9250e+05 3.2931e+05
  21.0000 2.9598e+05 2.3556e+05 3.7837e+05 2.3941e+05 3.7552e+05 2.8387e+05 3.0852e+05 2.7854e+05 3.1341e+05
  21.2500 2.8186e+05 2.2462e+05 3.5975e+05 2.2825e+05 3.5706e+05 2.7047e+05 2.9366e+05 2.6534e+05 2.9838e+05
  21.5000 2.6852e+05 2.1426e+05 3.4218e+05 2.1769e+05 3.3964e+05 2.5779e+05 2.7961e+05 2.5285e+05 2.8418e+05
  21.7500 2.5589e+05 2.0444e+05 3.2559e+05 2.0767e+05 3.2318e+05 2.4578e+05 2.6633e+05 2.4104e+05 2.7074e+05
  22.0000 2.4394e+05 1.9513e+05 3.0992e+05 1.9819e+05 3.0764e+05 2.3441e+05 2.5377e+05 2.2985e+05 2.5803e+05
  22.2500 2.3264e+05 1.8632e+05 2.9512e+05 1.8921e+05 2.9296e+05 2.2366e+05 2.4190e+05 2.1926e+05 2.4601e+05
  22.5000 2.2195e+05 1.7797e+05 2.8114e+05 1.8070e+05 2.7909e+05 2.1348e+05 2.3068e+05 2.0925e+05 2.3464e+05
  22.7500 2.1182e+05 1.7006e+05 2.6792e+05 1.7264e+05 2.6598e+05 2.0383e+05 2.2006e+05 1.9976e+05 2.2388e+05
  23.0000 2.0224e+05 1.6255e+05 2.5542e+05 1.6500e+05 2.5359e+05 1.9469e+05 2.1000e+05 1.9078e+05 2.1370e+05
  23.2500 1.9315e+05 1.5543e+05 2.4360e+05 1.5775e+05 2.4186e+05 1.8602e+05 2.0048e+05 1.8226e+05 2.0405e+05
  23.5000 1.8454e+05 1.4867e+05 2.3240e+05 1.5087e+05 2.3075e+05 1.7781e+05 1.9145e+05 1.7418e+05 1.9490e+05
  23.7500 1.7637e+05 1.4226e+05 2.2180e+05 1.4434e+05 2.2024e+05 1.7001e+05 1.8290e+05 1.6652e+05 1.8623e+05
  24.0000 1.6862e+05 1.3616e+05 2.1176e+05 1.3813e+05 2.1028e+05 1.6261e+05 1.7479e+05 1.5924e+05 1.7800e+05
  24.2500 1.6127e+05 1.3036e+05 2.0224e+05 1.3223e+05 2.0083e+05 1.5558e+05 1.6709e+05 1.5234e+05 1.7019e+05
  24.5000 1.5428e+05 1.2485e+05 1.9322e+05 1.2663e+05 1.9188e+05 1.4890e+05 1.5979e+05 1.4578e+05 1.6278e+05
  24.7500 1.4764e+05 1.1961e+05 1.8466e+05 1.2130e+05 1.8338e+05 1.4255e+05 1.5285e+05 1.3954e+05 1.5574e+05
  25.0000 1.4134e+05 1.1463e+05 1.7653e+05 1.1622e+05 1.7532e+05 1.3651e+05 1.4626e+05 1.3362e+05 1.4905e+05
  25.2500 1.3534e+05 1.0988e+05 1.6882e+05 1.1140e+05 1.6767e+05 1.3077e+05 1.4000e+05 1.2798e+05 1.4270e+05
  25.5000 1.2963e+05 1.0536e+05 1.6150e+05 1.0680e+05 1.6040e+05 1.2530e+05 1.3405e+05 1.2262e+05 1.3665e+05
  25.7500 1.2420e+05 1.0105e+05 1.5454e+05 1.0242e+05 1.5349e+05 1.2010e+05 1.2838e+05 1.1751e+05 1.3090e+05
  26.0000 1.1904e+05 9.6943e+04 1.4792e+05 9.8246e+04 1.4693e+05 1.1515e+05 1.2300e+05 1.1265e+05 1.2542e+05
  26.2500 1.1412e+05 9.3028e+04 1.4163e+05 9.4268e+04 1.4068e+05 1.1043e+05 1.1787e+05 1.0802e+05 1.2021e+05
  26.5000 1.0943e+05 8.9295e+04 1.3565e+05 9.0474e+04 1.3475e+05 1.0593e+05 1.1299e+05 1.0361e+05 1.1525e+05
  26.7500 1.0496e+05 8.5732e+04 1.2996e+05 8.6855e+04 1.2910e+05 1.0164e+05 1.0834e+05 9.9404e+04 1.1052e+05
  27.0000 1.0070e+05 8.2333e+04 1.2454e+05 8.3402e+04 1.2372e+05 9.7552e+04 1.0391e+05 9.5395e+04 1.0602e+05
  27.2500 9.6648e+04 7.9090e+04 1.1938e+05 8.0109e+04 1.1860e+05 9.3653e+04 9.9689e+04 9.1573e+04 1.0172e+05
  27.5000 9.2780e+04 7.5996e+04 1.1447e+05 7.6966e+04 1.1372e+05 8.9935e+04 9.5668e+04 8.7929e+04 9.7632e+04
  27.7500 8.9092e+04 7.3041e+04 1.0980e+05 7.3966e+04 1.0908e+05 8.6387e+04 9.1834e+04 8.4453e+04 9.3730e+04
  28.0000 8.5573e+04 7.0220e+04 1.0534e+05 7.1102e+04 1.0466e+05 8.3002e+04 8.8178e+04 8.1136e+04 9.0010e+04
  28.2500 8.2215e+04 6.7525e+04 1.0109e+05 6.8366e+04 1.0044e+05 7.9770e+04 8.4691e+04 7.7969e+04 8.6460e+04
  28.5000 7.9009e+04 6.4950e+04 9.7045e+04 6.5752e+04 9.6423e+04 7.6683e+04 8.1363e+04 7.4946e+04 8.3072e+04
  28.7500 7.5948e+04 6.2488e+04 9.3183e+04 6.3254e+04 9.2588e+04 7.3735e+04 7.8186e+04 7.2058e+04 7.9837e+04
  29.0000 7.3024e+04 6.0134e+04 8.9499e+04 6.0865e+04 8.8930e+04 7.0917e+04 7.5153e+04 6.9299e+04 7.6748e+04
  29.2500 7.0230e+04 5.7883e+04 8.5983e+04 5.8581e+04 8.5439e+04 6.8224e+04 7.2256e+04 6.6662e+04 7.3797e+04
  29.5000 6.7559e+04 5.5729e+04 8.2626e+04 5.6396e+04 8.2106e+04 6.5649e+04 6.9488e+04 6.4142e+04 7.0977e+04
  29.7500 6.5006e+04 5.3668e+04 7.9420e+04 5.4305e+04 7.8923e+04 6.3186e+04 6.6842e+04 6.1731e+04 6.8281e+04
  30.0000 6.2564e+04 5.1695e+04 7.6358e+04 5.2303e+04 7.5882e+04 6.0830e+04 6.4312e+04 5.9425e+04 6.5704e+04
  30.2500 6.0228e+04 4.9805e+04 7.3432e+04 5.0387e+04 7.2976e+04 5.8575e+04 6.1894e+04 5.7218e+04 6.3238e+04
  30.5000 5.7993e+04 4.7995e+04 7.0635e+04 4.8552e+04 7.0199e+04 5.6417e+04 5.9580e+04 5.5106e+04 6.0880e+04
  30.7500 5.5853e+04 4.6261e+04 6.7962e+04 4.6794e+04 6.7543e+04 5.4350e+04 5.7366e+04 5.3084e+04 5.8622e+04
  31.0000 5.3804e+04 4.4600e+04 6.5404e+04 4.5109e+04 6.5003e+04 5.2370e+04 5.5247e+04 5.1147e+04 5.6462e+04
  31.2500 5.1842e+04 4.3007e+04 6.2958e+04 4.3494e+04 6.2574e+04 5.0474e+04 5.3218e+04 4.9292e+04 5.4393e+04
  31.5000 4.9963e+04 4.1479e+04 6.0617e+04 4.1946e+04 6.0249e+04 4.8657e+04 5.1275e+04 4.7514e+04 5.2411e+04
  31.7500 4.8162e+04 4.0014e+04 5.8377e+04 4.0461e+04 5.8023e+04 4.6915e+04 4.9414e+04 4.5811e+04 5.0512e+04
  32.0000 4.6435e+04 3.8609e+04 5.6231e+04 3.9036e+04 5.5892e+04 4.5244e+04 4.7631e+04 4.4178e+04 4.8693e+04
  32.2500 4.4780e+04 3.7260e+04 5.4177e+04 3.7670e+04 5.3852e+04 4.3642e+04 4.5922e+04 4.2611e+04 4.6949e+04
  32.5000 4.3193e+04 3.5965e+04 5.2209e+04 3.6358e+04 5.1897e+04 4.2106e+04 4.4283e+04 4.1109e+04 4.5277e+04
  32.7500 4.1671e+04 3.4722e+04 5.0324e+04 3.5099e+04 5.0024e+04 4.0631e+04 4.2712e+04 3.9668e+04 4.3673e+04
  33.0000 4.0210e+04 3.3529e+04 4.8516e+04 3.3890e+04 4.8229e+04 3.9216e+04 4.1205e+04 3.8285e+04 4.2135e+04
  33.2500 3.8808e+04 3.2383e+04 4.6784e+04 3.2729e+04 4.6508e+04 3.7858e+04 3.9760e+04 3.6957e+04 4.0660e+04
  33.5000 3.7463e+04 3.1282e+04 4.5124e+04 3.1614e+04 4.4858e+04 3.6554e+04 3.8373e+04 3.5683e+04 3.9244e+04
  33.7500 3.6172e+04 3.0224e+04 4.3532e+04 3.0543e+04 4.3276e+04 3.5302e+04 3.7043e+04 3.4460e+04 3.7885e+04
  34.0000 3.4933e+04 2.9208e+04 4.2004e+04 2.9514e+04 4.1759e+04 3.4100e+04 3.5765e+04 3.3285e+04 3.6580e+04
  34.2500 3.3742e+04 2.8232e+04 4.0539e+04 2.8525e+04 4.0303e+04 3.2945e+04 3.4539e+04 3.2156e+04 3.5328e+04
  34.5000 3.2599e+04 2.7293e+04 3.9133e+04 2.7575e+04 3.8906e+04 3.1836e+04 3.3361e+04 3.1072e+04 3.4125e+04
  34.7500 3.1500e+04 2.6390e+04 3.7783e+04 2.6661e+04 3.7565e+04 3.0769e+04 3.2230e+04 3.0030e+04 3.2970e+04
  35.0000 3.0444e+04 2.5522e+04 3.6487e+04 2.5782e+04 3.6277e+04 2.9744e+04 3.1143e+04 2.9029e+04 3.1859e+04
  35.2500 2.9429e+04 2.4686e+04 3.5242e+04 2.4936e+04 3.5040e+04 2.8758e+04 3.0099e+04 2.8066e+04 3.0792e+04
  35.5000 2.8453e+04 2.3883e+04 3.4047e+04 2.4123e+04 3.3852e+04 2.7810e+04 2.9095e+04 2.7140e+04 2.9766e+04
  35.7500 2.7515e+04 2.3109e+04 3.2898e+04 2.3340e+04 3.2711e+04 2.6898e+04 2.8129e+04 2.6249e+04 2.8780e+04
  36.0000 2.6612e+04 2.2365e+04 3.1794e+04 2.2587e+04 3.1614e+04 2.6020e+04 2.7201e+04 2.5392e+04 2.7832e+04
  36.2500 2.5743e+04 2.1648e+04 3.0733e+04 2.1861e+04 3.0559e+04 2.5176e+04 2.6308e+04 2.4567e+04 2.6919e+04
  36.5000 2.4907e+04 2.0957e+04 2.9713e+04 2.1163e+04 2.9545e+04 2.4363e+04 2.5449e+04 2.3773e+04 2.6041e+04
  36.7500 2.4103e+04 2.0292e+04 2.8731e+04 2.0490e+04 2.8570e+04 2.3581e+04 2.4622e+04 2.3009e+04 2.5196e+04
  37.0000 2.3328e+04 1.9652e+04 2.7787e+04 1.9842e+04 2.7632e+04 2.2827e+04 2.3827e+04 2.2273e+04 2.4383e+04
  37.2500 2.2582e+04 1.9035e+04 2.6879e+04 1.9218e+04 2.6730e+04 2.2101e+04 2.3061e+04 2.1564e+04 2.3600e+04
  37.5000 2.1864e+04 1.8440e+04 2.6006e+04 1.8616e+04 2.5861e+04 2.1402e+04 2.2323e+04 2.0882e+04 2.2846e+04
  37.7500 2.1172e+04 1.7866e+04 2.5164e+04 1.8036e+04 2.5025e+04 2.0728e+04 2.1613e+04 2.0224e+04 2.2120e+04
  38.0000 2.0505e+04 1.7313e+04 2.4355e+04 1.7477e+04 2.4220e+04 2.0079e+04 2.0929e+04 1.9590e+04 2.1420e+04
  38.2500 1.9862e+04 1.6780e+04 2.3575e+04 1.6938e+04 2.3445e+04 1.9453e+04 2.0269e+04 1.8979e+04 2.0746e+04
  38.5000 1.9243e+04 1.6266e+04 2.2824e+04 1.6418e+04 2.2699e+04 1.8850e+04 1.9634e+04 1.8390e+04 2.0096e+04
  38.7500 1.8646e+04 1.5770e+04 2.2101e+04 1.5916e+04 2.1980e+04 1.8268e+04 1.9022e+04 1.7822e+04 1.9470e+04
  39.0000 1.8070e+04 1.5291e+04 2.1404e+04 1.5432e+04 2.1287e+04 1.7707e+04 1.8431e+04 1.7274e+04 1.8866e+04
  39.2500 1.7515e+04 1.4829e+04 2.0732e+04 1.4965e+04 2.0620e+04 1.7166e+04 1.7862e+04 1.6746e+04 1.8284e+04
  39.5000 1.6980e+04 1.4383e+04 2.0085e+04 1.4515e+04 1.9976e+04 1.6643e+04 1.7313e+04 1.6236e+04 1.7722e+04
  39.7500 1.6463e+04 1.3953e+04 1.9461e+04 1.4080e+04 1.9356e+04 1.6139e+04 1.6784e+04 1.5745e+04 1.7181e+04
  40.0000 1.5964e+04 1.3537e+04 1.8859e+04 1.3660e+04 1.8758e+04 1.5653e+04 1.6273e+04 1.5270e+04 1.6658e+04
  40.2500 1.5483e+04 1.3136e+04 1.8279e+04 1.3254e+04 1.8181e+04 1.5184e+04 1.5780e+04 1.4812e+04 1.6154e+04
  40.5000 1.5018e+04 1.2748e+04 1.7719e+04 1.2862e+04 1.7624e+04 1.4730e+04 1.5304e+04 1.4370e+04 1.5668e+04
  40.7500 1.4570e+04 1.2374e+04 1.7179e+04 1.2484e+04 1.7088e+04 1.4293e+04 1.4845e+04 1.3942e+04 1.5198e+04
  41.0000 1.4137e+04 1.2012e+04 1.6658e+04 1.2118e+04 1.6570e+04 1.3870e+04 1.4402e+04 1.3530e+04 1.4744e+04
  41.2500 1.3719e+04 1.1663e+04 1.6156e+04 1.1765e+04 1.6070e+04 1.3462e+04 1.3974e+04 1.3132e+04 1.4307e+04
  41.5000 1.3316e+04 1.1325e+04 1.5671e+04 1.1424e+04 1.5588e+04 1.3068e+04 1.3561e+04 1.2747e+04 1.3884e+04
  41.7500 1.2926e+04 1.0999e+04 1.5203e+04 1.1094e+04 1.5123e+04 1.2687e+04 1.3162e+04 1.2375e+04 1.3476e+04
  42.0000 1.2549e+04 1.0683e+04 1.4751e+04 1.0776e+04 1.4674e+04 1.2319e+04 1.2777e+04 1.2016e+04 1.3081e+04
  42.2500 1.2185e+04 1.0378e+04 1.4315e+04 1.0467e+04 1.4240e+04 1.1963e+04 1.2405e+04 1.1669e+04 1.2700e+04
  42.5000 1.1833e+04 1.0083e+04 1.3893e+04 1.0169e+04 1.3821e+04 1.1619e+04 1.2045e+04 1.1334e+04 1.2332e+04
  42.7500 1.1493e+04 9.7976e+03 1.3486e+04 9.8813e+03 1.3416e+04 1.1287e+04 1.1697e+04 1.1009e+04 1.1977e+04
  43.0000 1.1164e+04 9.5217e+03 1.3093e+04 9.6025e+03 1.3025e+04 1.0965e+04 1.1361e+04 1.0696e+04 1.1633e+04
  43.2500 1.0846e+04 9.2546e+03 1.2713e+04 9.3329e+03 1.2647e+04 1.0654e+04 1.1036e+04 1.0392e+04 1.1300e+04
  43.5000 1.0539e+04 8.9963e+03 1.2346e+04 9.0720e+03 1.2282e+04 1.0354e+04 1.0722e+04 1.0099e+04 1.0979e+04
  43.7500 1.0241e+04 8.7462e+03 1.1991e+04 8.8195e+03 1.1929e+04 1.0063e+04 1.0418e+04 9.8148e+03 1.0668e+04
  44.0000 9.9536e+03 8.5042e+03 1.1648e+04 8.5752e+03 1.1588e+04 9.7812e+03 1.0124e+04 9.5401e+03 1.0367e+04
  44.2500 9.6753e+03 8.2699e+03 1.1316e+04 8.3386e+03 1.1258e+04 9.5088e+03 9.8398e+03 9.2744e+03 1.0076e+04
  44.5000 9.4059e+03 8.0431e+03 1.0995e+04 8.1096e+03 1.0939e+04 9.2452e+03 9.5647e+03 9.0171e+03 9.7946e+03
  44.7500 9.1451e+03 7.8234e+03 1.0685e+04 7.8879e+03 1.0630e+04 8.9900e+03 9.2985e+03 8.7681e+03 9.5222e+03
  45.0000 8.8927e+03 7.6106e+03 1.0384e+04 7.6731e+03 1.0331e+04 8.7429e+03 9.0409e+03 8.5270e+03 9.2585e+03
  45.2500 8.6484e+03 7.4045e+03 1.0094e+04 7.4651e+03 1.0042e+04 8.5036e+03 8.7914e+03 8.2935e+03 9.0032e+03
  45.5000 8.4118e+03 7.2049e+03 9.8128e+03 7.2635e+03 9.7627e+03 8.2719e+03 8.5499e+03 8.0674e+03 8.7561e+03
  45.7500 8.1826e+03 7.0114e+03 9.5407e+03 7.0683e+03 9.4921e+03 8.0474e+03 8.3161e+03 7.8484e+03 8.5168e+03
  46.0000 7.9606e+03 6.8239e+03 9.2773e+03 6.8791e+03 9.2301e+03 7.8300e+03 8.0896e+03 7.6363e+03 8.2850e+03
  46.2500 7.7456e+03 6.6422e+03 9.0223e+03 6.6957e+03 8.9765e+03 7.6194e+03 7.8703e+03 7.4307e+03 8.0605e+03
  46.5000 7.5373e+03 6.4661e+03 8.7753e+03 6.5180e+03 8.7309e+03 7.4152e+03 7.6578e+03 7.2316e+03 7.8430e+03
  46.7500 7.3354e+03 6.2954e+03 8.5362e+03 6.3457e+03 8.4931e+03 7.2174e+03 7.4520e+03 7.0386e+03 7.6323e+03
  47.0000 7.1398e+03 6.1298e+03 8.3046e+03 6.1786e+03 8.2627e+03 7.0256e+03 7.2525e+03 6.8515e+03 7.4281e+03
  47.2500 6.9502e+03 5.9693e+03 8.0802e+03 6.0166e+03 8.0395e+03 6.8398e+03 7.0591e+03 6.6701e+03 7.2302e+03
  47.5000 6.7663e+03 5.8136e+03 7.8628e+03 5.8595e+03 7.8233e+03 6.6595e+03 6.8718e+03 6.4943e+03 7.0384e+03
  47.7500 6.5881e+03 5.6625e+03 7.6521e+03 5.7071e+03 7.6137e+03 6.4848e+03 6.6901e+03 6.3238e+03 6.8524e+03
  48.0000 6.4153e+03 5.5160e+03 7.4480e+03 5.5593e+03 7.4107e+03 6.3153e+03 6.5140e+03 6.1584e+03 6.6721e+03
  48.2500 6.2477e+03 5.3738e+03 7.2501e+03 5.4159e+03 7.2138e+03 6.1509e+03 6.3432e+03 5.9980e+03 6.4973e+03
  48.5000 6.0851e+03 5.2359e+03 7.0583e+03 5.2767e+03 7.0230e+03 5.9914e+03 6.1776e+03 5.8425e+03 6.3278e+03
  48.7500 5.9274e+03 5.1020e+03 6.8723e+03 5.1417e+03 6.8380e+03 5.8367e+03 6.0169e+03 5.6916e+03 6.1633e+03
  49.0000 5.7744e+03 4.9721e+03 6.6920e+03 5.0106e+03 6.6586e+03 5.6866e+03 5.8611e+03 5.5451e+03 6.0037e+03
  49.2500 5.6260e+03 4.8460e+03 6.5171e+03 4.8834e+03 6.4847e+03 5.5409e+03 5.7099e+03 5.4030e+03 5.8489e+03
  49.5000 5.4819e+03 4.7235e+03 6.3475e+03 4.7599e+03 6.3159e+03 5.3995e+03 5.5632e+03 5.2651e+03 5.6987e+03
  49.7500 5.3421e+03 4.6046e+03 6.1829e+03 4.6400e+03 6.1522e+03 5.2623e+03 5.4209e+03 5.1312e+03 5.5530e+03
  50.0000 5.2064e+03 4.4892e+03 6.0233e+03 4.5235e+03 5.9934e+03 5.1291e+03 5.2827e+03 5.0013e+03 5.4115e+03
  50.2500 5.0747e+03 4.3771e+03 5.8684e+03 4.4105e+03 5.8394e+03 4.9997e+03 5.1487e+03 4.8751e+03 5.2742e+03
  50.5000 4.9469e+03 4.2682e+03 5.7182e+03 4.3007e+03 5.6899e+03 4.8742e+03 5.0185e+03 4.7527e+03 5.1409e+03
  50.7500 4.8227e+03 4.1625e+03 5.5724e+03 4.1941e+03 5.5449e+03 4.7523e+03 4.8922e+03 4.6338e+03 5.0116e+03
  51.0000 4.7022e+03 4.0598e+03 5.4309e+03 4.0905e+03 5.4041e+03 4.6339e+03 4.7696e+03 4.5183e+03 4.8860e+03
  51.2500 4.5852e+03 3.9600e+03 5.2936e+03 3.9899e+03 5.2675e+03 4.5189e+03 4.6505e+03 4.4061e+03 4.7641e+03
  51.5000 4.4715e+03 3.8631e+03 5.1603e+03 3.8921e+03 5.1349e+03 4.4073e+03 4.5348e+03 4.2972e+03 4.6457e+03
  51.7500 4.3611e+03 3.7689e+03 5.0308e+03 3.7972e+03 5.0061e+03 4.2988e+03 4.4225e+03 4.1914e+03 4.5307e+03
  52.0000 4.2538e+03 3.6773e+03 4.9052e+03 3.7048e+03 4.8811e+03 4.1934e+03 4.3134e+03 4.0885e+03 4.4190e+03
  52.2500 4.1496e+03 3.5883e+03 4.7831e+03 3.6151e+03 4.7596e+03 4.0910e+03 4.2074e+03 3.9886e+03 4.3105e+03
  52.5000 4.0484e+03 3.5019e+03 4.6646e+03 3.5279e+03 4.6417e+03 3.9915e+03 4.1044e+03 3.8915e+03 4.2051e+03
  52.7500 3.9499e+03 3.4178e+03 4.5495e+03 3.4432e+03 4.5272e+03 3.8947e+03 4.0044e+03 3.7972e+03 4.1026e+03
  53.0000 3.8543e+03 3.3360e+03 4.4377e+03 3.3608e+03 4.4159e+03 3.8007e+03 3.9071e+03 3.7054e+03 4.0031e+03
  53.2500 3.7613e+03 3.2565e+03 4.3290e+03 3.2806e+03 4.3078e+03 3.7093e+03 3.8126e+03 3.6162e+03 3.9063e+03
  53.5000 3.6709e+03 3.1792e+03 4.2234e+03 3.2027e+03 4.2027e+03 3.6205e+03 3.7207e+03 3.5295e+03 3.8122e+03
  53.7500 3.5831e+03 3.1040e+03 4.1208e+03 3.1269e+03 4.1006e+03 3.5341e+03 3.6314e+03 3.4452e+03 3.7208e+03
  54.0000 3.4976e+03 3.0308e+03 4.0211e+03 3.0531e+03 4.0014e+03 3.4500e+03 3.5445e+03 3.3632e+03 3.6319e+03
  54.2500 3.4145e+03 2.9597e+03 3.9242e+03 2.9814e+03 3.9049e+03 3.3683e+03 3.4601e+03 3.2835e+03 3.5454e+03
  54.5000 3.3337e+03 2.8904e+03 3.8299e+03 2.9116e+03 3.8112e+03 3.2888e+03 3.3779e+03 3.2059e+03 3.4614e+03
  54.7500 3.2551e+03 2.8231e+03 3.7383e+03 2.8437e+03 3.7200e+03 3.2115e+03 3.2981e+03 3.1305e+03 3.3796e+03
  55.0000 3.1786e+03 2.7575e+03 3.6492e+03 2.7777e+03 3.6313e+03 3.1362e+03 3.2204e+03 3.0571e+03 3.3001e+03
  55.2500 3.1042e+03 2.6937e+03 3.5625e+03 2.7133e+03 3.5451e+03 3.0630e+03 3.1448e+03 2.9856e+03 3.2227e+03
  55.5000 3.0318e+03 2.6316e+03 3.4783e+03 2.6508e+03 3.4612e+03 2.9918e+03 3.0712e+03 2.9161e+03 3.1474e+03
  55.7500 2.9613e+03 2.5711e+03 3.3963e+03 2.5898e+03 3.3797e+03 2.9225e+03 2.9997e+03 2.8485e+03 3.0741e+03
  56.0000 2.8928e+03 2.5122e+03 3.3166e+03 2.5305e+03 3.3003e+03 2.8550e+03 2.9300e+03 2.7826e+03 3.0028e+03
  56.2500 2.8260e+03 2.4549e+03 3.2390e+03 2.4728e+03 3.2231e+03 2.7893e+03 2.8622e+03 2.7185e+03 2.9335e+03
  56.5000 2.7611e+03 2.3991e+03 3.1635e+03 2.4165e+03 3.1480e+03 2.7253e+03 2.7963e+03 2.6561e+03 2.8659e+03
  56.7500 2.6978e+03 2.3448e+03 3.0900e+03 2.3618e+03 3.0749e+03 2.6631e+03 2.7321e+03 2.5954e+03 2.8002e+03
  57.0000 2.6362e+03 2.2919e+03 3.0185e+03 2.3084e+03 3.0037e+03 2.6025e+03 2.6695e+03 2.5362e+03 2.7362e+03
  57.2500 2.5763e+03 2.2403e+03 2.9489e+03 2.2565e+03 2.9344e+03 2.5434e+03 2.6087e+03 2.4786e+03 2.6739e+03
  57.5000 2.5179e+03 2.1901e+03 2.8812e+03 2.2059e+03 2.8670e+03 2.4859e+03 2.5494e+03 2.4225e+03 2.6132e+03
  57.7500 2.4610e+03 2.1411e+03 2.8152e+03 2.1566e+03 2.8014e+03 2.4299e+03 2.4917e+03 2.3679e+03 2.5541e+03
  58.0000 2.4056e+03 2.0935e+03 2.7510e+03 2.1085e+03 2.7375e+03 2.3754e+03 2.4354e+03 2.3147e+03 2.4965e+03
  58.2500 2.3517e+03 2.0470e+03 2.6885e+03 2.0617e+03 2.6753e+03 2.3222e+03 2.3807e+03 2.2628e+03 2.4405e+03
  58.5000 2.2991e+03 2.0017e+03 2.6276e+03 2.0161e+03 2.6147e+03 2.2705e+03 2.3273e+03 2.2123e+03 2.3858e+03
  58.7500 2.2479e+03 1.9576e+03 2.5683e+03 1.9717e+03 2.5557e+03 2.2200e+03 2.2753e+03 2.1631e+03 2.3326e+03
  59.0000 2.1980e+03 1.9146e+03 2.5105e+03 1.9284e+03 2.4982e+03 2.1708e+03 2.2247e+03 2.1151e+03 2.2808e+03
  59.2500 2.1493e+03 1.8727e+03 2.4543e+03 1.8861e+03 2.4422e+03 2.1229e+03 2.1754e+03 2.0684e+03 2.2303e+03
  59.5000 2.1019e+03 1.8318e+03 2.3994e+03 1.8450e+03 2.3876e+03 2.0762e+03 2.1273e+03 2.0228e+03 2.1811e+03
  59.7500 2.0558e+03 1.7920e+03 2.3460e+03 1.8048e+03 2.3344e+03 2.0307e+03 2.0804e+03 1.9784e+03 2.1331e+03
  60.0000 2.0107e+03 1.7531e+03 2.2940e+03 1.7657e+03 2.2827e+03 1.9863e+03 2.0348e+03 1.9351e+03 2.0863e+03
  60.2500 1.9668e+03 1.7153e+03 2.2433e+03 1.7275e+03 2.2322e+03 1.9431e+03 1.9902e+03 1.8929e+03 2.0407e+03
  60.5000 1.9240e+03 1.6783e+03 2.1938e+03 1.6903e+03 2.1830e+03 1.9009e+03 1.9468e+03 1.8518e+03 1.9963e+03
  60.7500 1.8823e+03 1.6423e+03 2.1457e+03 1.6540e+03 2.1350e+03 1.8598e+03 1.9045e+03 1.8117e+03 1.9529e+03
  61.0000 1.8416e+03 1.6072e+03 2.0987e+03 1.6186e+03 2.0883e+03 1.8197e+03 1.8633e+03 1.7726e+03 1.9107e+03
  61.2500 1.8020e+03 1.5729e+03 2.0529e+03 1.5841e+03 2.0427e+03 1.7806e+03 1.8230e+03 1.7344e+03 1.8695e+03
  61.5000 1.7632e+03 1.5394e+03 2.0083e+03 1.5504e+03 1.9983e+03 1.7424e+03 1.7838e+03 1.6972e+03 1.8293e+03
  61.7500 1.7255e+03 1.5068e+03 1.9648e+03 1.5176e+03 1.9550e+03 1.7052e+03 1.7455e+03 1.6609e+03 1.7901e+03
  62.0000 1.6887e+03 1.4750e+03 1.9224e+03 1.4855e+03 1.9128e+03 1.6689e+03 1.7082e+03 1.6255e+03 1.7519e+03
  62.2500 1.6528e+03 1.4440e+03 1.8810e+03 1.4542e+03 1.8716e+03 1.6335e+03 1.6718e+03 1.5910e+03 1.7146e+03
  62.5000 1.6178e+03 1.4137e+03 1.8406e+03 1.4237e+03 1.8315e+03 1.5990e+03 1.6363e+03 1.5573e+03 1.6783e+03
  62.7500 1.5836e+03 1.3841e+03 1.8013e+03 1.3940e+03 1.7923e+03 1.5653e+03 1.6017e+03 1.5245e+03 1.6428e+03
  63.0000 1.5503e+03 1.3553e+03 1.7629e+03 1.3649e+03 1.7541e+03 1.5324e+03 1.5679e+03 1.4924e+03 1.6082e+03
  63.2500 1.5178e+03 1.3271e+03 1.7255e+03 1.3366e+03 1.7169e+03 1.5004e+03 1.5350e+03 1.4611e+03 1.5745e+03
  63.5000 1.4861e+03 1.2996e+03 1.6890e+03 1.3089e+03 1.6806e+03 1.4691e+03 1.5028e+03 1.4306e+03 1.5415e+03
  63.7500 1.4551e+03 1.2728e+03 1.6534e+03 1.2819e+03 1.6451e+03 1.4385e+03 1.4714e+03 1.4008e+03 1.5094e+03
  64.0000 1.4249e+03 1.2466e+03 1.6186e+03 1.2555e+03 1.6105e+03 1.4087e+03 1.4408e+03 1.3717e+03 1.4780e+03
  64.2500 1.3954e+03 1.2211e+03 1.5847e+03 1.2298e+03 1.5768e+03 1.3796e+03 1.4109e+03 1.3433e+03 1.4474e+03
  64.5000 1.3666e+03 1.1961e+03 1.5516e+03 1.2046e+03 1.5438e+03 1.3512e+03 1.3818e+03 1.3156e+03 1.4175e+03
  64.7500 1.3385e+03 1.1717e+03 1.5194e+03 1.1801e+03 1.5117e+03 1.3235e+03 1.3533e+03 1.2886e+03 1.3884e+03
  65.0000 1.3110e+03 1.1480e+03 1.4878e+03 1.1561e+03 1.4803e+03 1.2964e+03 1.3255e+03 1.2622e+03 1.3599e+03
  65.2500 1.2842e+03 1.1247e+03 1.4571e+03 1.1327e+03 1.4497e+03 1.2700e+03 1.2983e+03 1.2364e+03 1.3321e+03
  65.5000 1.2581e+03 1.1020e+03 1.4270e+03 1.1099e+03 1.4198e+03 1.2441e+03 1.2718e+03 1.2112e+03 1.3050e+03
  65.7500 1.2325e+03 1.0798e+03 1.3977e+03 1.0875e+03 1.3907e+03 1.2189e+03 1.2460e+03 1.1866e+03 1.2785e+03
  66.0000 1.2076e+03 1.0582e+03 1.3691e+03 1.0657e+03 1.3622e+03 1.1943e+03 1.2207e+03 1.1626e+03 1.2526e+03
  66.2500 1.1832e+03 1.0370e+03 1.3412e+03 1.0444e+03 1.3343e+03 1.1702e+03 1.1960e+03 1.1391e+03 1.2273e+03
  66.5000 1.1594e+03 1.0163e+03 1.3139e+03 1.0236e+03 1.3072e+03 1.1467e+03 1.1719e+03 1.1162e+03 1.2026e+03
  66.7500 1.1362e+03 9.9614e+02 1.2872e+03 1.0033e+03 1.2807e+03 1.1238e+03 1.1483e+03 1.0938e+03 1.1785e+03
  67.0000 1.1134e+03 9.7640e+02 1.2612e+03 9.8338e+02 1.2548e+03 1.1014e+03 1.1253e+03 1.0720e+03 1.1549e+03
  67.2500 1.0912e+03 9.5711e+02 1.2358e+03 9.6396e+02 1.2295e+03 1.0795e+03 1.1029e+03 1.0506e+03 1.1319e+03
  67.5000 1.0696e+03 9.3826e+02 1.2110e+03 9.4498e+02 1.2048e+03 1.0580e+03 1.0809e+03 1.0297e+03 1.1094e+03
  67.7500 1.0484e+03 9.1983e+02 1.1867e+03 9.2643e+02 1.1806e+03 1.0371e+03 1.0595e+03 1.0093e+03 1.0875e+03
  68.0000 1.0277e+03 9.0182e+02 1.1630e+03 9.0829e+02 1.1570e+03 1.0167e+03 1.0385e+03 9.8938e+02 1.0660e+03
  68.2500 1.0074e+03 8.8422e+02 1.1399e+03 8.9057e+02 1.1340e+03 9.9671e+02 1.0180e+03 9.6989e+02 1.0450e+03
  68.5000 9.8766e+02 8.6701e+02 1.1173e+03 8.7324e+02 1.1115e+03 9.7718e+02 9.9799e+02 9.5084e+02 1.0245e+03
  68.7500 9.6833e+02 8.5019e+02 1.0952e+03 8.5630e+02 1.0895e+03 9.5809e+02 9.7843e+02 9.3223e+02 1.0045e+03
  69.0000 9.4943e+02 8.3374e+02 1.0736e+03 8.3974e+02 1.0680e+03 9.3943e+02 9.5930e+02 9.1403e+02 9.8487e+02
  69.2500 9.3096e+02 8.1765e+02 1.0525e+03 8.2355e+02 1.0470e+03 9.2119e+02 9.4061e+02 8.9623e+02 9.6572e+02
  69.5000 9.1290e+02 8.0192e+02 1.0318e+03 8.0771e+02 1.0265e+03 9.0335e+02 9.2233e+02 8.7884e+02 9.4700e+02
  69.7500 8.9525e+02 7.8654e+02 1.0117e+03 7.9223e+02 1.0064e+03 8.8591e+02 9.0446e+02 8.6183e+02 9.2869e+02
  70.0000 8.7799e+02 7.7150e+02 9.9196e+02 7.7708e+02 9.8676e+02 8.6886e+02 8.8700e+02 8.4520e+02 9.1080e+02
  70.2500 8.6111e+02 7.5679e+02 9.7270e+02 7.6227e+02 9.6759e+02 8.5218e+02 8.6991e+02 8.2894e+02 8.9330e+02
  70.5000 8.4460e+02 7.4239e+02 9.5386e+02 7.4778e+02 9.4884e+02 8.3588e+02 8.5321e+02 8.1304e+02 8.7619e+02
  70.7500 8.2846e+02 7.2832e+02 9.3545e+02 7.3361e+02 9.3051e+02 8.1993e+02 8.3688e+02 7.9748e+02 8.5946e+02
  71.0000 8.1267e+02 7.1455e+02 9.1745e+02 7.1975e+02 9.1259e+02 8.0433e+02 8.2090e+02 7.8227e+02 8.4309e+02
  71.2500 7.9723e+02 7.0107e+02 8.9984e+02 7.0618e+02 8.9507e+02 7.8907e+02 8.0528e+02 7.6739e+02 8.2708e+02
  71.5000 7.8212e+02 6.8789e+02 8.8263e+02 6.9291e+02 8.7794e+02 7.7414e+02 7.9000e+02 7.5284e+02 8.1143e+02
  71.7500 7.6735e+02 6.7499e+02 8.6579e+02 6.7993e+02 8.6118e+02 7.5954e+02 7.7505e+02 7.3860e+02 7.9611e+02
  72.0000 7.5289e+02 6.6237e+02 8.4933e+02 6.6722e+02 8.4479e+02 7.4525e+02 7.6043e+02 7.2467e+02 7.8113e+02
  72.2500 7.3875e+02 6.5002e+02 8.3322e+02 6.5479e+02 8.2876e+02 7.3127e+02 7.4612e+02 7.1104e+02 7.6647e+02
  72.5000 7.2491e+02 6.3793e+02 8.1747e+02 6.4262e+02 8.1308e+02 7.1760e+02 7.3212e+02 6.9770e+02 7.5213e+02
  72.7500 7.1137e+02 6.2610e+02 8.0206e+02 6.3072e+02 7.9774e+02 7.0421e+02 7.1843e+02 6.8465e+02 7.3810e+02
  73.0000 6.9812e+02 6.1453e+02 7.8698e+02 6.1906e+02 7.8274e+02 6.9112e+02 7.0503e+02 6.7188e+02 7.2437e+02
  73.2500 6.8515e+02 6.0319e+02 7.7224e+02 6.0765e+02 7.6806e+02 6.7830e+02 6.9192e+02 6.5938e+02 7.1093e+02
  73.5000 6.7246e+02 5.9210e+02 7.5781e+02 5.9648e+02 7.5370e+02 6.6575e+02 6.7908e+02 6.4715e+02 6.9778e+02
  73.7500 6.6004e+02 5.8124e+02 7.4369e+02 5.8555e+02 7.3964e+02 6.5348e+02 6.6652e+02 6.3518e+02 6.8491e+02
  74.0000 6.4788e+02 5.7061e+02 7.2987e+02 5.7485e+02 7.2589e+02 6.4146e+02 6.5423e+02 6.2346e+02 6.7232e+02
  74.2500 6.3598e+02 5.6020e+02 7.1635e+02 5.6437e+02 7.1243e+02 6.2969e+02 6.4220e+02 6.1199e+02 6.5999e+02
  74.5000 6.2434e+02 5.5000e+02 7.0312e+02 5.5411e+02 6.9926e+02 6.1817e+02 6.3042e+02 6.0076e+02 6.4792e+02
  74.7500 6.1293e+02 5.4002e+02 6.9017e+02 5.4406e+02 6.8638e+02 6.0690e+02 6.1889e+02 5.8977e+02 6.3610e+02
  75.0000 6.0177e+02 5.3025e+02 6.7750e+02 5.3423e+02 6.7376e+02 5.9586e+02 6.0761e+02 5.7900e+02 6.2453e+02
  75.2500 5.9083e+02 5.2068e+02 6.6510e+02 5.2459e+02 6.6141e+02 5.8504e+02 5.9655e+02 5.6847e+02 6.1321e+02
  75.5000 5.8013e+02 5.1130e+02 6.5295e+02 5.1515e+02 6.4933e+02 5.7446e+02 5.8573e+02 5.5815e+02 6.0212e+02
  75.7500 5.6965e+02 5.0212e+02 6.4106e+02 5.0592e+02 6.3749e+02 5.6409e+02 5.7514e+02 5.4804e+02 5.9126e+02
  76.0000 5.5939e+02 4.9313e+02 6.2942e+02 4.9686e+02 6.2591e+02 5.5394e+02 5.6476e+02 5.3815e+02 5.8063e+02
  76.2500 5.4934e+02 4.8432e+02 6.1802e+02 4.8800e+02 6.1456e+02 5.4400e+02 5.5461e+02 5.2846e+02 5.7021e+02
  76.5000 5.3949e+02 4.7570e+02 6.0686e+02 4.7932e+02 6.0345e+02 5.3427e+02 5.4465e+02 5.1897e+02 5.6001e+02
  76.7500 5.2985e+02 4.6725e+02 5.9593e+02 4.7081e+02 5.9257e+02 5.2473e+02 5.3491e+02 5.0967e+02 5.5003e+02
  77.0000 5.2040e+02 4.5897e+02 5.8523e+02 4.6248e+02 5.8192e+02 5.1539e+02 5.2537e+02 5.0057e+02 5.4024e+02
  77.2500 5.1115e+02 4.5086e+02 5.7474e+02 4.5432e+02 5.7148e+02 5.0624e+02 5.1601e+02 4.9165e+02 5.3066e+02
  77.5000 5.0209e+02 4.4292e+02 5.6448e+02 4.4632e+02 5.6126e+02 4.9727e+02 5.0686e+02 4.8292e+02 5.2127e+02
  77.7500 4.9321e+02 4.3514e+02 5.5442e+02 4.3849e+02 5.5125e+02 4.8849e+02 4.9788e+02 4.7436e+02 5.1207e+02
  78.0000 4.8452e+02 4.2751e+02 5.4456e+02 4.3081e+02 5.4145e+02 4.7989e+02 4.8909e+02 4.6597e+02 5.0306e+02
  78.2500 4.7600e+02 4.2004e+02 5.3491e+02 4.2329e+02 5.3184e+02 4.7146e+02 4.8048e+02 4.5776e+02 4.9423e+02
  78.5000 4.6765e+02 4.1271e+02 5.2546e+02 4.1592e+02 5.2243e+02 4.6320e+02 4.7204e+02 4.4971e+02 4.8558e+02
  78.7500 4.5946e+02 4.0554e+02 5.1619e+02 4.0869e+02 5.1321e+02 4.5511e+02 4.6378e+02 4.4182e+02 4.7710e+02
  79.0000 4.5145e+02 3.9850e+02 5.0711e+02 4.0161e+02 5.0417e+02 4.4718e+02 4.5567e+02 4.3409e+02 4.6880e+02
  79.2500 4.4359e+02 3.9161e+02 4.9822e+02 3.9467e+02 4.9532e+02 4.3940e+02 4.4773e+02 4.2652e+02 4.6066e+02
  79.5000 4.3589e+02 3.8485e+02 4.8950e+02 3.8787e+02 4.8665e+02 4.3178e+02 4.3995e+02 4.1910e+02 4.5268e+02
  79.7500 4.2834e+02 3.7823e+02 4.8096e+02 3.8120e+02 4.7814e+02 4.2432e+02 4.3233e+02 4.1182e+02 4.4486e+02
  80.0000 4.2095e+02 3.7174e+02 4.7259e+02 3.7467e+02 4.6981e+02 4.1700e+02 4.2485e+02 4.0469e+02 4.3719e+02
  80.2500 4.1370e+02 3.6537e+02 4.6439e+02 3.6826e+02 4.6165e+02 4.0982e+02 4.1752e+02 3.9770e+02 4.2968e+02
  80.5000 4.0659e+02 3.5913e+02 4.5635e+02 3.6198e+02 4.5365e+02 4.0279e+02 4.1034e+02 3.9085e+02 4.2232e+02
  80.7500 3.9962e+02 3.5302e+02 4.4847e+02 3.5582e+02 4.4581e+02 3.9590e+02 4.0330e+02 3.8414e+02 4.1510e+02
  81.0000 3.9279e+02 3.4702e+02 4.4075e+02 3.4978e+02 4.3812e+02 3.8914e+02 3.9640e+02 3.7755e+02 4.0802e+02
  81.2500 3.8609e+02 3.4114e+02 4.3317e+02 3.4386e+02 4.3058e+02 3.8251e+02 3.8964e+02 3.7110e+02 4.0108e+02
  81.5000 3.7953e+02 3.3537e+02 4.2575e+02 3.3806e+02 4.2320e+02 3.7602e+02 3.8300e+02 3.6477e+02 3.9428e+02
  81.7500 3.7309e+02 3.2971e+02 4.1847e+02 3.3236e+02 4.1595e+02 3.6965e+02 3.7650e+02 3.5857e+02 3.8761e+02
  82.0000 3.6678e+02 3.2417e+02 4.1134e+02 3.2678e+02 4.0885e+02 3.6340e+02 3.7012e+02 3.5248e+02 3.8106e+02
  82.2500 3.6059e+02 3.1873e+02 4.0434e+02 3.2130e+02 4.0189e+02 3.5727e+02 3.6387e+02 3.4652e+02 3.7465e+02
  82.5000 3.5452e+02 3.1339e+02 3.9749e+02 3.1593e+02 3.9507e+02 3.5127e+02 3.5774e+02 3.4067e+02 3.6836e+02
  82.7500 3.4856e+02 3.0816e+02 3.9076e+02 3.1067e+02 3.8838e+02 3.4538e+02 3.5172e+02 3.3493e+02 3.6219e+02
  83.0000 3.4273e+02 3.0303e+02 3.8417e+02 3.0550e+02 3.8181e+02 3.3960e+02 3.4582e+02 3.2930e+02 3.5614e+02
  83.2500 3.3700e+02 2.9799e+02 3.7770e+02 3.0043e+02 3.7538e+02 3.3393e+02 3.4004e+02 3.2378e+02 3.5021e+02
  83.5000 3.3138e+02 2.9306e+02 3.7136e+02 2.9546e+02 3.6906e+02 3.2837e+02 3.3436e+02 3.1837e+02 3.4439e+02
  83.7500 3.2587e+02 2.8821e+02 3.6514e+02 2.9058e+02 3.6288e+02 3.2292e+02 3.2880e+02 3.1306e+02 3.3868e+02
  84.0000 3.2047e+02 2.8346e+02 3.5904e+02 2.8580e+02 3.5680e+02 3.1757e+02 3.2334e+02 3.0785e+02 3.3308e+02
  84.2500 3.1517e+02 2.7879e+02 3.5305e+02 2.8110e+02 3.5085e+02 3.1232e+02 3.1798e+02 3.0274e+02 3.2758e+02
  84.5000 3.0996e+02 2.7422e+02 3.4718e+02 2.7650e+02 3.4501e+02 3.0717e+02 3.1273e+02 2.9773e+02 3.2219e+02
  84.7500 3.0486e+02 2.6973e+02 3.4143e+02 2.7198e+02 3.3928e+02 3.0212e+02 3.0757e+02 2.9281e+02 3.1690e+02
  85.0000 2.9986e+02 2.6532e+02 3.3578e+02 2.6754e+02 3.3366e+02 2.9717e+02 3.0252e+02 2.8799e+02 3.1171e+02
  85.2500 2.9494e+02 2.6100e+02 3.3024e+02 2.6319e+02 3.2814e+02 2.9230e+02 2.9756e+02 2.8325e+02 3.0662e+02
  85.5000 2.9012e+02 2.5676e+02 3.2480e+02 2.5892e+02 3.2274e+02 2.8753e+02 2.9269e+02 2.7861e+02 3.0163e+02
  85.7500 2.8539e+02 2.5260e+02 3.1947e+02 2.5472e+02 3.1743e+02 2.8285e+02 2.8791e+02 2.7405e+02 2.9673e+02
  86.0000 2.8075e+02 2.4851e+02 3.1424e+02 2.5061e+02 3.1222e+02 2.7825e+02 2.8323e+02 2.6958e+02 2.9192e+02
  86.2500 2.7620e+02 2.4450e+02 3.0910e+02 2.4657e+02 3.0711e+02 2.7375e+02 2.7862e+02 2.6519e+02 2.8719e+02
  86.5000 2.7173e+02 2.4056e+02 3.0406e+02 2.4261e+02 3.0210e+02 2.6932e+02 2.7411e+02 2.6088e+02 2.8256e+02
  86.7500 2.6734e+02 2.3670e+02 2.9912e+02 2.3872e+02 2.9718e+02 2.6498e+02 2.6968e+02 2.5666e+02 2.7801e+02
  87.0000 2.6303e+02 2.3291e+02 2.9427e+02 2.3490e+02 2.9236e+02 2.6071e+02 2.6533e+02 2.5251e+02 2.7355e+02
  87.2500 2.5881e+02 2.2919e+02 2.8951e+02 2.3116e+02 2.8762e+02 2.5653e+02 2.6106e+02 2.4844e+02 2.6917e+02
  87.5000 2.5466e+02 2.2553e+02 2.8484e+02 2.2747e+02 2.8297e+02 2.5242e+02 2.5687e+02 2.4444e+02 2.6487e+02
  87.7500 2.5059e+02 2.2194e+02 2.8025e+02 2.2386e+02 2.7840e+02 2.4839e+02 2.5276e+02 2.4052e+02 2.6065e+02
  88.0000 2.4659e+02 2.1842e+02 2.7575e+02 2.2031e+02 2.7393e+02 2.4443e+02 2.4873e+02 2.3666e+02 2.5650e+02
  88.2500 2.4266e+02 2.1496e+02 2.7133e+02 2.1683e+02 2.6953e+02 2.4054e+02 2.4476e+02 2.3288e+02 2.5244e+02
  88.5000 2.3881e+02 2.1157e+02 2.6699e+02 2.1341e+02 2.6522e+02 2.3673e+02 2.4087e+02 2.2917e+02 2.4844e+02
  88.7500 2.3503e+02 2.0823e+02 2.6274e+02 2.1006e+02 2.6098e+02 2.3298e+02 2.3705e+02 2.2553e+02 2.4452e+02
  89.0000 2.3131e+02 2.0496e+02 2.5856e+02 2.0676e+02 2.5682e+02 2.2931e+02 2.3330e+02 2.2195e+02 2.4067e+02
  89.2500 2.2767e+02 2.0174e+02 2.5446e+02 2.0352e+02 2.5274e+02 2.2569e+02 2.2962e+02 2.1844e+02 2.3689e+02
  89.5000 2.2409e+02 1.9858e+02 2.5043e+02 2.0034e+02 2.4873e+02 2.2215e+02 2.2601e+02 2.1499e+02 2.3318e+02
  89.7500 2.2057e+02 1.9548e+02 2.4647e+02 1.9722e+02 2.4480e+02 2.1867e+02 2.2246e+02 2.1160e+02 2.2953e+02
  90.0000 2.1712e+02 1.9244e+02 2.4259e+02 1.9415e+02 2.4094e+02 2.1525e+02 2.1897e+02 2.0828e+02 2.2596e+02
  90.2500 2.1373e+02 1.8945e+02 2.3878e+02 1.9114e+02 2.3715e+02 2.1189e+02 2.1555e+02 2.0501e+02 2.2244e+02
  90.5000 2.1040e+02 1.8651e+02 2.3504e+02 1.8818e+02 2.3342e+02 2.0859e+02 2.1219e+02 2.0180e+02 2.1899e+02
  90.7500 2.0713e+02 1.8362e+02 2.3136e+02 1.8528e+02 2.2976e+02 2.0535e+02 2.0889e+02 1.9865e+02 2.1560e+02
  91.0000 2.0391e+02 1.8079e+02 2.2775e+02 1.8242e+02 2.2617e+02 2.0217e+02 2.0564e+02 1.9556e+02 2.1227e+02
  91.2500 2.0076e+02 1.7801e+02 2.2421e+02 1.7962e+02 2.2265e+02 1.9904e+02 2.0246e+02 1.9252e+02 2.0900e+02
  91.5000 1.9766e+02 1.7527e+02 2.2073e+02 1.7686e+02 2.1919e+02 1.9598e+02 1.9933e+02 1.8954e+02 2.0578e+02
  91.7500 1.9462e+02 1.7258e+02 2.1731e+02 1.7416e+02 2.1578e+02 1.9296e+02 1.9626e+02 1.8660e+02 2.0263e+02
  92.0000 1.9163e+02 1.6994e+02 2.1395e+02 1.7150e+02 2.1244e+02 1.9000e+02 1.9324e+02 1.8373e+02 1.9953e+02
  92.2500 1.8869e+02 1.6735e+02 2.1065e+02 1.6889e+02 2.0916e+02 1.8709e+02 1.9028e+02 1.8090e+02 1.9648e+02
  92.5000 1.8580e+02 1.6480e+02 2.0742e+02 1.6632e+02 2.0594e+02 1.8423e+02 1.8737e+02 1.7812e+02 1.9349e+02
  92.7500 1.8297e+02 1.6230e+02 2.0423e+02 1.6380e+02 2.0278e+02 1.8142e+02 1.8450e+02 1.7539e+02 1.9055e+02
  93.0000 1.8019e+02 1.5984e+02 2.0111e+02 1.6132e+02 1.9967e+02 1.7866e+02 1.8169e+02 1.7271e+02 1.8766e+02
  93.2500 1.7745e+02 1.5742e+02 1.9804e+02 1.5889e+02 1.9661e+02 1.7595e+02 1.7893e+02 1.7007e+02 1.8482e+02
  93.5000 1.7476e+02 1.5504e+02 1.9502e+02 1.5650e+02 1.9361e+02 1.7329e+02 1.7622e+02 1.6748e+02 1.8204e+02
  93.7500 1.7212e+02 1.5271e+02 1.9206e+02 1.5414e+02 1.9066e+02 1.7067e+02 1.7355e+02 1.6494e+02 1.7929e+02
  94.0000 1.6952e+02 1.5041e+02 1.8914e+02 1.5183e+02 1.8776e+02 1.6810e+02 1.7093e+02 1.6244e+02 1.7660e+02
  94.2500 1.6697e+02 1.4816e+02 1.8628e+02 1.4956e+02 1.8492e+02 1.6557e+02 1.6835e+02 1.5998e+02 1.7395e+02
  94.5000 1.6446e+02 1.4594e+02 1.8347e+02 1.4733e+02 1.8212e+02 1.6308e+02 1.6582e+02 1.5756e+02 1.7135e+02
  94.7500 1.6199e+02 1.4376e+02 1.8070e+02 1.4513e+02 1.7937e+02 1.6064e+02 1.6333e+02 1.5519e+02 1.6879e+02
  95.0000 1.5957e+02 1.4162e+02 1.7798e+02 1.4297e+02 1.7666e+02 1.5824e+02 1.6089e+02 1.5286e+02 1.6628e+02
  95.2500 1.5718e+02 1.3951e+02 1.7531e+02 1.4085e+02 1.7401e+02 1.5588e+02 1.5848e+02 1.5056e+02 1.6381e+02
  95.5000 1.5484e+02 1.3744e+02 1.7269e+02 1.3876e+02 1.7140e+02 1.5356e+02 1.5612e+02 1.4831e+02 1.6138e+02
  95.7500 1.5254e+02 1.3540e+02 1.7011e+02 1.3672e+02 1.6883e+02 1.5127e+02 1.5380e+02 1.4609e+02 1.5899e+02
  96.0000 1.5028e+02 1.3340e+02 1.6757e+02 1.3470e+02 1.6631e+02 1.4903e+02 1.5151e+02 1.4391e+02 1.5664e+02
  96.2500 1.4805e+02 1.3144e+02 1.6508e+02 1.3272e+02 1.6383e+02 1.4683e+02 1.4927e+02 1.4177e+02 1.5434e+02
  96.5000 1.4586e+02 1.2950e+02 1.6263e+02 1.3077e+02 1.6139e+02 1.4466e+02 1.4706e+02 1.3967e+02 1.5206e+02
  96.7500 1.4371e+02 1.2760e+02 1.6022e+02 1.2885e+02 1.5899e+02 1.4253e+02 1.4489e+02 1.3760e+02 1.4983e+02
  97.0000 1.4160e+02 1.2573e+02 1.5785e+02 1.2697e+02 1.5664e+02 1.4043e+02 1.4276e+02 1.3556e+02 1.4764e+02
  97.2500 1.3952e+02 1.2389e+02 1.5552e+02 1.2511e+02 1.5432e+02 1.3837e+02 1.4066e+02 1.3356e+02 1.4548e+02
  97.5000 1.3748e+02 1.2208e+02 1.5323e+02 1.2329e+02 1.5204e+02 1.3635e+02 1.3860e+02 1.3159e+02 1.4336e+02
  97.7500 1.3547e+02 1.2030e+02 1.5098e+02 1.2150e+02 1.4981e+02 1.3435e+02 1.3657e+02 1.2966e+02 1.4128e+02
  98.0000 1.3349e+02 1.1855e+02 1.4876e+02 1.1974e+02 1.4760e+02 1.3240e+02 1.3458e+02 1.2776e+02 1.3922e+02
  98.2500 1.3155e+02 1.1683e+02 1.4659e+02 1.1801e+02 1.4544e+02 1.3047e+02 1.3262e+02 1.2589e+02 1.3721e+02
  98.5000 1.2963e+02 1.1514e+02 1.4445e+02 1.1630e+02 1.4331e+02 1.2858e+02 1.3069e+02 1.2405e+02 1.3522e+02
  98.7500 1.2775e+02 1.1348e+02 1.4234e+02 1.1462e+02 1.4122e+02 1.2671e+02 1.2879e+02 1.2224e+02 1.3327e+02
  99.0000 1.2591e+02 1.1184e+02 1.4027e+02 1.1298e+02 1.3916e+02 1.2488e+02 1.2692e+02 1.2046e+02 1.3135e+02
  99.2500 1.2409e+02 1.1023e+02 1.3824e+02 1.1136e+02 1.3714e+02 1.2308e+02 1.2509e+02 1.1871e+02 1.2947e+02
  99.5000 1.2230e+02 1.0864e+02 1.3624e+02 1.0976e+02 1.3515e+02 1.2131e+02 1.2329e+02 1.1699e+02 1.2761e+02
  99.7500 1.2054e+02 1.0709e+02 1.3427e+02 1.0819e+02 1.3319e+02 1.1956e+02 1.2151e+02 1.1530e+02 1.2578e+02
 100.0000 1.1881e+02 1.0555e+02 1.3233e+02 1.0665e+02 1.3126e+02 1.1785e+02 1.1977e+02 1.1363e+02 1.2399e+02
 100.2500 1.1711e+02 1.0405e+02 1.3043e+02 1.0513e+02 1.2937e+02 1.1616e+02 1.1805e+02 1.1200e+02 1.2222e+02
 100.5000 1.1543e+02 1.0257e+02 1.2856e+02 1.0363e+02 1.2751e+02 1.1450e+02 1.1636e+02 1.1039e+02 1.2048e+02
 100.7500 1.1379e+02 1.0111e+02 1.2671e+02 1.0216e+02 1.2568e+02 1.1287e+02 1.1470e+02 1.0880e+02 1.1878e+02
 101.0000 1.1217e+02 9.9671e+01 1.2490e+02 1.0072e+02 1.2388e+02 1.1126e+02 1.1307e+02 1.0724e+02 1.1709e+02
 101.2500 1.1057e+02 9.8259e+01 1.2312e+02 9.9295e+01 1.2210e+02 1.0968e+02 1.1146e+02 1.0571e+02 1.1544e+02
 101.5000 1.0901e+02 9.6869e+01 1.2137e+02 9.7896e+01 1.2036e+02 1.0813e+02 1.0988e+02 1.0420e+02 1.1381e+02
 101.7500 1.0746e+02 9.5503e+01 1.1964e+02 9.6518e+01 1.1865e+02 1.0660e+02 1.0832e+02 1.0272e+02 1.1221e+02
 102.0000 1.0594e+02 9.4158e+01 1.1794e+02 9.5163e+01 1.1696e+02 1.0510e+02 1.0679e+02 1.0126e+02 1.1063e+02
 102.2500 1.0445e+02 9.2834e+01 1.1628e+02 9.3829e+01 1.1530e+02 1.0362e+02 1.0528e+02 9.9822e+01 1.0908e+02
 102.5000 1.0298e+02 9.1532e+01 1.1463e+02 9.2517e+01 1.1367e+02 1.0216e+02 1.0380e+02 9.8409e+01 1.0756e+02
 102.7500 1.0154e+02 9.0250e+01 1.1302e+02 9.1226e+01 1.1206e+02 1.0073e+02 1.0234e+02 9.7019e+01 1.0606e+02
 103.0000 1.0011e+02 8.8989e+01 1.1143e+02 8.9955e+01 1.1048e+02 9.9317e+01 1.0091e+02 9.5651e+01 1.0458e+02
 103.2500 9.8715e+01 8.7748e+01 1.0986e+02 8.8704e+01 1.0892e+02 9.7929e+01 9.9498e+01 9.4305e+01 1.0312e+02
 103.5000 9.7338e+01 8.6527e+01 1.0832e+02 8.7474e+01 1.0739e+02 9.6564e+01 9.8108e+01 9.2981e+01 1.0169e+02
 103.7500 9.5982e+01 8.5325e+01 1.0681e+02 8.6262e+01 1.0589e+02 9.5220e+01 9.6741e+01 9.1678e+01 1.0029e+02
 104.0000 9.4648e+01 8.4142e+01 1.0532e+02 8.5070e+01 1.0441e+02 9.3897e+01 9.5396e+01 9.0395e+01 9.8901e+01
 104.2500 9.3336e+01 8.2977e+01 1.0385e+02 8.3897e+01 1.0295e+02 9.2596e+01 9.4072e+01 8.9133e+01 9.7538e+01
 104.5000 9.2044e+01 8.1831e+01 1.0241e+02 8.2742e+01 1.0152e+02 9.1315e+01 9.2769e+01 8.7891e+01 9.6196e+01
 104.7500 9.0772e+01 8.0703e+01 1.0099e+02 8.1605e+01 1.0011e+02 9.0055e+01 9.1487e+01 8.6669e+01 9.4875e+01
 105.0000 8.9520e+01 7.9593e+01 9.9595e+01 8.0486e+01 9.8716e+01 8.8814e+01 9.0224e+01 8.5466e+01 9.3575e+01
 105.2500 8.8289e+01 7.8500e+01 9.8219e+01 7.9385e+01 9.7349e+01 8.7592e+01 8.8982e+01 8.4282e+01 9.2295e+01
 105.5000 8.7076e+01 7.7424e+01 9.6866e+01 7.8300e+01 9.6004e+01 8.6390e+01 8.7759e+01 8.3116e+01 9.1035e+01
 105.7500 8.5883e+01 7.6365e+01 9.5534e+01 7.7233e+01 9.4680e+01 8.5207e+01 8.6556e+01 8.1969e+01 8.9796e+01
 106.0000 8.4708e+01 7.5322e+01 9.4223e+01 7.6182e+01 9.3376e+01 8.4042e+01 8.5371e+01 8.0840e+01 8.8575e+01
 106.2500 8.3552e+01 7.4296e+01 9.2932e+01 7.5147e+01 9.2094e+01 8.2896e+01 8.4205e+01 7.9729e+01 8.7374e+01
 106.5000 8.2413e+01 7.3285e+01 9.1662e+01 7.4129e+01 9.0831e+01 8.1767e+01 8.3057e+01 7.8635e+01 8.6191e+01
 106.7500 8.1293e+01 7.2290e+01 9.0412e+01 7.3126e+01 8.9588e+01 8.0656e+01 8.1927e+01 7.7558e+01 8.5026e+01
 107.0000 8.0190e+01 7.1311e+01 8.9181e+01 7.2139e+01 8.8365e+01 7.9562e+01 8.0815e+01 7.6498e+01 8.3880e+01
 107.2500 7.9103e+01 7.0347e+01 8.7970e+01 7.1167e+01 8.7161e+01 7.8485e+01 7.9720e+01 7.5454e+01 8.2751e+01
 107.5000 7.8034e+01 6.9397e+01 8.6777e+01 7.0210e+01 8.5976e+01 7.7425e+01 7.8641e+01 7.4427e+01 8.1640e+01
 107.7500 7.6982e+01 6.8462e+01 8.5603e+01 6.9268e+01 8.4809e+01 7.6381e+01 7.7580e+01 7.3415e+01 8.0546e+01
 108.0000 7.5945e+01 6.7542e+01 8.4448e+01 6.8340e+01 8.3661e+01 7.5353e+01 7.6535e+01 7.2420e+01 7.9469e+01
 108.2500 7.4925e+01 6.6635e+01 8.3310e+01 6.7426e+01 8.2530e+01 7.4341e+01 7.5506e+01 7.1439e+01 7.8408e+01
 108.5000 7.3920e+01 6.5743e+01 8.2190e+01 6.6526e+01 8.1417e+01 7.3345e+01 7.4493e+01 7.0474e+01 7.7364e+01
 108.7500 7.2930e+01 6.4864e+01 8.1087e+01 6.5641e+01 8.0321e+01 7.2364e+01 7.3495e+01 6.9523e+01 7.6336e+01
 109.0000 7.1956e+01 6.3998e+01 8.0001e+01 6.4768e+01 7.9242e+01 7.1397e+01 7.2513e+01 6.8588e+01 7.5323e+01
 109.2500 7.0997e+01 6.3146e+01 7.8932e+01 6.3909e+01 7.8179e+01 7.0446e+01 7.1546e+01 6.7666e+01 7.4326e+01
 109.5000 7.0052e+01 6.2306e+01 7.7880e+01 6.3062e+01 7.7133e+01 6.9509e+01 7.0593e+01 6.6759e+01 7.3344e+01
 109.7500 6.9122e+01 6.1480e+01 7.6843e+01 6.2229e+01 7.6103e+01 6.8587e+01 6.9656e+01 6.5865e+01 7.2377e+01
 110.0000 6.8206e+01 6.0666e+01 7.5822e+01 6.1408e+01 7.5089e+01 6.7678e+01 6.8732e+01 6.4986e+01 7.1424e+01
 110.2500 6.7304e+01 5.9864e+01 7.4818e+01 6.0600e+01 7.4090e+01 6.6783e+01 6.7822e+01 6.4119e+01 7.0487e+01
 110.5000 6.6415e+01 5.9074e+01 7.3828e+01 5.9803e+01 7.3107e+01 6.5902e+01 6.6927e+01 6.3266e+01 6.9563e+01
 110.7500 6.5540e+01 5.8296e+01 7.2853e+01 5.9019e+01 7.2139e+01 6.5034e+01 6.6044e+01 6.2426e+01 6.8653e+01
 111.0000 6.4678e+01 5.7530e+01 7.1894e+01 5.8247e+01 7.1185e+01 6.4180e+01 6.5176e+01 6.1598e+01 6.7757e+01
 111.2500 6.3830e+01 5.6775e+01 7.0949e+01 5.7486e+01 7.0246e+01 6.3338e+01 6.4320e+01 6.0783e+01 6.6874e+01
 111.5000 6.2993e+01 5.6032e+01 7.0018e+01 5.6736e+01 6.9321e+01 6.2508e+01 6.3477e+01 5.9981e+01 6.6005e+01
 111.7500 6.2170e+01 5.5300e+01 6.9101e+01 5.5998e+01 6.8410e+01 6.1692e+01 6.2647e+01 5.9190e+01 6.5149e+01
 112.0000 6.1359e+01 5.4578e+01 6.8198e+01 5.5270e+01 6.7513e+01 6.0887e+01 6.1829e+01 5.8412e+01 6.4305e+01
 112.2500 6.0560e+01 5.3868e+01 6.7309e+01 5.4554e+01 6.6630e+01 6.0095e+01 6.1024e+01 5.7645e+01 6.3474e+01
 112.5000 5.9773e+01 5.3168e+01 6.6434e+01 5.3848e+01 6.5760e+01 5.9314e+01 6.0231e+01 5.6889e+01 6.2656e+01
 112.7500 5.8998e+01 5.2478e+01 6.5571e+01 5.3153e+01 6.4903e+01 5.8545e+01 5.9449e+01 5.6145e+01 6.1850e+01
 113.0000 5.8234e+01 5.1799e+01 6.4721e+01 5.2468e+01 6.4059e+01 5.7788e+01 5.8679e+01 5.5412e+01 6.1055e+01
 113.2500 5.7482e+01 5.1129e+01 6.3885e+01 5.1793e+01 6.3227e+01 5.7042e+01 5.7921e+01 5.4690e+01 6.0273e+01
 113.5000 5.6741e+01 5.0470e+01 6.3060e+01 5.1128e+01 6.2409e+01 5.6306e+01 5.7174e+01 5.3979e+01 5.9502e+01
 113.7500 5.6011e+01 4.9820e+01 6.2248e+01 5.0472e+01 6.1602e+01 5.5582e+01 5.6438e+01 5.3278e+01 5.8743e+01
 114.0000 5.5291e+01 4.9180e+01 6.1449e+01 4.9827e+01 6.0807e+01 5.4869e+01 5.5713e+01 5.2588e+01 5.7994e+01
 114.2500 5.4583e+01 4.8550e+01 6.0661e+01 4.9191e+01 6.0025e+01 5.4166e+01 5.4999e+01 5.1908e+01 5.7257e+01
 114.5000 5.3885e+01 4.7928e+01 5.9884e+01 4.8564e+01 5.9254e+01 5.3473e+01 5.4295e+01 5.1238e+01 5.6531e+01
 114.7500 5.3196e+01 4.7316e+01 5.9119e+01 4.7946e+01 5.8493e+01 5.2790e+01 5.3601e+01 5.0578e+01 5.5815e+01
 115.0000 5.2518e+01 4.6712e+01 5.8365e+01 4.7337e+01 5.7745e+01 5.2118e+01 5.2918e+01 4.9928e+01 5.5109e+01
 115.2500 5.1850e+01 4.6117e+01 5.7622e+01 4.6737e+01 5.7006e+01 5.1454e+01 5.2244e+01 4.9286e+01 5.4413e+01
 115.5000 5.1191e+01 4.5531e+01 5.6890e+01 4.6146e+01 5.6279e+01 5.0801e+01 5.1580e+01 4.8654e+01 5.3728e+01
 115.7500 5.0541e+01 4.4953e+01 5.6168e+01 4.5563e+01 5.5562e+01 5.0157e+01 5.0925e+01 4.8032e+01 5.3052e+01
 116.0000 4.9901e+01 4.4383e+01 5.5456e+01 4.4988e+01 5.4855e+01 4.9522e+01 5.0280e+01 4.7418e+01 5.2386e+01
 116.2500 4.9270e+01 4.3821e+01 5.4755e+01 4.4421e+01 5.4159e+01 4.8896e+01 4.9644e+01 4.6813e+01 5.1729e+01
 116.5000 4.8648e+01 4.3268e+01 5.4063e+01 4.3863e+01 5.3472e+01 4.8279e+01 4.9017e+01 4.6217e+01 5.1081e+01
 116.7500 4.8035e+01 4.2722e+01 5.3382e+01 4.3312e+01 5.2795e+01 4.7671e+01 4.8400e+01 4.5629e+01 5.0443e+01
 117.0000 4.7431e+01 4.2184e+01 5.2710e+01 4.2770e+01 5.2128e+01 4.7071e+01 4.7791e+01 4.5050e+01 4.9814e+01
 117.2500 4.6836e+01 4.1654e+01 5.2048e+01 4.2235e+01 5.1471e+01 4.6480e+01 4.7190e+01 4.4479e+01 4.9194e+01
 117.5000 4.6248e+01 4.1131e+01 5.1395e+01 4.1707e+01 5.0823e+01 4.5898e+01 4.6598e+01 4.3916e+01 4.8582e+01
 117.7500 4.5669e+01 4.0616e+01 5.0752e+01 4.1187e+01 5.0184e+01 4.5323e+01 4.6015e+01 4.3361e+01 4.7979e+01
 118.0000 4.5099e+01 4.0108e+01 5.0118e+01 4.0675e+01 4.9554e+01 4.4757e+01 4.5440e+01 4.2814e+01 4.7385e+01
 118.2500 4.4536e+01 3.9607e+01 4.9492e+01 4.0169e+01 4.8933e+01 4.4199e+01 4.4873e+01 4.2275e+01 4.6799e+01
 118.5000 4.3981e+01 3.9113e+01 4.8876e+01 3.9671e+01 4.8321e+01 4.3648e+01 4.4313e+01 4.1743e+01 4.6221e+01
 118.7500 4.3434e+01 3.8626e+01 4.8268e+01 3.9179e+01 4.7717e+01 4.3106e+01 4.3762e+01 4.1219e+01 4.5651e+01
 119.0000 4.2895e+01 3.8146e+01 4.7668e+01 3.8695e+01 4.7122e+01 4.2571e+01 4.3219e+01 4.0703e+01 4.5089e+01
 119.2500 4.2363e+01 3.7673e+01 4.7078e+01 3.8217e+01 4.6535e+01 4.2043e+01 4.2683e+01 4.0193e+01 4.4535e+01
 119.5000 4.1839e+01 3.7206e+01 4.6495e+01 3.7746e+01 4.5957e+01 4.1523e+01 4.2155e+01 3.9691e+01 4.3989e+01
 119.7500 4.1322e+01 3.6746e+01 4.5921e+01 3.7282e+01 4.5387e+01 4.1011e+01 4.1634e+01 3.9196e+01 4.3450e+01
 120.0000 4.0813e+01 3.6292e+01 4.5354e+01 3.6824e+01 4.4825e+01 4.0505e+01 4.1120e+01 3.8708e+01 4.2919e+01