   5.0000 1.8948e+07 1.2039e+07 2.7575e+07 1.2796e+07 2.6850e+07 1.6536e+07 2.1765e+07 1.6933e+07 2.0963e+07 1.9612e+07 1.8117e+07 2.3177e+07 1.4171e+07 2.6850e+07 1.2796e+07
   5.2500 1.7763e+07 1.1444e+07 2.5820e+07 1.2135e+07 2.5178e+07 1.5566e+07 2.0314e+07 1.5911e+07 1.9615e+07 1.8544e+07 1.6904e+07 2.1669e+07 1.3283e+07 2.5178e+07 1.2135e+07
   5.5000 1.6607e+07 1.0845e+07 2.4109e+07 1.1475e+07 2.3541e+07 1.4612e+07 1.8912e+07 1.4908e+07 1.8306e+07 1.7483e+07 1.5733e+07 2.0202e+07 1.2419e+07 2.3541e+07 1.1475e+07
   5.7500 1.5492e+07 1.0249e+07 2.2458e+07 1.0822e+07 2.1956e+07 1.3684e+07 1.7571e+07 1.3936e+07 1.7047e+07 1.6440e+07 1.4613e+07 1.8792e+07 1.1587e+07 2.1956e+07 1.0822e+07
   6.0000 1.4425e+07 9.6624e+06 2.0881e+07 1.0184e+07 2.0437e+07 1.2789e+07 1.6298e+07 1.3003e+07 1.5848e+07 1.5424e+07 1.3551e+07 1.7447e+07 1.0792e+07 2.0437e+07 1.0184e+07
   6.2500 1.3412e+07 9.0909e+06 1.9383e+07 9.5653e+06 1.8991e+07 1.1934e+07 1.5097e+07 1.2112e+07 1.4712e+07 1.4444e+07 1.2551e+07 1.6175e+07 1.0038e+07 1.8991e+07 9.5653e+06
   6.5000 1.2456e+07 8.5382e+06 1.7971e+07 8.9693e+06 1.7624e+07 1.1120e+07 1.3972e+07 1.1269e+07 1.3643e+07 1.3503e+07 1.1613e+07 1.4978e+07 9.3274e+06 1.7624e+07 8.9693e+06
   6.7500 1.1558e+07 8.0080e+06 1.6645e+07 8.3998e+06 1.6337e+07 1.0352e+07 1.2921e+07 1.0474e+07 1.2641e+07 1.2608e+07 1.0738e+07 1.3857e+07 8.6601e+06 1.6337e+07 8.3998e+06
   7.0000 1.0717e+07 7.5002e+06 1.5405e+07 7.8560e+06 1.5133e+07 9.6285e+06 1.1944e+07 9.7282e+06 1.1706e+07 1.1756e+07 9.9250e+06 1.2812e+07 8.0363e+06 1.5133e+07 7.8560e+06
   7.2500 9.9333e+06 7.0166e+06 1.4251e+07 7.3399e+06 1.4008e+07 8.9503e+06 1.1037e+07 9.0306e+06 1.0836e+07 1.0951e+07 9.1710e+06 1.1840e+07 7.4547e+06 1.4008e+07 7.3399e+06
   7.5000 9.2043e+06 6.5626e+06 1.3178e+07 6.8568e+06 1.2963e+07 8.3164e+06 1.0199e+07 8.3801e+06 1.0029e+07 1.0199e+07 8.4734e+06 1.0940e+07 6.9140e+06 1.2963e+07 6.8568e+06
   7.7500 8.5278e+06 6.1368e+06 1.2184e+07 6.4050e+06 1.1992e+07 7.7254e+06 9.4238e+06 7.7749e+06 9.2807e+06 9.4968e+06 7.8294e+06 1.0107e+07 6.4122e+06 1.1992e+07 6.4050e+06
   8.0000 7.9011e+06 5.7064e+06 1.1265e+07 5.9474e+06 1.1093e+07 7.1756e+06 8.7092e+06 7.2131e+06 8.5892e+06 8.8373e+06 7.2357e+06 9.3376e+06 5.9474e+06 1.1093e+07 5.9789e+06
   8.2500 7.3214e+06 5.3012e+06 1.0415e+07 5.5174e+06 1.0262e+07 6.6649e+06 8.0508e+06 6.6923e+06 7.9505e+06 8.2178e+06 6.6889e+06 8.6284e+06 5.5174e+06 1.0262e+07 5.5766e+06
   8.5000 6.7857e+06 4.9256e+06 9.6317e+06 5.1199e+06 9.4938e+06 6.1912e+06 7.4447e+06 6.2102e+06 7.3613e+06 7.6384e+06 6.1858e+06 7.9752e+06 5.1199e+06 9.4938e+06 5.1988e+06
   8.7500 6.2912e+06 4.5779e+06 8.9094e+06 4.7527e+06 8.7856e+06 5.7522e+06 6.8871e+06 5.7642e+06 6.8182e+06 7.0993e+06 5.7231e+06 7.3740e+06 4.7527e+06 8.7856e+06 4.8460e+06
   9.0000 5.8348e+06 4.2563e+06 8.2442e+06 4.4137e+06 8.1328e+06 5.3459e+06 6.3743e+06 5.3519e+06 6.3178e+06 6.5993e+06 5.2977e+06 6.8211e+06 4.4137e+06 8.1328e+06 4.5178e+06
   9.2500 5.4139e+06 3.9588e+06 7.6317e+06 4.1008e+06 7.5313e+06 4.9699e+06 5.9028e+06 4.9711e+06 5.8568e+06 6.1367e+06 4.9067e+06 6.3126e+06 4.1008e+06 7.5313e+06 4.2134e+06
   9.5000 5.0258e+06 3.6837e+06 7.0679e+06 3.8121e+06 6.9773e+06 4.6221e+06 5.4694e+06 4.6193e+06 5.4322e+06 5.7092e+06 4.5473e+06 5.8452e+06 3.8121e+06 6.9773e+06 3.9314e+06
   9.7500 4.6679e+06 3.4293e+06 6.5492e+06 3.5456e+06 6.4672e+06 4.3005e+06 5.0708e+06 4.2945e+06 5.0413e+06 5.3139e+06 4.2169e+06 5.4155e+06 3.5456e+06 6.4672e+06 3.6698e+06
  10.0000 4.3379e+06 3.1942e+06 6.0721e+06 3.2996e+06 5.9978e+06 4.0031e+06 4.7044e+06 3.9945e+06 4.6813e+06 4.9478e+06 3.9131e+06 5.0206e+06 3.2996e+06 5.9978e+06 3.4267e+06
  10.2500 4.0337e+06 2.9768e+06 5.6331e+06 3.0725e+06 5.5656e+06 3.7282e+06 4.3674e+06 3.7176e+06 4.3497e+06 4.6089e+06 3.6338e+06 4.6575e+06 3.0725e+06 5.5656e+06 3.2009e+06
  10.5000 3.7530e+06 2.7759e+06 5.2289e+06 2.8629e+06 5.1676e+06 3.4741e+06 4.0573e+06 3.4619e+06 4.0442e+06 4.2952e+06 3.3767e+06 4.3235e+06 2.8629e+06 5.1676e+06 2.9914e+06
  10.7500 3.4941e+06 2.5900e+06 4.8567e+06 2.6693e+06 4.8008e+06 3.2391e+06 3.7717e+06 3.2257e+06 3.7625e+06 4.0047e+06 3.1401e+06 4.0161e+06 2.6693e+06 4.8008e+06 2.7968e+06
  11.0000 3.2550e+06 2.4181e+06 4.5136e+06 2.4904e+06 4.4626e+06 3.0218e+06 3.5086e+06 3.0073e+06 3.5026e+06 3.7358e+06 2.9220e+06 3.7330e+06 2.4904e+06 4.4626e+06 2.6162e+06
  11.2500 3.0341e+06 2.2591e+06 4.1972e+06 2.3250e+06 4.1507e+06 2.8206e+06 3.2659e+06 2.8054e+06 3.2627e+06 3.4866e+06 2.7210e+06 3.4720e+06 2.3250e+06 4.1507e+06 2.4484e+06
  11.5000 2.8299e+06 2.1117e+06 3.9052e+06 2.1720e+06 3.8626e+06 2.6343e+06 3.0420e+06 2.6186e+06 3.0412e+06 3.2556e+06 2.5355e+06 3.2313e+06 2.1720e+06 3.8626e+06 2.2926e+06
  11.7500 2.6410e+06 1.9752e+06 3.6355e+06 2.0303e+06 3.5966e+06 2.4617e+06 2.8352e+06 2.4457e+06 2.8363e+06 3.0415e+06 2.3642e+06 3.0091e+06 2.0303e+06 3.5966e+06 2.1479e+06
  12.0000 2.4665e+06 1.8488e+06 3.3869e+06 1.8992e+06 3.3513e+06 2.3019e+06 2.6444e+06 2.2857e+06 2.6472e+06 2.8433e+06 2.2062e+06 2.8044e+06 1.8992e+06 3.3513e+06 2.0134e+06
  12.2500 2.3052e+06 1.7315e+06 3.1579e+06 1.7778e+06 3.1252e+06 2.1540e+06 2.4685e+06 2.1377e+06 2.4726e+06 2.6598e+06 2.0604e+06 2.6156e+06 1.7778e+06 3.1252e+06 1.8885e+06
  12.5000 2.1559e+06 1.6228e+06 2.9465e+06 1.6652e+06 2.9165e+06 2.0168e+06 2.3060e+06 2.0006e+06 2.3112e+06 2.4897e+06 1.9257e+06 2.4416e+06 1.6652e+06 2.9165e+06 1.7723e+06
  12.7500 2.0177e+06 1.5218e+06 2.7513e+06 1.5608e+06 2.7236e+06 1.8896e+06 2.1557e+06 1.8735e+06 2.1618e+06 2.3319e+06 1.8011e+06 2.2807e+06 1.5608e+06 2.7236e+06 1.6642e+06
  13.0000 1.8895e+06 1.4279e+06 2.5707e+06 1.4639e+06 2.5452e+06 1.7714e+06 2.0166e+06 1.7556e+06 2.0234e+06 2.1854e+06 1.6857e+06 2.1320e+06 1.4639e+06 2.5452e+06 1.5636e+06
  13.2500 1.7706e+06 1.3406e+06 2.4035e+06 1.3738e+06 2.3800e+06 1.6616e+06 1.8877e+06 1.6461e+06 1.8951e+06 2.0492e+06 1.5788e+06 1.9942e+06 1.3738e+06 2.3800e+06 1.4698e+06
  13.5000 1.6601e+06 1.2594e+06 2.2485e+06 1.2900e+06 2.2268e+06 1.5594e+06 1.7681e+06 1.5442e+06 1.7760e+06 1.9224e+06 1.4796e+06 1.8666e+06 1.2900e+06 2.2268e+06 1.3822e+06
  13.7500 1.5574e+06 1.1837e+06 2.1047e+06 1.2119e+06 2.0846e+06 1.4643e+06 1.6571e+06 1.4494e+06 1.6652e+06 1.8043e+06 1.3874e+06 1.7481e+06 1.2119e+06 2.0846e+06 1.3005e+06
  14.0000 1.4617e+06 1.1131e+06 1.9711e+06 1.1392e+06 1.9526e+06 1.3756e+06 1.5539e+06 1.3612e+06 1.5623e+06 1.6943e+06 1.3018e+06 1.6381e+06 1.1392e+06 1.9526e+06 1.2242e+06
  14.2500 1.3727e+06 1.0473e+06 1.8470e+06 1.0714e+06 1.8298e+06 1.2930e+06 1.4578e+06 1.2789e+06 1.4664e+06 1.5916e+06 1.2221e+06 1.5358e+06 1.0714e+06 1.8298e+06 1.1529e+06
  14.5000 1.2897e+06 9.8580e+05 1.7315e+06 1.0082e+06 1.7155e+06 1.2158e+06 1.3685e+06 1.2022e+06 1.3771e+06 1.4958e+06 1.1479e+06 1.4407e+06 1.0082e+06 1.7155e+06 1.0862e+06
  14.7500 1.2125e+06 9.2856e+05 1.6244e+06 9.4930e+05 1.6096e+06 1.1441e+06 1.2855e+06 1.1309e+06 1.2942e+06 1.4067e+06 1.0790e+06 1.3524e+06 9.4930e+05 1.6096e+06 1.0240e+06
  15.0000 1.1408e+06 8.7523e+05 1.5250e+06 8.9448e+05 1.5112e+06 1.0773e+06 1.2084e+06 1.0645e+06 1.2171e+06 1.3238e+06 1.0149e+06 1.2705e+06 8.9448e+05 1.5112e+06 9.6594e+05
  15.2500 1.0740e+06 8.2549e+05 1.4327e+06 8.4336e+05 1.4199e+06 1.0151e+06 1.1367e+06 1.0027e+06 1.1454e+06 1.2466e+06 9.5528e+05 1.1944e+06 8.4336e+05 1.4199e+06 9.1175e+05
  15.5000 1.0118e+06 7.7904e+05 1.3468e+06 7.9564e+05 1.3349e+06 9.5706e+05 1.0700e+06 9.4505e+05 1.0786e+06 1.1747e+06 8.9975e+05 1.1235e+06 7.9564e+05 1.3349e+06 8.6109e+05
  15.7500 9.5375e+05 7.3563e+05 1.2669e+06 7.5107e+05 1.2558e+06 9.0286e+05 1.0078e+06 8.9124e+05 1.0163e+06 1.1075e+06 8.4797e+05 1.0575e+06 7.5107e+05 1.2558e+06 8.1368e+05
  16.0000 8.9954e+05 6.9501e+05 1.1924e+06 7.0938e+05 1.1821e+06 8.5221e+05 9.4972e+05 8.4098e+05 9.5811e+05 1.0447e+06 7.9965e+05 9.9604e+05 7.0938e+05 1.1821e+06 7.6928e+05
  16.2500 8.4888e+05 6.5698e+05 1.1230e+06 6.7036e+05 1.1133e+06 8.0481e+05 8.9553e+05 7.9397e+05 9.0379e+05 9.8598e+05 7.5451e+05 9.3867e+05 6.7036e+05 1.1133e+06 7.2764e+05
  16.5000 8.0148e+05 6.2133e+05 1.0582e+06 6.3381e+05 1.0492e+06 7.6043e+05 8.4489e+05 7.4996e+05 8.5300e+05 9.3102e+05 7.1230e+05 8.8508e+05 6.3381e+05 1.0492e+06 6.8858e+05
  16.7500 7.5710e+05 5.8789e+05 9.9759e+05 5.9953e+05 9.8918e+05 7.1884e+05 7.9752e+05 7.0874e+05 8.0547e+05 8.7953e+05 6.7280e+05 8.3500e+05 5.9953e+05 9.8918e+05 6.5188e+05
  17.0000 7.1552e+05 5.5650e+05 9.4096e+05 5.6736e+05 9.3310e+05 6.7983e+05 7.5317e+05 6.7009e+05 7.6094e+05 8.3124e+05 6.3580e+05 7.8814e+05 5.6736e+05 9.3310e+05 6.1739e+05
  17.2500 6.7651e+05 5.2700e+05 8.8795e+05 5.3715e+05 8.8060e+05 6.4320e+05 7.1162e+05 6.3382e+05 7.1920e+05 7.8593e+05 6.0111e+05 7.4427e+05 5.3715e+05 8.8060e+05 5.8495e+05
  17.5000 6.3990e+05 4.9926e+05 8.3831e+05 5.0875e+05 8.3143e+05 6.0879e+05 6.7265e+05 5.9975e+05 6.8005e+05 7.4336e+05 5.6857e+05 7.0317e+05 5.0875e+05 8.3143e+05 5.5440e+05
  17.7500 6.0551e+05 4.7315e+05 7.9178e+05 4.8203e+05 7.8533e+05 5.7644e+05 6.3608e+05 5.6774e+05 6.4328e+05 7.0336e+05 5.3802e+05 6.6462e+05 4.8203e+05 7.8533e+05 5.2563e+05
  18.0000 5.7326e+05 4.4863e+05 7.4822e+05 4.5695e+05 7.4217e+05 5.4607e+05 6.0181e+05 5.3770e+05 6.0881e+05 6.6583e+05 5.0938e+05 6.2851e+05 4.5695e+05 7.4217e+05 4.9858e+05
  18.2500 5.4301e+05 4.2560e+05 7.0744e+05 4.3339e+05 7.0176e+05 5.1758e+05 5.6970e+05 5.0952e+05 5.7650e+05 6.3062e+05 4.8251e+05 5.9469e+05 4.3339e+05 7.0176e+05 4.7317e+05
  18.5000 5.1462e+05 4.0396e+05 6.6924e+05 4.1126e+05 6.6391e+05 4.9082e+05 5.3957e+05 4.8306e+05 5.4618e+05 5.9758e+05 4.5730e+05 5.6299e+05 4.1126e+05 6.6391e+05 4.4927e+05
  18.7500 4.8796e+05 3.8360e+05 6.3342e+05 3.9045e+05 6.2842e+05 4.6567e+05 5.1130e+05 4.5821e+05 5.1772e+05 5.6655e+05 4.3363e+05 5.3325e+05 3.9045e+05 6.2842e+05 4.2677e+05
  19.0000 4.6291e+05 3.6444e+05 5.9982e+05 3.7087e+05 5.9512e+05 4.4202e+05 4.8476e+05 4.3484e+05 4.9098e+05 5.3738e+05 4.1138e+05 5.0534e+05 3.7087e+05 5.9512e+05 4.0559e+05
  19.2500 4.3935e+05 3.4640e+05 5.6829e+05 3.5243e+05 5.6387e+05 4.1977e+05 4.5980e+05 4.1286e+05 4.6584e+05 5.0995e+05 3.9046e+05 4.7912e+05 3.5243e+05 5.6387e+05 3.8563e+05
  19.5000 4.1718e+05 3.2939e+05 5.3866e+05 3.3506e+05 5.3450e+05 3.9881e+05 4.3634e+05 3.9216e+05 4.4219e+05 4.8413e+05 3.7078e+05 4.5447e+05 3.3506e+05 5.3450e+05 3.6680e+05
  19.7500 3.9630e+05 3.1335e+05 5.1082e+05 3.1868e+05 5.0690e+05 3.7906e+05 4.1426e+05 3.7267e+05 4.1993e+05 4.5982e+05 3.5225e+05 4.3129e+05 3.1868e+05 5.0690e+05 3.4904e+05
  20.0000 3.7662e+05 2.9821e+05 4.8463e+05 3.0322e+05 4.8094e+05 3.6044e+05 3.9347e+05 3.5429e+05 3.9896e+05 4.3690e+05 3.3478e+05 4.0948e+05 3.0322e+05 4.8094e+05 3.3226e+05
  20.2500 3.5807e+05 2.8391e+05 4.5998e+05 2.8863e+05 4.5651e+05 3.4288e+05 3.7388e+05 3.3696e+05 3.7920e+05 4.1530e+05 3.1832e+05 3.8893e+05 2.8863e+05 4.5651e+05 3.1641e+05
  20.5000 3.4057e+05 2.7041e+05 4.3677e+05 2.7484e+05 4.3350e+05 3.2629e+05 3.5541e+05 3.2060e+05 3.6056e+05 3.9491e+05 3.0279e+05 3.6958e+05 2.7484e+05 4.3350e+05 3.0143e+05
  20.7500 3.2405e+05 2.5764e+05 4.1491e+05 2.6182e+05 4.1182e+05 3.1063e+05 3.3799e+05 3.0515e+05 3.4296e+05 3.7567e+05 2.8813e+05 3.5133e+05 2.6182e+05 4.1182e+05 2.8725e+05
  21.0000 3.0845e+05 2.4555e+05 3.9429e+05 2.4949e+05 3.9137e+05 2.9582e+05 3.2155e+05 2.9055e+05 3.2636e+05 3.5749e+05 2.7428e+05 3.3411e+05 2.4949e+05 3.9137e+05 2.7384e+05
  21.2500 2.9371e+05 2.3412e+05 3.7484e+05 2.3783e+05 3.7209e+05 2.8182e+05 3.0602e+05 2.7675e+05 3.1067e+05 3.4032e+05 2.6120e+05 3.1786e+05 2.3783e+05 3.7209e+05 2.6113e+05
  21.5000 2.7976e+05 2.2329e+05 3.5649e+05 2.2679e+05 3.5389e+05 2.6857e+05 2.9134e+05 2.6369e+05 2.9584e+05 3.2407e+05 2.4883e+05 3.0252e+05 2.2679e+05 3.5389e+05 2.4909e+05
  21.7500 2.6657e+05 2.1303e+05 3.3916e+05 2.1633e+05 3.3670e+05 2.5603e+05 2.7747e+05 2.5134e+05 2.8181e+05 3.0870e+05 2.3713e+05 2.8802e+05 2.1633e+05 3.3670e+05 2.3767e+05
  22.0000 2.5409e+05 2.0330e+05 3.2279e+05 2.0643e+05 3.2047e+05 2.4416e+05 2.6435e+05 2.3964e+05 2.6854e+05 2.9416e+05 2.2606e+05 2.7431e+05 2.0643e+05 3.2047e+05 2.2685e+05
  22.2500 2.4229e+05 1.9410e+05 3.0734e+05 1.9705e+05 3.0514e+05 2.3292e+05 2.5196e+05 2.2858e+05 2.5600e+05 2.8042e+05 2.1559e+05 2.6137e+05 1.9705e+05 3.0514e+05 2.1660e+05
  22.5000 2.3113e+05 1.8538e+05 2.9274e+05 1.8817e+05 2.9066e+05 2.2229e+05 2.4023e+05 2.1811e+05 2.4414e+05 2.6742e+05 2.0568e+05 2.4913e+05 1.8817e+05 2.9066e+05 2.0689e+05
  22.7500 2.2056e+05 1.7711e+05 2.7895e+05 1.7975e+05 2.7698e+05 2.1222e+05 2.2914e+05 2.0820e+05 2.3292e+05 2.5511e+05 1.9630e+05 2.3756e+05 1.7975e+05 2.7698e+05 1.9769e+05
  23.0000 2.1055e+05 1.6928e+05 2.6590e+05 1.7177e+05 2.6403e+05 2.0268e+05 2.1865e+05 1.9881e+05 2.2229e+05 2.4346e+05 1.8742e+05 2.2660e+05 1.7177e+05 2.6403e+05 1.8896e+05
  23.2500 2.0107e+05 1.6184e+05 2.5356e+05 1.6420e+05 2.5179e+05 1.9364e+05 2.0871e+05 1.8991e+05 2.1223e+05 2.3242e+05 1.7901e+05 2.1624e+05 1.6420e+05 2.5179e+05 1.8068e+05
  23.5000 1.9208e+05 1.5479e+05 2.4188e+05 1.5702e+05 2.4020e+05 1.8506e+05 1.9929e+05 1.8147e+05 2.0269e+05 2.2196e+05 1.7103e+05 2.0642e+05 1.5702e+05 2.4020e+05 1.7282e+05
  23.7500 1.8356e+05 1.4809e+05 2.3082e+05 1.5021e+05 2.2923e+05 1.7692e+05 1.9036e+05 1.7347e+05 1.9364e+05 2.1204e+05 1.6347e+05 1.9712e+05 1.5021e+05 2.2923e+05 1.6535e+05
  24.0000 1.7547e+05 1.4173e+05 2.2034e+05 1.4373e+05 2.1883e+05 1.6920e+05 1.8190e+05 1.6587e+05 1.8507e+05 2.0264e+05 1.5629e+05 1.8830e+05 1.4373e+05 2.1883e+05 1.5826e+05
  24.2500 1.6780e+05 1.3568e+05 2.1042e+05 1.3758e+05 2.0898e+05 1.6187e+05 1.7387e+05 1.5866e+05 1.7693e+05 1.9371e+05 1.4947e+05 1.7994e+05 1.3758e+05 2.0898e+05 1.5152e+05
  24.5000 1.6051e+05 1.2993e+05 2.0100e+05 1.3173e+05 1.9964e+05 1.5490e+05 1.6625e+05 1.5181e+05 1.6920e+05 1.8523e+05 1.4300e+05 1.7200e+05 1.3173e+05 1.9964e+05 1.4510e+05
  24.7500 1.5358e+05 1.2446e+05 1.9207e+05 1.2617e+05 1.9078e+05 1.4828e+05 1.5901e+05 1.4530e+05 1.6187e+05 1.7718e+05 1.3686e+05 1.6447e+05 1.2617e+05 1.9078e+05 1.3900e+05
  25.0000 1.4700e+05 1.1926e+05 1.8360e+05 1.2088e+05 1.8237e+05 1.4198e+05 1.5214e+05 1.3912e+05 1.5490e+05 1.6954e+05 1.3102e+05 1.5732e+05 1.2088e+05 1.8237e+05 1.3320e+05
  25.2500 1.4075e+05 1.1430e+05 1.7556e+05 1.1584e+05 1.7439e+05 1.3599e+05 1.4561e+05 1.3323e+05 1.4827e+05 1.6227e+05 1.2546e+05 1.5053e+05 1.1584e+05 1.7439e+05 1.2767e+05
  25.5000 1.3480e+05 1.0959e+05 1.6792e+05 1.1105e+05 1.6681e+05 1.3030e+05 1.3940e+05 1.2763e+05 1.4197e+05 1.5536e+05 1.2018e+05 1.4408e+05 1.1105e+05 1.6681e+05 1.2241e+05
  25.7500 1.2914e+05 1.0509e+05 1.6067e+05 1.0648e+05 1.5961e+05 1.2487e+05 1.3350e+05 1.2230e+05 1.3598e+05 1.4878e+05 1.1515e+05 1.3794e+05 1.0648e+05 1.5961e+05 1.1739e+05
  26.0000 1.2376e+05 1.0081e+05 1.5377e+05 1.0213e+05 1.5276e+05 1.1971e+05 1.2788e+05 1.1723e+05 1.3028e+05 1.4253e+05 1.1036e+05 1.3211e+05 1.0213e+05 1.5276e+05 1.1261e+05
  26.2500 1.1863e+05 9.6730e+04 1.4722e+05 9.7987e+04 1.4626e+05 1.1479e+05 1.2254e+05 1.1240e+05 1.2485e+05 1.3657e+05 1.0581e+05 1.2656e+05 9.7987e+04 1.4626e+05 1.0805e+05
  26.5000 1.1374e+05 9.2838e+04 1.4098e+05 9.4033e+04 1.4007e+05 1.1010e+05 1.1745e+05 1.0780e+05 1.1968e+05 1.3090e+05 1.0147e+05 1.2128e+05 9.4033e+04 1.4007e+05 1.0371e+05
  26.7500 1.0908e+05 8.9124e+04 1.3505e+05 9.0261e+04 1.3418e+05 1.0563e+05 1.1260e+05 1.0341e+05 1.1476e+05 1.2550e+05 9.7330e+04 1.1625e+05 9.0261e+04 1.3418e+05 9.9557e+04
  27.0000 1.0465e+05 8.5581e+04 1.2941e+05 8.6663e+04 1.2857e+05 1.0137e+05 1.0798e+05 9.9232e+04 1.1007e+05 1.2035e+05 9.3387e+04 1.1146e+05 8.6663e+04 1.2857e+05 9.5599e+04
  27.2500 1.0042e+05 8.2201e+04 1.2403e+05 8.3232e+04 1.2324e+05 9.7305e+04 1.0359e+05 9.5246e+04 1.0560e+05 1.1545e+05 8.9629e+04 1.0690e+05 8.3232e+04 1.2324e+05 9.1822e+04
  27.5000 9.6392e+04 7.8975e+04 1.1892e+05 7.9957e+04 1.1816e+05 9.3432e+04 9.9397e+04 9.1446e+04 1.0134e+05 1.1078e+05 8.6047e+04 1.0255e+05 7.9957e+04 1.1816e+05 8.8218e+04
  27.7500 9.2550e+04 7.5897e+04 1.1405e+05 7.6832e+04 1.1333e+05 8.9736e+04 9.5404e+04 8.7821e+04 9.7280e+04 1.0632e+05 8.2630e+04 9.8409e+04 7.6832e+04 1.1333e+05 8.4778e+04
  28.0000 8.8885e+04 7.2957e+04 1.0941e+05 7.3849e+04 1.0872e+05 8.6210e+04 9.1596e+04 8.4362e+04 9.3408e+04 1.0207e+05 7.9370e+04 9.4462e+04 7.3849e+04 1.0872e+05 8.1493e+04
  28.2500 8.5387e+04 7.0149e+04 1.0499e+05 7.1000e+04 1.0433e+05 8.2844e+04 8.7964e+04 8.1061e+04 8.9714e+04 9.8022e+04 7.6260e+04 9.0698e+04 7.1000e+04 1.0433e+05 7.8355e+04
  28.5000 8.2049e+04 6.7467e+04 1.0077e+05 6.8277e+04 1.0014e+05 7.9630e+04 8.4498e+04 7.7909e+04 8.6189e+04 9.4155e+04 7.3290e+04 8.7107e+04 6.8277e+04 1.0014e+05 7.5357e+04
  28.7500 7.8862e+04 6.4902e+04 9.6751e+04 6.5676e+04 9.6150e+04 7.6560e+04 8.1190e+04 7.4899e+04 8.2824e+04 9.0464e+04 7.0454e+04 8.3680e+04 6.5676e+04 9.6150e+04 7.2491e+04
  29.0000 7.5817e+04 6.2451e+04 9.2915e+04 6.3189e+04 9.2341e+04 7.3627e+04 7.8032e+04 7.2024e+04 7.9611e+04 8.6940e+04 6.7745e+04 8.0410e+04 6.3189e+04 9.2341e+04 6.9751e+04
  29.2500 7.2909e+04 6.0106e+04 8.9255e+04 6.0811e+04 8.8707e+04 7.0823e+04 7.5016e+04 6.9275e+04 7.6542e+04 8.3574e+04 6.5156e+04 7.7286e+04 6.0811e+04 8.8707e+04 6.7131e+04
  29.5000 7.0129e+04 5.7864e+04 8.5762e+04 5.8536e+04 8.5237e+04 6.8143e+04 7.2134e+04 6.6648e+04 7.3609e+04 8.0358e+04 6.2682e+04 7.4303e+04 5.8536e+04 8.5237e+04 6.4624e+04
  29.7500 6.7471e+04 5.5717e+04 8.2426e+04 5.6360e+04 8.1924e+04 6.5580e+04 6.9380e+04 6.4136e+04 7.0806e+04 7.7285e+04 6.0316e+04 7.1453e+04 5.6360e+04 8.1924e+04 6.2225e+04
  30.0000 6.4930e+04 5.3663e+04 7.9240e+04 5.4277e+04 7.8759e+04 6.3128e+04 6.6748e+04 6.1734e+04 6.8126e+04 7.4347e+04 5.8053e+04 6.8729e+04 5.4277e+04 7.8759e+04 5.9928e+04
  30.2500 6.2499e+04 5.1696e+04 7.6195e+04 5.2283e+04 7.5735e+04 6.0781e+04 6.4230e+04 5.9434e+04 6.5564e+04 7.1537e+04 5.5889e+04 6.6125e+04 5.2283e+04 7.5735e+04 5.7730e+04
  30.5000 6.0173e+04 4.9812e+04 7.3286e+04 5.0374e+04 7.2845e+04 5.8535e+04 6.1823e+04 5.7234e+04 6.3112e+04 6.8850e+04 5.3817e+04 6.3635e+04 5.0374e+04 7.2845e+04 5.5624e+04
  30.7500 5.7947e+04 4.8007e+04 7.0504e+04 4.8544e+04 7.0082e+04 5.6385e+04 5.9519e+04 5.5128e+04 6.0766e+04 6.6278e+04 5.1834e+04 6.1253e+04 4.8544e+04 7.0082e+04 5.3606e+04
  31.0000 5.5816e+04 4.6278e+04 6.7844e+04 4.6792e+04 6.7440e+04 5.4326e+04 5.7314e+04 5.3111e+04 5.8520e+04 6.3818e+04 4.9935e+04 5.8973e+04 4.6792e+04 6.7440e+04 5.1673e+04
  31.2500 5.3775e+04 4.4620e+04 6.5300e+04 4.5112e+04 6.4913e+04 5.2353e+04 5.5204e+04 5.1179e+04 5.6370e+04 6.1462e+04 4.8117e+04 5.6792e+04 4.5112e+04 6.4913e+04 4.9820e+04
  31.5000 5.1820e+04 4.3031e+04 6.2866e+04 4.3501e+04 6.2494e+04 5.0463e+04 5.3183e+04 4.9328e+04 5.4311e+04 5.9206e+04 4.6374e+04 5.4704e+04 4.3501e+04 6.2494e+04 4.8043e+04
  31.7500 4.9946e+04 4.1507e+04 6.0536e+04 4.1957e+04 6.0180e+04 4.8651e+04 5.1247e+04 4.7554e+04 5.2338e+04 5.7045e+04 4.4705e+04 5.2704e+04 4.1957e+04 6.0180e+04 4.6339e+04
  32.0000 4.8151e+04 4.0045e+04 5.8305e+04 4.0476e+04 5.7964e+04 4.6914e+04 4.9393e+04 4.5854e+04 5.0448e+04 5.4974e+04 4.3104e+04 5.0788e+04 4.0476e+04 5.7964e+04 4.4705e+04
  32.2500 4.6430e+04 3.8641e+04 5.6170e+04 3.9055e+04 5.5842e+04 4.5249e+04 4.7616e+04 4.4223e+04 4.8637e+04 5.2990e+04 4.1570e+04 4.8952e+04 3.9055e+04 5.5842e+04 4.3136e+04
  32.5000 4.4780e+04 3.7295e+04 5.4124e+04 3.7691e+04 5.3809e+04 4.3651e+04 4.5912e+04 4.2659e+04 4.6900e+04 5.1088e+04 4.0098e+04 4.7193e+04 3.7691e+04 5.3809e+04 4.1631e+04
  32.7500 4.3197e+04 3.6002e+04 5.2164e+04 3.6382e+04 5.1862e+04 4.2118e+04 4.4279e+04 4.1159e+04 4.5235e+04 4.9265e+04 3.8687e+04 4.5507e+04 3.6382e+04 5.1862e+04 4.0186e+04
  33.0000 4.1679e+04 3.4761e+04 5.0285e+04 3.5125e+04 4.9996e+04 4.0647e+04 4.2712e+04 3.9720e+04 4.3638e+04 4.7516e+04 3.7332e+04 4.3890e+04 3.5125e+04 4.9996e+04 3.8798e+04
  33.2500 4.0222e+04 3.3569e+04 4.8485e+04 3.3918e+04 4.8207e+04 3.9236e+04 4.1210e+04 3.8338e+04 4.2105e+04 4.5839e+04 3.6033e+04 4.2340e+04 3.3918e+04 4.8207e+04 3.7466e+04
  33.5000 3.8824e+04 3.2425e+04 4.6760e+04 3.2760e+04 4.6492e+04 3.7880e+04 3.9769e+04 3.7012e+04 4.0635e+04 4.4230e+04 3.4786e+04 4.0852e+04 3.2760e+04 4.6492e+04 3.6186e+04
  33.7500 3.7482e+04 3.1326e+04 4.5105e+04 3.1647e+04 4.4848e+04 3.6580e+04 3.8386e+04 3.5739e+04 3.9225e+04 4.2687e+04 3.3588e+04 3.9426e+04 3.1647e+04 4.4848e+04 3.4958e+04
  34.0000 3.6194e+04 3.0269e+04 4.3519e+04 3.0578e+04 4.3272e+04 3.5330e+04 3.7058e+04 3.4517e+04 3.7871e+04 4.1205e+04 3.2439e+04 3.8057e+04 3.0578e+04 4.3272e+04 3.3777e+04
  34.2500 3.4958e+04 2.9254e+04 4.1996e+04 2.9550e+04 4.1759e+04 3.4130e+04 3.5784e+04 3.3343e+04 3.6571e+04 3.9783e+04 3.1334e+04 3.6743e+04 2.9550e+04 4.1759e+04 3.2642e+04
  34.5000 3.3769e+04 2.8278e+04 4.0536e+04 2.8563e+04 4.0307e+04 3.2978e+04 3.4561e+04 3.2216e+04 3.5323e+04 3.8418e+04 3.0274e+04 3.5481e+04 2.8563e+04 4.0307e+04 3.1552e+04
  34.7500 3.2628e+04 2.7340e+04 3.9134e+04 2.7613e+04 3.8914e+04 3.1870e+04 3.3386e+04 3.1132e+04 3.4124e+04 3.7107e+04 2.9255e+04 3.4270e+04 2.7613e+04 3.8914e+04 3.0503e+04
  35.0000 3.1531e+04 2.6438e+04 3.7788e+04 2.6700e+04 3.7576e+04 3.0805e+04 3.2256e+04 3.0090e+04 3.2971e+04 3.5847e+04 2.8275e+04 3.3106e+04 2.6700e+04 3.7576e+04 2.9495e+04
  35.2500 3.0477e+04 2.5570e+04 3.6495e+04 2.5822e+04 3.6292e+04 2.9781e+04 3.1172e+04 2.9089e+04 3.1864e+04 3.4637e+04 2.7334e+04 3.1988e+04 2.5822e+04 3.6292e+04 2.8525e+04
  35.5000 2.9464e+04 2.4735e+04 3.5254e+04 2.4978e+04 3.5058e+04 2.8796e+04 3.0129e+04 2.8126e+04 3.0800e+04 3.3474e+04 2.6428e+04 3.0914e+04 2.4978e+04 3.5058e+04 2.7592e+04
  35.7500 2.8489e+04 2.3932e+04 3.4061e+04 2.4165e+04 3.3872e+04 2.7850e+04 2.9126e+04 2.7200e+04 2.9777e+04 3.2356e+04 2.5557e+04 2.9881e+04 2.4165e+04 3.3872e+04 2.6695e+04
  36.0000 2.7552e+04 2.3159e+04 3.2915e+04 2.3383e+04 3.2733e+04 2.6938e+04 2.8163e+04 2.6309e+04 2.8793e+04 3.1281e+04 2.4720e+04 2.8888e+04 2.3383e+04 3.2733e+04 2.5831e+04
  36.2500 2.6650e+04 2.2414e+04 3.1813e+04 2.2630e+04 3.1638e+04 2.6062e+04 2.7236e+04 2.5452e+04 2.7847e+04 3.0247e+04 2.3914e+04 2.7933e+04 2.2630e+04 3.1638e+04 2.4999e+04
  36.5000 2.5782e+04 2.1697e+04 3.0754e+04 2.1905e+04 3.0586e+04 2.5218e+04 2.6344e+04 2.4627e+04 2.6936e+04 2.9253e+04 2.3138e+04 2.7014e+04 2.1905e+04 3.0586e+04 2.4198e+04
  36.7500 2.4947e+04 2.1007e+04 2.9736e+04 2.1206e+04 2.9574e+04 2.4406e+04 2.5486e+04 2.3833e+04 2.6060e+04 2.8296e+04 2.2391e+04 2.6131e+04 2.1206e+04 2.9574e+04 2.3426e+04
  37.0000 2.4143e+04 2.0342e+04 2.8756e+04 2.0534e+04 2.8600e+04 2.3624e+04 2.4660e+04 2.3068e+04 2.5216e+04 2.7375e+04 2.1672e+04 2.5281e+04 2.0534e+04 2.8600e+04 2.2684e+04
  37.2500 2.3369e+04 1.9701e+04 2.7814e+04 1.9886e+04 2.7663e+04 2.2870e+04 2.3865e+04 2.2332e+04 2.4405e+04 2.6489e+04 2.0980e+04 2.4462e+04 1.9886e+04 2.7663e+04 2.1968e+04
  37.5000 2.2623e+04 1.9083e+04 2.6908e+04 1.9262e+04 2.6762e+04 2.2145e+04 2.3099e+04 2.1623e+04 2.3623e+04 2.5636e+04 2.0314e+04 2.3674e+04 1.9262e+04 2.6762e+04 2.1278e+04
  37.7500 2.1905e+04 1.8488e+04 2.6035e+04 1.8660e+04 2.5894e+04 2.1446e+04 2.2362e+04 2.0939e+04 2.2870e+04 2.4814e+04 1.9671e+04 2.2916e+04 1.8660e+04 2.5894e+04 2.0613e+04
  38.0000 2.1213e+04 1.7914e+04 2.5195e+04 1.8080e+04 2.5059e+04 2.0772e+04 2.1652e+04 2.0281e+04 2.2145e+04 2.4023e+04 1.9052e+04 2.2185e+04 1.8080e+04 2.5059e+04 1.9972e+04
  38.2500 2.0547e+04 1.7361e+04 2.4386e+04 1.7520e+04 2.4255e+04 2.0123e+04 2.0968e+04 1.9646e+04 2.1446e+04 2.3260e+04 1.8456e+04 2.1482e+04 1.7520e+04 2.4255e+04 1.9354e+04
  38.5000 1.9904e+04 1.6827e+04 2.3607e+04 1.6981e+04 2.3481e+04 1.9497e+04 2.0309e+04 1.9035e+04 2.0773e+04 2.2526e+04 1.7881e+04 2.0804e+04 1.6981e+04 2.3481e+04 1.8758e+04
  38.7500 1.9285e+04 1.6312e+04 2.2857e+04 1.6460e+04 2.2735e+04 1.8893e+04 1.9674e+04 1.8445e+04 2.0124e+04 2.1818e+04 1.7327e+04 2.0150e+04 1.6460e+04 2.2735e+04 1.8183e+04
  39.0000 1.8688e+04 1.5816e+04 2.2134e+04 1.5958e+04 2.2017e+04 1.8311e+04 1.9062e+04 1.7876e+04 1.9498e+04 2.1136e+04 1.6792e+04 1.9521e+04 1.5958e+04 2.2017e+04 1.7628e+04
  39.2500 1.8112e+04 1.5336e+04 2.1438e+04 1.5474e+04 2.1324e+04 1.7750e+04 1.8471e+04 1.7328e+04 1.8895e+04 2.0478e+04 1.6276e+04 1.8914e+04 1.5474e+04 2.1324e+04 1.7093e+04
  39.5000 1.7556e+04 1.4874e+04 2.0767e+04 1.5007e+04 2.0657e+04 1.7208e+04 1.7902e+04 1.6799e+04 1.8314e+04 1.9844e+04 1.5779e+04 1.8328e+04 1.5007e+04 2.0657e+04 1.6577e+04
  39.7500 1.7021e+04 1.4427e+04 2.0120e+04 1.4556e+04 2.0014e+04 1.6686e+04 1.7353e+04 1.6288e+04 1.7752e+04 1.9233e+04 1.5299e+04 1.7764e+04 1.4556e+04 2.0014e+04 1.6078e+04
  40.0000 1.6504e+04 1.3996e+04 1.9496e+04 1.4120e+04 1.9394e+04 1.6182e+04 1.6823e+04 1.5796e+04 1.7211e+04 1.8643e+04 1.4836e+04 1.7220e+04 1.4120e+04 1.9394e+04 1.5597e+04
  40.2500 1.6005e+04 1.3580e+04 1.8895e+04 1.3700e+04 1.8796e+04 1.5695e+04 1.6312e+04 1.5320e+04 1.6689e+04 1.8074e+04 1.4390e+04 1.6694e+04 1.3700e+04 1.8796e+04 1.5132e+04
  40.5000 1.5523e+04 1.3178e+04 1.8315e+04 1.3293e+04 1.8219e+04 1.5225e+04 1.5819e+04 1.4861e+04 1.6185e+04 1.7525e+04 1.3958e+04 1.6188e+04 1.3293e+04 1.8219e+04 1.4683e+04
  40.7500 1.5058e+04 1.2790e+04 1.7755e+04 1.2901e+04 1.7662e+04 1.4771e+04 1.5343e+04 1.4418e+04 1.5698e+04 1.6995e+04 1.3542e+04 1.5699e+04 1.2901e+04 1.7662e+04 1.4250e+04
  41.0000 1.4610e+04 1.2415e+04 1.7215e+04 1.2522e+04 1.7126e+04 1.4333e+04 1.4884e+04 1.3990e+04 1.5229e+04 1.6484e+04 1.3140e+04 1.5227e+04 1.2522e+04 1.7126e+04 1.3831e+04
  41.2500 1.4176e+04 1.2052e+04 1.6694e+04 1.2156e+04 1.6608e+04 1.3910e+04 1.4440e+04 1.3577e+04 1.4776e+04 1.5990e+04 1.2751e+04 1.4771e+04 1.2156e+04 1.6608e+04 1.3427e+04
  41.5000 1.3758e+04 1.1702e+04 1.6192e+04 1.1803e+04 1.6108e+04 1.3502e+04 1.4012e+04 1.3178e+04 1.4338e+04 1.5514e+04 1.2376e+04 1.4332e+04 1.1803e+04 1.6108e+04 1.3036e+04
  41.7500 1.3354e+04 1.1364e+04 1.5707e+04 1.1461e+04 1.5626e+04 1.3107e+04 1.3599e+04 1.2792e+04 1.3915e+04 1.5054e+04 1.2014e+04 1.3907e+04 1.1461e+04 1.5626e+04 1.2658e+04
  42.0000 1.2964e+04 1.1037e+04 1.5239e+04 1.1131e+04 1.5160e+04 1.2725e+04 1.3200e+04 1.2420e+04 1.3507e+04 1.4610e+04 1.1664e+04 1.3497e+04 1.1131e+04 1.5160e+04 1.2294e+04
  42.2500 1.2586e+04 1.0721e+04 1.4787e+04 1.0812e+04 1.4711e+04 1.2357e+04 1.2814e+04 1.2060e+04 1.3113e+04 1.4181e+04 1.1326e+04 1.3101e+04 1.0812e+04 1.4711e+04 1.1941e+04
  42.5000 1.2222e+04 1.0415e+04 1.4350e+04 1.0503e+04 1.4277e+04 1.2001e+04 1.2441e+04 1.1712e+04 1.2732e+04 1.3766e+04 1.0999e+04 1.2718e+04 1.0503e+04 1.4277e+04 1.1600e+04
  42.7500 1.1870e+04 1.0120e+04 1.3929e+04 1.0204e+04 1.3858e+04 1.1656e+04 1.2081e+04 1.1375e+04 1.2364e+04 1.3366e+04 1.0683e+04 1.2349e+04 1.0204e+04 1.3858e+04 1.1270e+04
  43.0000 1.1529e+04 9.8336e+03 1.3522e+04 9.9157e+03 1.3452e+04 1.1323e+04 1.1733e+04 1.1050e+04 1.2008e+04 1.2978e+04 1.0377e+04 1.1992e+04 9.9157e+03 1.3452e+04 1.0951e+04
  43.2500 1.1200e+04 9.5569e+03 1.3128e+04 9.6364e+03 1.3061e+04 1.1001e+04 1.1396e+04 1.0736e+04 1.1664e+04 1.2604e+04 1.0082e+04 1.1646e+04 9.6364e+03 1.3061e+04 1.0642e+04
  43.5000 1.0882e+04 9.2893e+03 1.2748e+04 9.3663e+03 1.2683e+04 1.0690e+04 1.1071e+04 1.0432e+04 1.1331e+04 1.2243e+04 9.7962e+03 1.1312e+04 9.3663e+03 1.2683e+04 1.0344e+04
  43.7500 1.0574e+04 9.0303e+03 1.2380e+04 9.1048e+03 1.2317e+04 1.0389e+04 1.0756e+04 1.0137e+04 1.1009e+04 1.1893e+04 9.5199e+03 1.0990e+04 9.1048e+03 1.2317e+04 1.0055e+04
  44.0000 1.0276e+04 8.7797e+03 1.2025e+04 8.8518e+03 1.1964e+04 1.0097e+04 1.0452e+04 9.8527e+03 1.0698e+04 1.1555e+04 9.2525e+03 1.0677e+04 8.8518e+03 1.1964e+04 9.7750e+03
  44.2500 9.9874e+03 8.5370e+03 1.1681e+04 8.6069e+03 1.1622e+04 9.8152e+03 1.0158e+04 9.5773e+03 1.0397e+04 1.1228e+04 8.9938e+03 1.0375e+04 8.6069e+03 1.1622e+04 9.5043e+03
  44.5000 9.7085e+03 8.3021e+03 1.1349e+04 8.3698e+03 1.1292e+04 9.5423e+03 9.8728e+03 9.3108e+03 1.0106e+04 1.0911e+04 8.7434e+03 1.0083e+04 8.3698e+03 1.1292e+04 9.2423e+03
  44.7500 9.4386e+03 8.0747e+03 1.1028e+04 8.1403e+03 1.0972e+04 9.2781e+03 9.5972e+03 9.0527e+03 9.8240e+03 1.0605e+04 8.5011e+03 9.8008e+03 8.1403e+03 1.0972e+04 8.9886e+03
  45.0000 9.1773e+03 7.8544e+03 1.0717e+04 7.9180e+03 1.0663e+04 9.0224e+03 9.3305e+03 8.8030e+03 9.5513e+03 1.0309e+04 8.2665e+03 9.5273e+03 7.9180e+03 1.0663e+04 8.7430e+03
  45.2500 8.9244e+03 7.6410e+03 1.0417e+04 7.7027e+03 1.0364e+04 8.7747e+03 9.0723e+03 8.5611e+03 9.2873e+03 1.0022e+04 8.0393e+03 9.2626e+03 7.7027e+03 1.0364e+04 8.5051e+03
  45.5000 8.6795e+03 7.4344e+03 1.0126e+04 7.4941e+03 1.0075e+04 8.5349e+03 8.8224e+03 8.3270e+03 9.0317e+03 9.7447e+03 7.8194e+03 9.0064e+03 7.4941e+03 1.0075e+04 8.2746e+03
  45.7500 8.4424e+03 7.2341e+03 9.8441e+03 7.2921e+03 9.7947e+03 8.3027e+03 8.5804e+03 8.1002e+03 8.7843e+03 9.4760e+03 7.6064e+03 8.7584e+03 7.2921e+03 9.7947e+03 8.0513e+03
  46.0000 8.2127e+03 7.0401e+03 9.5715e+03 7.0963e+03 9.5236e+03 8.0777e+03 8.3461e+03 7.8805e+03 8.5446e+03 9.2159e+03 7.4001e+03 8.5183e+03 7.0963e+03 9.5236e+03 7.8350e+03
  46.2500 7.9902e+03 6.8521e+03 9.3077e+03 6.9066e+03 9.2611e+03 7.8597e+03 8.1191e+03 7.6676e+03 8.3125e+03 8.9640e+03 7.2002e+03 8.2857e+03 6.9066e+03 9.2611e+03 7.6253e+03
  46.5000 7.7747e+03 6.6698e+03 9.0522e+03 6.7227e+03 9.0070e+03 7.6486e+03 7.8993e+03 7.4614e+03 8.0877e+03 8.7200e+03 7.0065e+03 8.0605e+03 6.7227e+03 9.0070e+03 7.4221e+03
  46.7500 7.5659e+03 6.4931e+03 8.8049e+03 6.5445e+03 8.7609e+03 7.4439e+03 7.6863e+03 7.2616e+03 7.8699e+03 8.4837e+03 6.8189e+03 7.8423e+03 6.5445e+03 8.7609e+03 7.2252e+03
  47.0000 7.3635e+03 6.3219e+03 8.5653e+03 6.3717e+03 8.5226e+03 7.2456e+03 7.4799e+03 7.0679e+03 7.6588e+03 8.2547e+03 6.6370e+03 7.6309e+03 6.3717e+03 8.5226e+03 7.0342e+03
  47.2500 7.1673e+03 6.1558e+03 8.3332e+03 6.2041e+03 8.2917e+03 7.0533e+03 7.2799e+03 6.8802e+03 7.4542e+03 8.0328e+03 6.4607e+03 7.4261e+03 6.2041e+03 8.2917e+03 6.8491e+03
  47.5000 6.9772e+03 5.9947e+03 8.1084e+03 6.0416e+03 8.0681e+03 6.8669e+03 7.0861e+03 6.6982e+03 7.2560e+03 7.8178e+03 6.2898e+03 7.2276e+03 6.0416e+03 8.0681e+03 6.6696e+03
  47.7500 6.7929e+03 5.8385e+03 7.8905e+03 5.8840e+03 7.8514e+03 6.6861e+03 6.8982e+03 6.5217e+03 7.0638e+03 7.6094e+03 6.1241e+03 7.0352e+03 5.8840e+03 7.8514e+03 6.4954e+03
  48.0000 6.6142e+03 5.6869e+03 7.6794e+03 5.7312e+03 7.6413e+03 6.5109e+03 6.7161e+03 6.3506e+03 6.8775e+03 7.4075e+03 5.9634e+03 6.8487e+03 5.7312e+03 7.6413e+03 6.3265e+03
  48.2500 6.4409e+03 5.5399e+03 7.4748e+03 5.5829e+03 7.4378e+03 6.3409e+03 6.5395e+03 6.1846e+03 6.6968e+03 7.2116e+03 5.8076e+03 6.6679e+03 5.5829e+03 7.4378e+03 6.1627e+03
  48.5000 6.2728e+03 5.3972e+03 7.2765e+03 5.4390e+03 7.2405e+03 6.1760e+03 6.3683e+03 6.0237e+03 6.5216e+03 7.0218e+03 5.6564e+03 6.4926e+03 5.4390e+03 7.2405e+03 6.0037e+03
  48.7500 6.1097e+03 5.2588e+03 7.0842e+03 5.2994e+03 7.0492e+03 6.0161e+03 6.2022e+03 5.8675e+03 6.3517e+03 6.8376e+03 5.5098e+03 6.3226e+03 5.2994e+03 7.0492e+03 5.8495e+03
  49.0000 5.9516e+03 5.1245e+03 6.8978e+03 5.1639e+03 6.8637e+03 5.8609e+03 6.0411e+03 5.7160e+03 6.1869e+03 6.6591e+03 5.3675e+03 6.1577e+03 5.1639e+03 6.8637e+03 5.6998e+03
  49.2500 5.7981e+03 4.9941e+03 6.7170e+03 5.0324e+03 6.6839e+03 5.7103e+03 5.8848e+03 5.5690e+03 6.0270e+03 6.4858e+03 5.2295e+03 5.9977e+03 5.0324e+03 6.6839e+03 5.5545e+03
  49.5000 5.6492e+03 4.8675e+03 6.5417e+03 4.9048e+03 6.5094e+03 5.5642e+03 5.7332e+03 5.4264e+03 5.8718e+03 6.3178e+03 5.0955e+03 5.8426e+03 4.9048e+03 6.5094e+03 5.4134e+03
  49.7500 5.5048e+03 4.7446e+03 6.3717e+03 4.7808e+03 6.3402e+03 5.4223e+03 5.5861e+03 5.2879e+03 5.7212e+03 6.1548e+03 4.9655e+03 5.6920e+03 4.7808e+03 6.3402e+03 5.2765e+03
  50.0000 5.3645e+03 4.6253e+03 6.2067e+03 4.6605e+03 6.1761e+03 5.2846e+03 5.4433e+03 5.1536e+03 5.5751e+03 5.9966e+03 4.8394e+03 5.5460e+03 4.6605e+03 6.1761e+03 5.1436e+03
  50.2500 5.2284e+03 4.5094e+03 6.0467e+03 4.5437e+03 6.0169e+03 5.1510e+03 5.3047e+03 5.0231e+03 5.4334e+03 5.8431e+03 4.7169e+03 5.4042e+03 4.5437e+03 6.0169e+03 5.0145e+03
  50.5000 5.0963e+03 4.3969e+03 5.8914e+03 4.4302e+03 5.8624e+03 5.0213e+03 5.1702e+03 4.8965e+03 5.2958e+03 5.6941e+03 4.5980e+03 5.2667e+03 4.4302e+03 5.8624e+03 4.8892e+03
  50.7500 4.9680e+03 4.2876e+03 5.7408e+03 4.3201e+03 5.7125e+03 4.8953e+03 5.0397e+03 4.7735e+03 5.1622e+03 5.5496e+03 4.4826e+03 5.1332e+03 4.3201e+03 5.7125e+03 4.7675e+03
  51.0000 4.8435e+03 4.1815e+03 5.5946e+03 4.2131e+03 5.5671e+03 4.7730e+03 4.9130e+03 4.6542e+03 5.0325e+03 5.4093e+03 4.3705e+03 5.0036e+03 4.2131e+03 5.5671e+03 4.6493e+03
  51.2500 4.7226e+03 4.0784e+03 5.4527e+03 4.1091e+03 5.4259e+03 4.6543e+03 4.7900e+03 4.5382e+03 4.9066e+03 5.2731e+03 4.2616e+03 4.8778e+03 4.1091e+03 5.4259e+03 4.5345e+03
  51.5000 4.6052e+03 3.9782e+03 5.3150e+03 4.0082e+03 5.2889e+03 4.5389e+03 4.6705e+03 4.4256e+03 4.7844e+03 5.1408e+03 4.1559e+03 4.7557e+03 4.0082e+03 5.2889e+03 4.4229e+03
  51.7500 4.4911e+03 3.8809e+03 5.1814e+03 3.9101e+03 5.1559e+03 4.4269e+03 4.5545e+03 4.3162e+03 4.6657e+03 5.0124e+03 4.0533e+03 4.6371e+03 3.9101e+03 5.1559e+03 4.3146e+03
  52.0000 4.3803e+03 3.7863e+03 5.0516e+03 3.8147e+03 5.0268e+03 4.3180e+03 4.4418e+03 4.2100e+03 4.5504e+03 4.8877e+03 3.9535e+03 4.5219e+03 3.8147e+03 5.0268e+03 4.2093e+03
  52.2500 4.2727e+03 3.6944e+03 4.9255e+03 3.7221e+03 4.9014e+03 4.2122e+03 4.3323e+03 4.1067e+03 4.4384e+03 4.7666e+03 3.8566e+03 4.4100e+03 3.7221e+03 4.9014e+03 4.1069e+03
  52.5000 4.1681e+03 3.6051e+03 4.8031e+03 3.6320e+03 4.7796e+03 4.1094e+03 4.2259e+03 4.0064e+03 4.3295e+03 4.6489e+03 3.7624e+03 4.3013e+03 3.6320e+03 4.7796e+03 4.0075e+03
  52.7500 4.0665e+03 3.5183e+03 4.6843e+03 3.5445e+03 4.6613e+03 4.0096e+03 4.1226e+03 3.9089e+03 4.2238e+03 4.5346e+03 3.6709e+03 4.1957e+03 3.5445e+03 4.6613e+03 3.9108e+03
  53.0000 3.9677e+03 3.4338e+03 4.5688e+03 3.4594e+03 4.5464e+03 3.9125e+03 4.0222e+03 3.8141e+03 4.1211e+03 4.4236e+03 3.5820e+03 4.0931e+03 3.4594e+03 4.5464e+03 3.8168e+03
  53.2500 3.8717e+03 3.3517e+03 4.4566e+03 3.3766e+03 4.4347e+03 3.8181e+03 3.9246e+03 3.7220e+03 4.0212e+03 4.3156e+03 3.4955e+03 3.9934e+03 3.3766e+03 4.4347e+03 3.7254e+03
  53.5000 3.7784e+03 3.2719e+03 4.3476e+03 3.2962e+03 4.3262e+03 3.7264e+03 3.8297e+03 3.6324e+03 3.9241e+03 4.2108e+03 3.4114e+03 3.8965e+03 3.2962e+03 4.3262e+03 3.6366e+03
  53.7500 3.6877e+03 3.1942e+03 4.2417e+03 3.2179e+03 4.2208e+03 3.6372e+03 3.7375e+03 3.5454e+03 3.8298e+03 4.1088e+03 3.3297e+03 3.8023e+03 3.2179e+03 4.2208e+03 3.5501e+03
  54.0000 3.5995e+03 3.1187e+03 4.1387e+03 3.1418e+03 4.1184e+03 3.5504e+03 3.6478e+03 3.4607e+03 3.7381e+03 4.0097e+03 3.2502e+03 3.7107e+03 3.1418e+03 4.1184e+03 3.4661e+03
  54.2500 3.5137e+03 3.0453e+03 4.0387e+03 3.0678e+03 4.0188e+03 3.4661e+03 3.5607e+03 3.3783e+03 3.6489e+03 3.9134e+03 3.1730e+03 3.6217e+03 3.0678e+03 4.0188e+03 3.3843e+03
  54.5000 3.4303e+03 2.9738e+03 3.9414e+03 2.9958e+03 3.9220e+03 3.3840e+03 3.4759e+03 3.2982e+03 3.5621e+03 3.8197e+03 3.0978e+03 3.5351e+03 2.9958e+03 3.9220e+03 3.3048e+03
  54.7500 3.3492e+03 2.9043e+03 3.8468e+03 2.9257e+03 3.8279e+03 3.3042e+03 3.3935e+03 3.2203e+03 3.4778e+03 3.7286e+03 3.0247e+03 3.4510e+03 2.9257e+03 3.8279e+03 3.2274e+03
  55.0000 3.2702e+03 2.8366e+03 3.7549e+03 2.8575e+03 3.7364e+03 3.2266e+03 3.3133e+03 3.1446e+03 3.3957e+03 3.6400e+03 2.9536e+03 3.3691e+03 2.8575e+03 3.7364e+03 3.1521e+03
  55.2500 3.1934e+03 2.7707e+03 3.6655e+03 2.7912e+03 3.6474e+03 3.1510e+03 3.2353e+03 3.0708e+03 3.3159e+03 3.5539e+03 2.8844e+03 3.2895e+03 2.7912e+03 3.6474e+03 3.0788e+03
  55.5000 3.1188e+03 2.7066e+03 3.5785e+03 2.7266e+03 3.5609e+03 3.0775e+03 3.1594e+03 2.9991e+03 3.2382e+03 3.4701e+03 2.8170e+03 3.2120e+03 2.7266e+03 3.5609e+03 3.0075e+03
  55.7500 3.0461e+03 2.6443e+03 3.4939e+03 2.6637e+03 3.4767e+03 3.0060e+03 3.0855e+03 2.9292e+03 3.1627e+03 3.3885e+03 2.7515e+03 3.1367e+03 2.6637e+03 3.4767e+03 2.9381e+03
  56.0000 2.9753e+03 2.5835e+03 3.4117e+03 2.6025e+03 3.3948e+03 2.9364e+03 3.0137e+03 2.8613e+03 3.0892e+03 3.3092e+03 2.6877e+03 3.0633e+03 2.6025e+03 3.3948e+03 2.8706e+03
  56.2500 2.9065e+03 2.5244e+03 3.3316e+03 2.5429e+03 3.3151e+03 2.8686e+03 2.9438e+03 2.7952e+03 3.0176e+03 3.2320e+03 2.6257e+03 2.9920e+03 2.5429e+03 3.3151e+03 2.8048e+03
  56.5000 2.8394e+03 2.4668e+03 3.2538e+03 2.4849e+03 3.2376e+03 2.8026e+03 2.8757e+03 2.7308e+03 2.9480e+03 3.1569e+03 2.5652e+03 2.9225e+03 2.4849e+03 3.2376e+03 2.7408e+03
  56.7500 2.7742e+03 2.4108e+03 3.1780e+03 2.4284e+03 3.1622e+03 2.7384e+03 2.8094e+03 2.6681e+03 2.8802e+03 3.0838e+03 2.5064e+03 2.8549e+03 2.4284e+03 3.1622e+03 2.6784e+03
  57.0000 2.7107e+03 2.3562e+03 3.1042e+03 2.3734e+03 3.0888e+03 2.6759e+03 2.7450e+03 2.6071e+03 2.8142e+03 3.0126e+03 2.4492e+03 2.7892e+03 2.3734e+03 3.0888e+03 2.6177e+03
  57.2500 2.6488e+03 2.3030e+03 3.0325e+03 2.3199e+03 3.0174e+03 2.6150e+03 2.6822e+03 2.5476e+03 2.7499e+03 2.9433e+03 2.3934e+03 2.7251e+03 2.3199e+03 3.0174e+03 2.5585e+03
  57.5000 2.5886e+03 2.2512e+03 2.9626e+03 2.2677e+03 2.9479e+03 2.5557e+03 2.6211e+03 2.4898e+03 2.6874e+03 2.8759e+03 2.3391e+03 2.6628e+03 2.2677e+03 2.9479e+03 2.5009e+03
  57.7500 2.5300e+03 2.2007e+03 2.8946e+03 2.2168e+03 2.8802e+03 2.4980e+03 2.5615e+03 2.4334e+03 2.6264e+03 2.8102e+03 2.2862e+03 2.6021e+03 2.2168e+03 2.8802e+03 2.4448e+03
  58.0000 2.4729e+03 2.1516e+03 2.8284e+03 2.1673e+03 2.8143e+03 2.4417e+03 2.5036e+03 2.3785e+03 2.5671e+03 2.7463e+03 2.2347e+03 2.5429e+03 2.1673e+03 2.8143e+03 2.3901e+03
  58.2500 2.4172e+03 2.1037e+03 2.7639e+03 2.1191e+03 2.7501e+03 2.3869e+03 2.4471e+03 2.3251e+03 2.5093e+03 2.6840e+03 2.1845e+03 2.4854e+03 2.1191e+03 2.7501e+03 2.3368e+03
  58.5000 2.3630e+03 2.0570e+03 2.7011e+03 2.0720e+03 2.6876e+03 2.3335e+03 2.3921e+03 2.2730e+03 2.4530e+03 2.6234e+03 2.1356e+03 2.4293e+03 2.0720e+03 2.6876e+03 2.2849e+03
  58.7500 2.3102e+03 2.0115e+03 2.6400e+03 2.0262e+03 2.6268e+03 2.2815e+03 2.3385e+03 2.2222e+03 2.3982e+03 2.5643e+03 2.0880e+03 2.3747e+03 2.0262e+03 2.6268e+03 2.2344e+03
  59.0000 2.2588e+03 1.9672e+03 2.5804e+03 1.9815e+03 2.5675e+03 2.2308e+03 2.2863e+03 2.1728e+03 2.3448e+03 2.5068e+03 2.0416e+03 2.3214e+03 1.9815e+03 2.5675e+03 2.1851e+03
  59.2500 2.2087e+03 1.9240e+03 2.5224e+03 1.9380e+03 2.5098e+03 2.1815e+03 2.2354e+03 2.1246e+03 2.2927e+03 2.4507e+03 1.9963e+03 2.2696e+03 1.9380e+03 2.5098e+03 2.1370e+03
  59.5000 2.1598e+03 1.8818e+03 2.4659e+03 1.8956e+03 2.4536e+03 2.1333e+03 2.1859e+03 2.0776e+03 2.2419e+03 2.3961e+03 1.9523e+03 2.2191e+03 1.8956e+03 2.4536e+03 2.0902e+03
  59.7500 2.1122e+03 1.8408e+03 2.4109e+03 1.8542e+03 2.3988e+03 2.0864e+03 2.1376e+03 2.0318e+03 2.1925e+03 2.3429e+03 1.9093e+03 2.1699e+03 1.8542e+03 2.3988e+03 2.0446e+03
  60.0000 2.0658e+03 1.8008e+03 2.3573e+03 1.8139e+03 2.3454e+03 2.0407e+03 2.0905e+03 1.9872e+03 2.1443e+03 2.2910e+03 1.8675e+03 2.1219e+03 1.8139e+03 2.3454e+03 2.0001e+03
