   5.0000 7.8532e+06 5.6457e+06 1.1252e+07 5.9080e+06 1.1024e+07 6.8096e+06 9.0771e+06 8.9339e+06 7.0489e+06 9.0986e+06 5.9080e+06 1.1024e+07 5.9670e+06
   5.2500 7.2626e+06 5.2354e+06 1.0392e+07 5.4643e+06 1.0196e+07 6.3270e+06 8.3535e+06 8.3238e+06 6.4895e+06 8.3856e+06 5.4643e+06 1.0196e+07 5.5743e+06
   5.5000 6.6994e+06 4.8422e+06 9.5729e+06 5.0414e+06 9.4041e+06 5.8625e+06 7.6697e+06 7.7335e+06 5.9605e+06 7.7092e+06 5.0414e+06 9.4041e+06 5.1927e+06
   5.7500 6.1671e+06 4.4689e+06 8.7996e+06 4.6422e+06 8.6545e+06 5.4198e+06 7.0290e+06 7.1679e+06 5.4646e+06 7.0732e+06 4.6422e+06 8.6545e+06 4.8257e+06
   6.0000 5.6678e+06 4.1174e+06 8.0752e+06 4.2680e+06 7.9504e+06 5.0013e+06 6.4329e+06 6.6302e+06 5.0028e+06 6.4793e+06 4.2680e+06 7.9504e+06 4.4754e+06
   6.2500 5.2023e+06 3.7885e+06 7.4004e+06 3.9193e+06 7.2930e+06 4.6084e+06 5.8811e+06 6.1222e+06 4.5753e+06 5.9280e+06 3.9193e+06 7.2930e+06 4.1434e+06
   6.5000 4.7705e+06 3.4823e+06 6.7751e+06 3.5960e+06 6.6825e+06 4.2414e+06 5.3727e+06 5.6453e+06 4.1812e+06 5.4189e+06 3.5960e+06 6.6825e+06 3.8308e+06
   6.7500 4.3716e+06 3.1986e+06 6.1980e+06 3.2975e+06 6.1181e+06 3.9003e+06 4.9059e+06 5.2003e+06 3.8193e+06 4.9504e+06 3.2975e+06 6.1181e+06 3.5382e+06
   7.0000 4.0043e+06 2.9366e+06 5.6673e+06 3.0226e+06 5.5982e+06 3.5844e+06 4.4787e+06 4.7847e+06 3.4879e+06 4.5208e+06 3.0226e+06 5.5982e+06 3.2641e+06
   7.2500 3.6670e+06 2.6953e+06 5.1805e+06 2.7703e+06 5.1207e+06 3.2927e+06 4.0884e+06 4.3987e+06 3.1853e+06 4.1279e+06 2.7703e+06 5.1207e+06 3.0088e+06
   7.5000 3.3580e+06 2.4737e+06 4.7351e+06 2.5391e+06 4.6832e+06 3.0242e+06 3.7327e+06 4.0446e+06 2.9093e+06 3.7692e+06 2.5391e+06 4.6832e+06 2.7742e+06
   7.7500 3.0754e+06 2.2704e+06 4.3282e+06 2.3276e+06 4.2830e+06 2.7774e+06 3.4088e+06 3.7192e+06 2.6580e+06 3.4424e+06 2.3276e+06 4.2830e+06 2.5581e+06
   8.0000 2.8171e+06 2.0843e+06 3.9569e+06 2.1343e+06 3.9176e+06 2.5509e+06 3.1142e+06 3.4182e+06 2.4294e+06 3.1448e+06 2.1343e+06 3.9176e+06 2.3576e+06
   8.2500 2.5814e+06 1.9140e+06 3.6186e+06 1.9579e+06 3.5842e+06 2.3433e+06 2.8464e+06 3.1406e+06 2.2215e+06 2.8741e+06 1.9579e+06 3.5842e+06 2.1720e+06
   8.5000 2.3664e+06 1.7582e+06 3.3105e+06 1.7968e+06 3.2803e+06 2.1532e+06 2.6031e+06 2.8850e+06 2.0326e+06 2.6280e+06 1.7968e+06 3.2803e+06 2.0006e+06
   8.7500 2.1704e+06 1.6160e+06 3.0300e+06 1.6499e+06 3.0035e+06 1.9794e+06 2.3821e+06 2.6506e+06 1.8610e+06 2.4043e+06 1.6499e+06 3.0035e+06 1.8429e+06
   9.0000 1.9918e+06 1.4860e+06 2.7748e+06 1.5160e+06 2.7515e+06 1.8203e+06 2.1813e+06 2.4362e+06 1.7050e+06 2.2011e+06 1.5160e+06 2.7515e+06 1.6983e+06
   9.2500 1.8290e+06 1.3673e+06 2.5425e+06 1.3938e+06 2.5220e+06 1.6749e+06 1.9988e+06 2.2402e+06 1.5633e+06 2.0165e+06 1.3938e+06 2.5220e+06 1.5658e+06
   9.5000 1.6805e+06 1.2589e+06 2.3312e+06 1.2823e+06 2.3131e+06 1.5420e+06 1.8331e+06 2.0614e+06 1.4345e+06 1.8486e+06 1.2823e+06 2.3131e+06 1.4447e+06
   9.7500 1.5452e+06 1.1599e+06 2.1389e+06 1.1806e+06 2.1229e+06 1.4205e+06 1.6824e+06 1.8982e+06 1.3174e+06 1.6961e+06 1.1806e+06 2.1229e+06 1.3338e+06
  10.0000 1.4219e+06 1.0694e+06 1.9640e+06 1.0879e+06 1.9498e+06 1.3094e+06 1.5454e+06 1.7488e+06 1.2108e+06 1.5574e+06 1.0879e+06 1.9498e+06 1.2321e+06
  10.2500 1.3095e+06 9.8676e+05 1.8048e+06 1.0032e+06 1.7921e+06 1.2078e+06 1.4207e+06 1.6122e+06 1.1139e+06 1.4313e+06 1.0032e+06 1.7921e+06 1.1388e+06
  10.5000 1.2068e+06 9.1116e+05 1.6597e+06 9.2579e+05 1.6484e+06 1.1150e+06 1.3072e+06 1.4872e+06 1.0256e+06 1.3164e+06 9.2579e+05 1.6484e+06 1.0532e+06
  10.7500 1.1131e+06 8.4198e+05 1.5274e+06 8.5504e+05 1.5174e+06 1.0299e+06 1.2038e+06 1.3728e+06 9.4511e+05 1.2118e+06 8.5504e+05 1.5174e+06 9.7465e+05
  11.0000 1.0274e+06 7.7861e+05 1.4068e+06 7.9030e+05 1.3978e+06 9.5200e+05 1.1094e+06 1.2679e+06 8.7165e+05 1.1164e+06 7.9030e+05 1.3978e+06 9.0247e+05
  11.2500 9.4892e+05 7.2052e+05 1.2966e+06 7.3099e+05 1.2885e+06 8.8055e+05 1.0233e+06 1.1717e+06 8.0455e+05 1.0293e+06 7.3099e+05 1.2885e+06 8.3611e+05
  11.5000 8.7709e+05 6.6721e+05 1.1958e+06 6.7661e+05 1.1886e+06 8.1499e+05 9.4456e+05 1.0834e+06 7.4320e+05 9.4971e+05 6.7661e+05 1.1886e+06 7.7507e+05
  11.7500 8.1125e+05 6.1826e+05 1.1037e+06 6.2671e+05 1.0972e+06 7.5477e+05 8.7252e+05 1.0024e+06 6.8704e+05 8.7692e+05 6.2671e+05 1.0972e+06 7.1887e+05
  12.0000 7.5099e+05 5.7338e+05 1.0195e+06 5.8098e+05 1.0136e+06 6.9957e+05 8.0669e+05 9.2815e+05 6.3570e+05 8.1044e+05 5.8098e+05 1.0136e+06 6.6728e+05
  12.2500 6.9582e+05 5.3221e+05 9.4257e+05 5.3907e+05 9.3730e+05 6.4896e+05 7.4652e+05 8.6016e+05 5.8874e+05 7.4969e+05 5.3907e+05 9.3730e+05 6.1991e+05
  12.5000 6.4526e+05 4.9442e+05 8.7222e+05 5.0060e+05 8.6747e+05 6.0250e+05 6.9145e+05 7.9782e+05 5.4575e+05 6.9412e+05 5.0060e+05 8.6747e+05 5.7638e+05
  12.7500 5.9886e+05 4.5967e+05 8.0779e+05 4.6526e+05 8.0350e+05 5.5981e+05 6.4099e+05 7.4057e+05 5.0632e+05 6.4322e+05 4.6526e+05 8.0350e+05 5.3630e+05
  13.0000 5.5622e+05 4.2768e+05 7.4871e+05 4.3274e+05 7.4483e+05 5.2052e+05 5.9469e+05 6.8793e+05 4.7013e+05 5.9654e+05 4.3274e+05 7.4483e+05 4.9936e+05
  13.2500 5.1700e+05 3.9820e+05 6.9447e+05 4.0278e+05 6.9096e+05 4.8433e+05 5.5215e+05 6.3946e+05 4.3686e+05 5.5368e+05 4.0278e+05 6.9096e+05 4.6527e+05
  13.5000 4.8088e+05 3.7100e+05 6.4462e+05 3.7516e+05 6.4143e+05 4.5095e+05 5.1304e+05 5.9479e+05 4.0625e+05 5.1428e+05 3.7516e+05 6.4143e+05 4.3377e+05
  13.7500 4.4757e+05 3.4589e+05 5.9875e+05 3.4966e+05 5.9586e+05 4.2013e+05 4.7703e+05 5.5357e+05 3.7805e+05 4.7802e+05 3.4966e+05 5.9586e+05 4.0464e+05
  14.0000 4.1683e+05 3.2266e+05 5.5650e+05 3.2609e+05 5.5387e+05 3.9165e+05 4.4383e+05 5.1549e+05 3.5204e+05 4.4461e+05 3.2609e+05 5.5387e+05 3.7766e+05
  14.2500 3.8843e+05 3.0117e+05 5.1754e+05 3.0429e+05 5.1514e+05 3.6530e+05 4.1320e+05 4.8027e+05 3.2803e+05 4.1380e+05 3.0429e+05 5.1514e+05 3.5265e+05
  14.5000 3.6218e+05 2.8127e+05 4.8159e+05 2.8411e+05 4.7941e+05 3.4091e+05 3.8492e+05 4.4768e+05 3.0585e+05 3.8536e+05 2.8411e+05 4.7941e+05 3.2946e+05
  14.7500 3.3795e+05 2.6287e+05 4.4849e+05 2.6547e+05 4.4650e+05 3.1838e+05 3.5886e+05 4.1762e+05 2.8539e+05 3.5916e+05 2.6547e+05 4.4650e+05 3.0802e+05
  15.0000 3.1559e+05 2.4587e+05 4.1799e+05 2.4824e+05 4.1617e+05 2.9756e+05 3.3482e+05 3.8987e+05 2.6650e+05 3.3500e+05 2.4824e+05 4.1617e+05 2.8818e+05
  15.2500 2.9492e+05 2.3012e+05 3.8986e+05 2.3229e+05 3.8819e+05 2.7831e+05 3.1263e+05 3.6423e+05 2.4906e+05 3.1271e+05 2.3229e+05 3.8819e+05 2.6981e+05
  15.5000 2.7580e+05 2.1554e+05 3.6389e+05 2.1752e+05 3.6236e+05 2.6048e+05 2.9212e+05 3.4051e+05 2.3292e+05 2.9212e+05 2.1752e+05 3.6236e+05 2.5278e+05
  15.7500 2.5810e+05 2.0201e+05 3.3988e+05 2.0382e+05 3.3849e+05 2.4395e+05 2.7314e+05 3.1854e+05 2.1798e+05 2.7307e+05 2.0382e+05 3.3849e+05 2.3698e+05
  16.0000 2.4169e+05 1.8945e+05 3.1767e+05 1.9112e+05 3.1640e+05 2.2862e+05 2.5557e+05 2.9819e+05 2.0414e+05 2.5544e+05 1.9112e+05 3.1640e+05 2.2230e+05
  16.2500 2.2647e+05 1.7778e+05 2.9711e+05 1.7931e+05 2.9594e+05 2.1438e+05 2.3928e+05 2.7930e+05 1.9129e+05 2.3910e+05 1.7931e+05 2.9594e+05 2.0866e+05
  16.5000 2.1233e+05 1.6693e+05 2.7805e+05 1.6833e+05 2.7698e+05 2.0115e+05 2.2417e+05 2.6177e+05 1.7937e+05 2.2395e+05 1.6833e+05 2.7698e+05 1.9596e+05
  16.7500 1.9919e+05 1.5683e+05 2.6037e+05 1.5811e+05 2.5938e+05 1.8884e+05 2.1014e+05 2.4547e+05 1.6829e+05 2.0989e+05 1.5811e+05 2.5938e+05 1.8413e+05
  17.0000 1.8697e+05 1.4741e+05 2.4396e+05 1.4859e+05 2.4305e+05 1.7737e+05 1.9710e+05 2.3031e+05 1.5798e+05 1.9682e+05 1.4859e+05 2.4305e+05 1.7310e+05
  17.2500 1.7559e+05 1.3863e+05 2.2870e+05 1.3972e+05 2.2786e+05 1.6669e+05 1.8497e+05 2.1619e+05 1.4839e+05 1.8467e+05 1.3972e+05 2.2786e+05 1.6281e+05
  17.5000 1.6498e+05 1.3044e+05 2.1451e+05 1.3144e+05 2.1374e+05 1.5673e+05 1.7368e+05 2.0304e+05 1.3945e+05 1.7337e+05 1.3144e+05 2.1374e+05 1.5320e+05
  17.7500 1.5509e+05 1.2279e+05 2.0131e+05 1.2371e+05 2.0060e+05 1.4743e+05 1.6316e+05 1.9077e+05 1.3112e+05 1.6284e+05 1.2371e+05 2.0060e+05 1.4422e+05
  18.0000 1.4588e+05 1.1565e+05 1.8903e+05 1.1650e+05 1.8837e+05 1.3876e+05 1.5337e+05 1.7934e+05 1.2336e+05 1.5304e+05 1.1650e+05 1.8837e+05 1.3584e+05
  18.2500 1.3729e+05 1.0898e+05 1.7760e+05 1.0977e+05 1.7699e+05 1.3067e+05 1.4424e+05 1.6869e+05 1.1612e+05 1.4391e+05 1.0977e+05 1.7699e+05 1.2801e+05
  18.5000 1.2927e+05 1.0276e+05 1.6695e+05 1.0348e+05 1.6639e+05 1.2312e+05 1.3574e+05 1.5875e+05 1.0936e+05 1.3540e+05 1.0348e+05 1.6639e+05 1.2069e+05
  18.7500 1.2179e+05 9.6938e+04 1.5703e+05 9.7607e+04 1.5652e+05 1.1606e+05 1.2780e+05 1.4949e+05 1.0306e+05 1.2747e+05 9.7607e+04 1.5652e+05 1.1386e+05
  19.0000 1.1481e+05 9.1494e+04 1.4778e+05 9.2113e+04 1.4731e+05 1.0947e+05 1.2040e+05 1.4083e+05 9.7170e+04 1.2006e+05 9.2113e+04 1.4731e+05 1.0746e+05
  19.2500 1.0828e+05 8.6400e+04 1.3915e+05 8.6972e+04 1.3871e+05 1.0330e+05 1.1348e+05 1.3275e+05 9.1664e+04 1.1315e+05 8.6972e+04 1.3871e+05 1.0147e+05
  19.5000 1.0217e+05 8.1628e+04 1.3110e+05 8.2158e+04 1.3069e+05 9.7534e+04 1.0701e+05 1.2519e+05 8.6514e+04 1.0669e+05 8.2158e+04 1.3069e+05 9.5866e+04
  19.7500 9.6454e+04 7.7157e+04 1.2357e+05 7.7647e+04 1.2319e+05 9.2130e+04 1.0097e+05 1.1811e+05 8.1694e+04 1.0064e+05 7.7647e+04 1.2319e+05 9.0609e+04
  20.0000 9.1100e+04 7.2964e+04 1.1653e+05 7.3418e+04 1.1618e+05 8.7065e+04 9.5309e+04 1.1149e+05 7.7179e+04 9.4992e+04 7.3418e+04 1.1618e+05 8.5679e+04
  20.2500 8.6084e+04 6.9029e+04 1.0994e+05 6.9451e+04 1.0962e+05 8.2316e+04 9.0010e+04 1.0529e+05 7.2948e+04 8.9699e+04 6.9451e+04 1.0962e+05 8.1052e+04
  20.5000 8.1380e+04 6.5335e+04 1.0378e+05 6.5726e+04 1.0347e+05 7.7861e+04 8.5044e+04 9.9477e+04 6.8980e+04 8.4740e+04 6.5726e+04 1.0347e+05 7.6708e+04
  20.7500 7.6968e+04 6.1865e+04 9.8001e+04 6.2228e+04 9.7721e+04 7.3678e+04 8.0389e+04 9.4026e+04 6.5256e+04 8.0093e+04 6.2228e+04 9.7721e+04 7.2626e+04
  21.0000 7.2826e+04 5.8604e+04 9.2589e+04 5.8940e+04 9.2329e+04 6.9749e+04 7.6022e+04 8.8910e+04 6.1761e+04 7.5734e+04 5.8940e+04 9.2329e+04 6.8789e+04
  21.2500 6.8935e+04 5.5536e+04 8.7515e+04 5.5849e+04 8.7273e+04 6.6057e+04 7.1923e+04 8.4108e+04 5.8478e+04 7.1643e+04 5.5849e+04 8.7273e+04 6.5180e+04
  21.5000 6.5279e+04 5.2650e+04 8.2754e+04 5.2941e+04 8.2529e+04 6.2585e+04 6.8073e+04 7.9596e+04 5.5392e+04 6.7802e+04 5.2941e+04 8.2529e+04 6.1784e+04
  21.7500 6.1841e+04 4.9933e+04 7.8284e+04 5.0203e+04 7.8075e+04 5.9318e+04 6.4456e+04 7.5356e+04 5.2489e+04 6.4193e+04 5.0203e+04 7.8075e+04 5.8586e+04
  22.0000 5.8608e+04 4.7374e+04 7.4088e+04 4.7626e+04 7.3893e+04 5.6244e+04 6.1056e+04 7.1371e+04 4.9760e+04 6.0802e+04 4.7626e+04 7.3893e+04 5.5576e+04
  22.2500 5.5569e+04 4.4965e+04 7.0147e+04 4.5199e+04 6.9966e+04 5.3352e+04 5.7861e+04 6.7626e+04 4.7192e+04 5.7616e+04 4.5199e+04 6.9966e+04 5.2741e+04
  22.5000 5.2708e+04 4.2695e+04 6.6446e+04 4.2914e+04 6.6277e+04 5.0629e+04 5.4857e+04 6.4104e+04 4.4776e+04 5.4619e+04 4.2914e+04 6.6277e+04 5.0071e+04
  22.7500 5.0016e+04 4.0557e+04 6.2967e+04 4.0760e+04 6.2809e+04 4.8065e+04 5.2030e+04 6.0790e+04 4.2500e+04 5.1801e+04 4.0760e+04 6.2809e+04 4.7555e+04
  23.0000 4.7480e+04 3.8540e+04 5.9694e+04 3.8729e+04 5.9547e+04 4.5648e+04 4.9369e+04 5.7671e+04 4.0356e+04 4.9148e+04 3.8729e+04 5.9547e+04 4.5182e+04
  23.2500 4.5090e+04 3.6637e+04 5.6615e+04 3.6814e+04 5.6478e+04 4.3369e+04 4.6863e+04 5.4734e+04 3.8336e+04 4.6649e+04 3.6814e+04 5.6478e+04 4.2945e+04
  23.5000 4.2837e+04 3.4841e+04 5.3717e+04 3.5006e+04 5.3588e+04 4.1220e+04 4.4501e+04 5.1966e+04 3.6430e+04 4.4295e+04 3.5006e+04 5.3588e+04 4.0832e+04
  23.7500 4.0711e+04 3.3145e+04 5.0986e+04 3.3300e+04 5.0867e+04 3.9192e+04 4.2275e+04 4.9357e+04 3.4632e+04 4.2076e+04 3.3300e+04 5.0867e+04 3.8838e+04
  24.0000 3.8706e+04 3.1543e+04 4.8413e+04 3.1687e+04 4.8301e+04 3.7276e+04 4.0175e+04 4.6896e+04 3.2935e+04 3.9983e+04 3.1687e+04 4.8301e+04 3.6955e+04
  24.2500 3.6812e+04 3.0029e+04 4.5987e+04 3.0164e+04 4.5883e+04 3.5468e+04 3.8193e+04 4.4574e+04 3.1333e+04 3.8008e+04 3.0164e+04 4.5883e+04 3.5174e+04
  24.5000 3.5024e+04 2.8597e+04 4.3699e+04 2.8723e+04 4.3601e+04 3.3758e+04 3.6322e+04 4.2382e+04 2.9819e+04 3.6144e+04 2.8723e+04 4.3601e+04 3.3491e+04
  24.7500 3.3333e+04 2.7243e+04 4.1540e+04 2.7361e+04 4.1448e+04 3.2142e+04 3.4555e+04 4.0311e+04 2.8388e+04 3.4384e+04 2.7361e+04 4.1448e+04 3.1899e+04
  25.0000 3.1736e+04 2.5961e+04 3.9501e+04 2.6071e+04 3.9415e+04 3.0613e+04 3.2886e+04 3.8355e+04 2.7034e+04 3.2720e+04 2.6071e+04 3.9415e+04 3.0393e+04
  25.2500 3.0224e+04 2.4748e+04 3.7575e+04 2.4851e+04 3.7495e+04 2.9167e+04 3.1307e+04 3.6506e+04 2.5754e+04 3.1148e+04 2.4851e+04 3.7495e+04 2.8966e+04
  25.5000 2.8794e+04 2.3598e+04 3.5755e+04 2.3695e+04 3.5680e+04 2.7798e+04 2.9814e+04 3.4757e+04 2.4542e+04 2.9661e+04 2.3695e+04 3.5680e+04 2.7616e+04
  25.7500 2.7441e+04 2.2509e+04 3.4035e+04 2.2600e+04 3.3965e+04 2.6501e+04 2.8402e+04 3.3102e+04 2.3395e+04 2.8254e+04 2.2600e+04 3.3965e+04 2.6336e+04
  26.0000 2.6159e+04 2.1477e+04 3.2408e+04 2.1562e+04 3.2342e+04 2.5272e+04 2.7065e+04 3.1536e+04 2.2308e+04 2.6923e+04 2.1562e+04 3.2342e+04 2.5124e+04
  26.2500 2.4945e+04 2.0498e+04 3.0869e+04 2.0578e+04 3.0807e+04 2.4108e+04 2.5799e+04 3.0054e+04 2.1279e+04 2.5662e+04 2.0578e+04 3.0807e+04 2.3974e+04
  26.5000 2.3795e+04 1.9570e+04 2.9412e+04 1.9644e+04 2.9354e+04 2.3005e+04 2.4600e+04 2.8650e+04 2.0303e+04 2.4468e+04 1.9644e+04 2.9354e+04 2.2883e+04
  26.7500 2.2704e+04 1.8689e+04 2.8033e+04 1.8759e+04 2.7978e+04 2.1958e+04 2.3464e+04 2.7319e+04 1.9378e+04 2.3337e+04 1.8759e+04 2.7978e+04 2.1848e+04
  27.0000 2.1670e+04 1.7853e+04 2.6727e+04 1.7918e+04 2.6675e+04 2.0965e+04 2.2387e+04 2.6059e+04 1.8500e+04 2.2265e+04 1.7918e+04 2.6675e+04 2.0866e+04
  27.2500 2.0689e+04 1.7059e+04 2.5490e+04 1.7121e+04 2.5442e+04 2.0024e+04 2.1367e+04 2.4864e+04 1.7668e+04 2.1250e+04 1.7121e+04 2.5442e+04 1.9935e+04
  27.5000 1.9759e+04 1.6306e+04 2.4318e+04 1.6364e+04 2.4273e+04 1.9130e+04 2.0400e+04 2.3732e+04 1.6878e+04 2.0286e+04 1.6364e+04 2.4273e+04 1.9050e+04
  27.7500 1.8877e+04 1.5590e+04 2.3208e+04 1.5645e+04 2.3166e+04 1.8282e+04 1.9482e+04 2.2659e+04 1.6129e+04 1.9373e+04 1.5645e+04 2.3166e+04 1.8211e+04
  28.0000 1.8040e+04 1.4911e+04 2.2156e+04 1.4962e+04 2.2116e+04 1.7477e+04 1.8612e+04 2.1640e+04 1.5417e+04 1.8507e+04 1.4962e+04 2.2116e+04 1.7413e+04
  28.2500 1.7244e+04 1.4265e+04 2.1158e+04 1.4313e+04 2.1120e+04 1.6712e+04 1.7786e+04 2.0674e+04 1.4742e+04 1.7685e+04 1.4313e+04 2.1120e+04 1.6655e+04
  28.5000 1.6489e+04 1.3651e+04 2.0211e+04 1.3696e+04 2.0175e+04 1.5985e+04 1.7001e+04 1.9757e+04 1.4100e+04 1.6904e+04 1.3696e+04 2.0175e+04 1.5935e+04
  28.7500 1.5772e+04 1.3066e+04 1.9312e+04 1.3109e+04 1.9278e+04 1.5294e+04 1.6256e+04 1.8886e+04 1.3489e+04 1.6162e+04 1.3109e+04 1.9278e+04 1.5250e+04
  29.0000 1.5089e+04 1.2511e+04 1.8458e+04 1.2551e+04 1.8427e+04 1.4637e+04 1.5548e+04 1.8059e+04 1.2909e+04 1.5458e+04 1.2551e+04 1.8427e+04 1.4598e+04
  29.2500 1.4440e+04 1.1982e+04 1.7648e+04 1.2020e+04 1.7618e+04 1.4012e+04 1.4875e+04 1.7272e+04 1.2357e+04 1.4788e+04 1.2020e+04 1.7618e+04 1.3978e+04
  29.5000 1.3823e+04 1.1478e+04 1.6877e+04 1.1514e+04 1.6850e+04 1.3417e+04 1.4235e+04 1.6525e+04 1.1832e+04 1.4151e+04 1.1514e+04 1.6850e+04 1.3388e+04
  29.7500 1.3236e+04 1.0999e+04 1.6145e+04 1.1032e+04 1.6119e+04 1.2851e+04 1.3626e+04 1.5814e+04 1.1332e+04 1.3546e+04 1.1032e+04 1.6119e+04 1.2826e+04
  30.0000 1.2677e+04 1.0542e+04 1.5449e+04 1.0573e+04 1.5424e+04 1.2311e+04 1.3047e+04 1.5137e+04 1.0856e+04 1.2969e+04 1.0573e+04 1.5424e+04 1.2291e+04
  30.2500 1.2145e+04 1.0106e+04 1.4787e+04 1.0136e+04 1.4763e+04 1.1798e+04 1.2496e+04 1.4494e+04 1.0403e+04 1.2421e+04 1.0136e+04 1.4763e+04 1.1780e+04
  30.5000 1.1638e+04 9.6912e+03 1.4157e+04 9.7192e+03 1.4135e+04 1.1308e+04 1.1971e+04 1.3881e+04 9.9709e+03 1.1898e+04 9.7192e+03 1.4135e+04 1.1294e+04
  30.7500 1.1155e+04 9.2953e+03 1.3557e+04 9.3218e+03 1.3536e+04 1.0842e+04 1.1471e+04 1.3297e+04 9.5593e+03 1.1401e+04 9.3218e+03 1.3536e+04 1.0831e+04
  31.0000 1.0694e+04 8.9178e+03 1.2986e+04 8.9428e+03 1.2966e+04 1.0397e+04 1.0994e+04 1.2741e+04 9.1668e+03 1.0927e+04 8.9428e+03 1.2966e+04 1.0389e+04
  31.2500 1.0256e+04 8.5575e+03 1.2442e+04 8.5812e+03 1.2423e+04 9.9732e+03 1.0540e+04 1.2212e+04 8.7926e+03 1.0475e+04 8.5812e+03 1.2423e+04 9.9670e+03
  31.5000 9.8368e+03 8.2137e+03 1.1924e+04 8.2360e+03 1.1906e+04 9.5685e+03 1.0107e+04 1.1707e+04 8.4356e+03 1.0044e+04 8.2360e+03 1.1906e+04 9.5646e+03
  31.7500 9.4375e+03 7.8855e+03 1.1430e+04 7.9066e+03 1.1413e+04 9.1824e+03 9.6943e+03 1.1225e+04 8.0950e+03 9.6339e+03 7.9066e+03 1.1413e+04 9.1805e+03
  32.0000 9.0564e+03 7.5720e+03 1.0959e+04 7.5919e+03 1.0943e+04 8.8138e+03 9.3005e+03 1.0766e+04 7.7698e+03 9.2421e+03 7.5919e+03 1.0943e+04 8.8137e+03
  32.2500 8.6926e+03 7.2725e+03 1.0510e+04 7.2914e+03 1.0495e+04 8.4619e+03 8.9247e+03 1.0328e+04 7.4594e+03 8.8683e+03 7.2914e+03 1.0495e+04 8.4635e+03
  32.5000 8.3452e+03 6.9865e+03 1.0082e+04 7.0043e+03 1.0068e+04 8.1258e+03 8.5660e+03 9.9102e+03 7.1630e+03 8.5116e+03 7.0043e+03 1.0068e+04 8.1288e+03
  32.7500 8.0135e+03 6.7130e+03 9.6729e+03 6.7299e+03 9.6596e+03 7.8047e+03 8.2235e+03 9.5112e+03 6.8798e+03 8.1709e+03 6.7299e+03 9.6596e+03 7.8091e+03
  33.0000 7.6966e+03 6.4516e+03 9.2829e+03 6.4676e+03 9.2703e+03 7.4979e+03 7.8964e+03 9.1302e+03 6.6092e+03 7.8457e+03 6.4676e+03 9.2703e+03 7.5034e+03
  33.2500 7.3940e+03 6.2018e+03 8.9107e+03 6.2169e+03 8.8987e+03 7.2047e+03 7.5841e+03 8.7665e+03 6.3506e+03 7.5351e+03 6.2169e+03 8.8987e+03 7.2114e+03
  33.5000 7.1049e+03 5.9630e+03 8.5554e+03 5.9773e+03 8.5441e+03 6.9246e+03 7.2859e+03 8.4193e+03 6.1036e+03 7.2385e+03 5.9773e+03 8.5441e+03 6.9323e+03
  33.7500 6.8286e+03 5.7346e+03 8.2163e+03 5.7482e+03 8.2056e+03 6.6569e+03 7.0010e+03 8.0878e+03 5.8676e+03 6.9552e+03 5.7482e+03 8.2056e+03 6.6655e+03
  34.0000 6.5646e+03 5.5162e+03 7.8925e+03 5.5291e+03 7.8823e+03 6.4010e+03 6.7288e+03 7.7710e+03 5.6419e+03 6.6845e+03 5.5291e+03 7.8823e+03 6.4104e+03
  34.2500 6.3122e+03 5.3073e+03 7.5832e+03 5.3195e+03 7.5735e+03 6.1563e+03 6.4686e+03 7.4684e+03 5.4261e+03 6.4258e+03 5.3195e+03 7.5735e+03 6.1664e+03
  34.5000 6.0709e+03 5.1074e+03 7.2876e+03 5.1189e+03 7.2785e+03 5.9222e+03 6.2199e+03 7.1791e+03 5.2198e+03 6.1785e+03 5.1189e+03 7.2785e+03 5.9329e+03
  34.7500 5.8400e+03 4.9160e+03 7.0052e+03 4.9270e+03 6.9965e+03 5.6982e+03 5.9820e+03 6.9026e+03 5.0223e+03 5.9419e+03 4.9270e+03 6.9965e+03 5.7095e+03
  35.0000 5.6191e+03 4.7328e+03 6.7351e+03 4.7432e+03 6.7269e+03 5.4839e+03 5.7545e+03 6.6381e+03 4.8333e+03 5.7157e+03 4.7432e+03 6.7269e+03 5.4956e+03
  35.2500 5.4076e+03 4.5573e+03 6.4769e+03 4.5672e+03 6.4691e+03 5.2787e+03 5.5368e+03 6.3852e+03 4.6524e+03 5.4993e+03 4.5672e+03 6.4691e+03 5.2909e+03
  35.5000 5.2053e+03 4.3892e+03 6.2300e+03 4.3986e+03 6.2225e+03 5.0822e+03 5.3285e+03 6.1431e+03 4.4791e+03 5.2921e+03 4.3986e+03 6.2225e+03 5.0948e+03
  35.7500 5.0114e+03 4.2282e+03 5.9937e+03 4.2370e+03 5.9866e+03 4.8940e+03 5.1290e+03 5.9115e+03 4.3132e+03 5.0938e+03 4.2370e+03 5.9866e+03 4.9069e+03
  36.0000 4.8258e+03 4.0738e+03 5.7675e+03 4.0822e+03 5.7608e+03 4.7136e+03 4.9380e+03 5.6898e+03 4.1542e+03 4.9039e+03 4.0822e+03 5.7608e+03 4.7269e+03
  36.2500 4.6480e+03 3.9258e+03 5.5511e+03 3.9338e+03 5.5447e+03 4.5409e+03 4.7551e+03 5.4775e+03 4.0019e+03 4.7221e+03 3.9338e+03 5.5447e+03 4.5544e+03
  36.5000 4.4776e+03 3.7839e+03 5.3438e+03 3.7915e+03 5.3378e+03 4.3753e+03 4.5799e+03 5.2741e+03 3.8559e+03 4.5479e+03 3.7915e+03 5.3378e+03 4.3890e+03
  36.7500 4.3143e+03 3.6478e+03 5.1454e+03 3.6550e+03 5.1396e+03 4.2165e+03 4.4119e+03 5.0794e+03 3.7160e+03 4.3809e+03 3.6550e+03 5.1396e+03 4.2304e+03
  37.0000 4.1577e+03 3.5172e+03 4.9553e+03 3.5241e+03 4.9498e+03 4.0642e+03 4.2510e+03 4.8927e+03 3.5818e+03 4.2209e+03 3.5241e+03 4.9498e+03 4.0782e+03
  37.2500 4.0075e+03 3.3919e+03 4.7731e+03 3.3985e+03 4.7679e+03 3.9182e+03 4.0967e+03 4.7138e+03 3.4530e+03 4.0676e+03 3.3985e+03 4.7679e+03 3.9323e+03
  37.5000 3.8635e+03 3.2717e+03 4.5985e+03 3.2779e+03 4.5936e+03 3.7781e+03 3.9487e+03 4.5423e+03 3.3295e+03 3.9205e+03 3.2779e+03 4.5936e+03 3.7922e+03
  37.7500 3.7253e+03 3.1563e+03 4.4312e+03 3.1622e+03 4.4265e+03 3.6436e+03 3.8068e+03 4.3779e+03 3.2110e+03 3.7794e+03 3.1622e+03 4.4265e+03 3.6578e+03
  38.0000 3.5927e+03 3.0454e+03 4.2708e+03 3.0510e+03 4.2663e+03 3.5145e+03 3.6707e+03 4.2202e+03 3.0972e+03 3.6441e+03 3.0510e+03 4.2663e+03 3.5288e+03
  38.2500 3.4654e+03 2.9390e+03 4.1169e+03 2.9443e+03 4.1126e+03 3.3906e+03 3.5400e+03 4.0689e+03 2.9881e+03 3.5142e+03 2.9443e+03 4.1126e+03 3.4048e+03
  38.5000 3.3433e+03 2.8367e+03 3.9693e+03 2.8418e+03 3.9652e+03 3.2716e+03 3.4147e+03 3.9238e+03 2.8832e+03 3.3896e+03 2.8418e+03 3.9652e+03 3.2858e+03
  38.7500 3.2259e+03 2.7385e+03 3.8277e+03 2.7433e+03 3.8238e+03 3.1574e+03 3.2943e+03 3.7845e+03 2.7825e+03 3.2700e+03 2.7433e+03 3.8238e+03 3.1715e+03
  39.0000 3.1133e+03 2.6440e+03 3.6918e+03 2.6486e+03 3.6881e+03 3.0476e+03 3.1787e+03 3.6508e+03 2.6857e+03 3.1552e+03 2.6486e+03 3.6881e+03 3.0617e+03
  39.2500 3.0051e+03 2.5533e+03 3.5614e+03 2.5577e+03 3.5578e+03 2.9421e+03 3.0677e+03 3.5224e+03 2.5928e+03 3.0449e+03 2.5577e+03 3.5578e+03 2.9561e+03
  39.5000 2.9011e+03 2.4660e+03 3.4362e+03 2.4702e+03 3.4328e+03 2.8407e+03 2.9611e+03 3.3992e+03 2.5034e+03 2.9389e+03 2.4702e+03 3.4328e+03 2.8546e+03
  39.7500 2.8011e+03 2.3821e+03 3.3160e+03 2.3861e+03 3.3127e+03 2.7433e+03 2.8587e+03 3.2808e+03 2.4176e+03 2.8371e+03 2.3861e+03 3.3127e+03 2.7571e+03
  40.0000 2.7051e+03 2.3014e+03 3.2005e+03 2.3052e+03 3.1974e+03 2.6496e+03 2.7603e+03 3.1671e+03 2.3350e+03 2.7393e+03 2.3052e+03 3.1974e+03 2.6633e+03
  40.2500 2.6127e+03 2.2238e+03 3.0896e+03 2.2274e+03 3.0867e+03 2.5595e+03 2.6657e+03 3.0578e+03 2.2556e+03 2.6453e+03 2.2274e+03 3.0867e+03 2.5731e+03
  40.5000 2.5239e+03 2.1491e+03 2.9830e+03 2.1526e+03 2.9802e+03 2.4729e+03 2.5747e+03 2.9528e+03 2.1793e+03 2.5550e+03 2.1526e+03 2.9802e+03 2.4863e+03
  40.7500 2.4386e+03 2.0772e+03 2.8806e+03 2.0806e+03 2.8779e+03 2.3896e+03 2.4873e+03 2.8518e+03 2.1058e+03 2.4681e+03 2.0806e+03 2.8779e+03 2.4028e+03
  41.0000 2.3564e+03 2.0081e+03 2.7822e+03 2.0113e+03 2.7796e+03 2.3094e+03 2.4032e+03 2.7548e+03 2.0352e+03 2.3846e+03 2.0113e+03 2.7796e+03 2.3225e+03
  41.2500 2.2775e+03 1.9415e+03 2.6876e+03 1.9446e+03 2.6851e+03 2.2323e+03 2.3224e+03 2.6615e+03 1.9672e+03 2.3043e+03 1.9446e+03 2.6851e+03 2.2452e+03
  41.5000 2.2015e+03 1.8775e+03 2.5966e+03 1.8804e+03 2.5942e+03 2.1581e+03 2.2446e+03 2.5718e+03 1.9019e+03 2.2270e+03 1.8804e+03 2.5942e+03 2.1708e+03
  41.7500 2.1283e+03 1.8159e+03 2.5091e+03 1.8187e+03 2.5068e+03 2.0867e+03 2.1698e+03 2.4854e+03 1.8390e+03 2.1526e+03 1.8187e+03 2.5068e+03 2.0993e+03
  42.0000 2.0580e+03 1.7565e+03 2.4249e+03 1.7592e+03 2.4227e+03 2.0180e+03 2.0978e+03 2.4024e+03 1.7784e+03 2.0811e+03 1.7592e+03 2.4227e+03 2.0304e+03
  42.2500 1.9902e+03 1.6994e+03 2.3439e+03 1.7019e+03 2.3418e+03 1.9518e+03 2.0285e+03 2.3225e+03 1.7201e+03 2.0122e+03 1.7019e+03 2.3418e+03 1.9640e+03
  42.5000 1.9250e+03 1.6443e+03 2.2659e+03 1.6468e+03 2.2639e+03 1.8881e+03 1.9617e+03 2.2455e+03 1.6639e+03 1.9460e+03 1.6468e+03 2.2639e+03 1.9002e+03
  42.7500 1.8622e+03 1.5913e+03 2.1909e+03 1.5937e+03 2.1890e+03 1.8267e+03 1.8975e+03 2.1715e+03 1.6099e+03 1.8822e+03 1.5937e+03 2.1890e+03 1.8387e+03
  43.0000 1.8017e+03 1.5402e+03 2.1187e+03 1.5425e+03 2.1169e+03 1.7676e+03 1.8356e+03 2.1002e+03 1.5578e+03 1.8207e+03 1.5425e+03 2.1169e+03 1.7794e+03
  43.2500 1.7435e+03 1.4910e+03 2.0492e+03 1.4932e+03 2.0474e+03 1.7107e+03 1.7760e+03 2.0316e+03 1.5076e+03 1.7615e+03 1.4932e+03 2.0474e+03 1.7223e+03
  43.5000 1.6873e+03 1.4436e+03 1.9822e+03 1.4456e+03 1.9806e+03 1.6558e+03 1.7187e+03 1.9655e+03 1.4593e+03 1.7045e+03 1.4456e+03 1.9806e+03 1.6672e+03
  43.7500 1.6332e+03 1.3978e+03 1.9177e+03 1.3998e+03 1.9161e+03 1.6029e+03 1.6634e+03 1.9018e+03 1.4127e+03 1.6496e+03 1.3998e+03 1.9161e+03 1.6142e+03
  44.0000 1.5811e+03 1.3537e+03 1.8556e+03 1.3556e+03 1.8541e+03 1.5520e+03 1.6101e+03 1.8404e+03 1.3678e+03 1.5967e+03 1.3556e+03 1.8541e+03 1.5630e+03
  44.2500 1.5309e+03 1.3112e+03 1.7958e+03 1.3130e+03 1.7943e+03 1.5028e+03 1.5587e+03 1.7813e+03 1.3245e+03 1.5457e+03 1.3130e+03 1.7943e+03 1.5138e+03
  44.5000 1.4824e+03 1.2702e+03 1.7381e+03 1.2719e+03 1.7367e+03 1.4555e+03 1.5092e+03 1.7243e+03 1.2827e+03 1.4965e+03 1.2719e+03 1.7367e+03 1.4662e+03
  44.7500 1.4357e+03 1.2306e+03 1.6825e+03 1.2323e+03 1.6812e+03 1.4098e+03 1.4615e+03 1.6694e+03 1.2424e+03 1.4491e+03 1.2323e+03 1.6812e+03 1.4203e+03
  45.0000 1.3907e+03 1.1925e+03 1.6290e+03 1.1940e+03 1.6277e+03 1.3657e+03 1.4155e+03 1.6164e+03 1.2036e+03 1.4034e+03 1.1940e+03 1.6277e+03 1.3761e+03
  45.2500 1.3472e+03 1.1556e+03 1.5773e+03 1.1571e+03 1.5761e+03 1.3232e+03 1.3711e+03 1.5654e+03 1.1661e+03 1.3593e+03 1.1571e+03 1.5761e+03 1.3334e+03
  45.5000 1.3053e+03 1.1201e+03 1.5275e+03 1.1215e+03 1.5263e+03 1.2822e+03 1.3282e+03 1.5162e+03 1.1300e+03 1.3168e+03 1.1215e+03 1.5263e+03 1.2923e+03
  45.7500 1.2648e+03 1.0858e+03 1.4795e+03 1.0872e+03 1.4783e+03 1.2426e+03 1.2869e+03 1.4687e+03 1.0951e+03 1.2758e+03 1.0872e+03 1.4783e+03 1.2525e+03
  46.0000 1.2258e+03 1.0526e+03 1.4332e+03 1.0540e+03 1.4321e+03 1.2044e+03 1.2471e+03 1.4229e+03 1.0615e+03 1.2362e+03 1.0540e+03 1.4321e+03 1.2142e+03
  46.2500 1.1882e+03 1.0207e+03 1.3885e+03 1.0220e+03 1.3875e+03 1.1675e+03 1.2086e+03 1.3787e+03 1.0290e+03 1.1980e+03 1.0220e+03 1.3875e+03 1.1771e+03
  46.5000 1.1518e+03 9.8979e+02 1.3454e+03 9.9102e+02 1.3444e+03 1.1319e+03 1.1715e+03 1.3360e+03 9.9760e+02 1.1612e+03 9.9102e+02 1.3444e+03 1.1414e+03
  46.7500 1.1167e+03 9.5997e+02 1.3038e+03 9.6114e+02 1.3028e+03 1.0975e+03 1.1357e+03 1.2949e+03 9.6731e+02 1.1256e+03 9.6114e+02 1.3028e+03 1.1068e+03
  47.0000 1.0828e+03 9.3116e+02 1.2637e+03 9.3228e+02 1.2627e+03 1.0644e+03 1.1011e+03 1.2552e+03 9.3806e+02 1.0913e+03 9.3228e+02 1.2627e+03 1.0735e+03
  47.2500 1.0501e+03 9.0333e+02 1.2249e+03 9.0441e+02 1.2240e+03 1.0323e+03 1.0677e+03 1.2168e+03 9.0981e+02 1.0581e+03 9.0441e+02 1.2240e+03 1.0413e+03
  47.5000 1.0185e+03 8.7644e+02 1.1875e+03 8.7747e+02 1.1867e+03 1.0013e+03 1.0355e+03 1.1798e+03 8.8253e+02 1.0261e+03 8.7747e+02 1.1867e+03 1.0102e+03
  47.7500 9.8793e+02 8.5045e+02 1.1514e+03 8.5144e+02 1.1506e+03 9.7142e+02 1.0043e+03 1.1441e+03 8.5617e+02 9.9518e+02 8.5144e+02 1.1506e+03 9.8009e+02
  48.0000 9.5843e+02 8.2533e+02 1.1166e+03 8.2629e+02 1.1158e+03 9.4252e+02 9.7422e+02 1.1095e+03 8.3070e+02 9.6532e+02 8.2629e+02 1.1158e+03 9.5104e+02
  48.2500 9.2993e+02 8.0105e+02 1.0829e+03 8.0197e+02 1.0821e+03 9.1459e+02 9.4516e+02 1.0762e+03 8.0608e+02 9.3647e+02 8.0197e+02 1.0821e+03 9.2296e+02
  48.5000 9.0239e+02 7.7759e+02 1.0504e+03 7.7847e+02 1.0496e+03 8.8759e+02 9.1707e+02 1.0440e+03 7.8229e+02 9.0859e+02 7.7847e+02 1.0496e+03 8.9581e+02
  48.7500 8.7578e+02 7.5489e+02 1.0190e+03 7.5574e+02 1.0182e+03 8.6150e+02 8.8994e+02 1.0129e+03 7.5930e+02 8.8165e+02 7.5574e+02 1.0182e+03 8.6958e+02
  49.0000 8.5005e+02 7.3295e+02 9.8861e+02 7.3376e+02 9.8793e+02 8.3627e+02 8.6371e+02 9.8283e+02 7.3707e+02 8.5562e+02 7.3376e+02 9.8793e+02 8.4421e+02
  49.2500 8.2518e+02 7.1173e+02 9.5929e+02 7.1251e+02 9.5864e+02 8.1189e+02 8.3836e+02 9.5378e+02 7.1558e+02 8.3047e+02 7.1251e+02 9.5864e+02 8.1967e+02
  49.5000 8.0113e+02 6.9120e+02 9.3096e+02 6.9195e+02 9.3033e+02 7.8830e+02 8.1385e+02 9.2570e+02 6.9480e+02 8.0614e+02 6.9195e+02 9.3033e+02 7.9595e+02
  49.7500 7.7788e+02 6.7135e+02 9.0358e+02 6.7207e+02 9.0298e+02 7.6550e+02 7.9016e+02 8.9857e+02 6.7470e+02 7.8263e+02 6.7207e+02 9.0298e+02 7.7300e+02
  50.0000 7.5540e+02 6.5213e+02 8.7711e+02 6.5283e+02 8.7653e+02 7.4344e+02 7.6725e+02 8.7233e+02 6.5526e+02 7.5990e+02 6.5283e+02 8.7653e+02 7.5081e+02
  50.2500 7.3364e+02 6.3354e+02 8.5151e+02 6.3421e+02 8.5096e+02 7.2209e+02 7.4508e+02 8.4696e+02 6.3645e+02 7.3790e+02 6.3421e+02 8.5096e+02 7.2933e+02
  50.5000 7.1259e+02 6.1554e+02 8.2675e+02 6.1619e+02 8.2622e+02 7.0143e+02 7.2364e+02 8.2241e+02 6.1825e+02 7.1662e+02 6.1619e+02 8.2622e+02 7.0854e+02
  50.7500 6.9222e+02 5.9812e+02 8.0280e+02 5.9874e+02 8.0229e+02 6.8144e+02 7.0288e+02 7.9867e+02 6.0063e+02 6.9603e+02 5.9874e+02 8.0229e+02 6.8841e+02
  51.0000 6.7250e+02 5.8125e+02 7.7963e+02 5.8185e+02 7.7913e+02 6.6208e+02 6.8280e+02 7.7569e+02 5.8357e+02 6.7610e+02 5.8185e+02 7.7913e+02 6.6893e+02
  51.2500 6.5340e+02 5.6491e+02 7.5720e+02 5.6549e+02 7.5673e+02 6.4335e+02 6.6336e+02 7.5345e+02 5.6706e+02 6.5682e+02 5.6549e+02 7.5673e+02 6.5006e+02
  51.5000 6.3492e+02 5.4909e+02 7.3550e+02 5.4965e+02 7.3504e+02 6.2520e+02 6.4454e+02 7.3192e+02 5.5107e+02 6.3815e+02 5.4965e+02 7.3504e+02 6.3180e+02
  51.7500 6.1703e+02 5.3377e+02 7.1450e+02 5.3430e+02 7.1405e+02 6.0763e+02 6.2632e+02 7.1109e+02 5.3558e+02 6.2007e+02 5.3430e+02 7.1405e+02 6.1411e+02
  52.0000 5.9970e+02 5.1893e+02 6.9417e+02 5.1944e+02 6.9374e+02 5.9062e+02 6.0868e+02 6.9092e+02 5.2059e+02 6.0257e+02 5.1944e+02 6.9374e+02 5.9697e+02
  52.2500 5.8291e+02 5.0455e+02 6.7449e+02 5.0504e+02 6.7407e+02 5.7413e+02 5.9159e+02 6.7139e+02 5.0606e+02 5.8562e+02 5.0504e+02 6.7407e+02 5.8037e+02
  52.5000 5.6666e+02 4.9061e+02 6.5543e+02 4.9109e+02 6.5503e+02 5.5817e+02 5.7505e+02 6.5249e+02 4.9199e+02 5.6921e+02 4.9109e+02 6.5503e+02 5.6429e+02
  52.7500 5.5091e+02 4.7711e+02 6.3698e+02 4.7757e+02 6.3660e+02 5.4270e+02 5.5902e+02 6.3418e+02 4.7836e+02 5.5331e+02 4.7757e+02 6.3660e+02 5.4871e+02
  53.0000 5.3565e+02 4.6403e+02 6.1911e+02 4.6447e+02 6.1874e+02 5.2772e+02 5.4350e+02 6.1644e+02 4.6515e+02 5.3791e+02 4.6447e+02 6.1874e+02 5.3361e+02
  53.2500 5.2087e+02 4.5135e+02 6.0181e+02 4.5177e+02 6.0145e+02 5.1319e+02 5.2846e+02 5.9927e+02 4.5235e+02 5.2300e+02 4.5177e+02 6.0145e+02 5.1898e+02
  53.5000 5.0655e+02 4.3906e+02 5.8504e+02 4.3947e+02 5.8470e+02 4.9912e+02 5.1388e+02 5.8263e+02 4.3995e+02 5.0854e+02 4.3947e+02 5.8470e+02 5.0480e+02
  53.7500 4.9266e+02 4.2714e+02 5.6881e+02 4.2754e+02 5.6847e+02 4.8548e+02 4.9976e+02 5.6651e+02 4.2793e+02 4.9454e+02 4.2754e+02 5.6847e+02 4.9106e+02
  54.0000 4.7921e+02 4.1559e+02 5.5307e+02 4.1597e+02 5.5275e+02 4.7226e+02 4.8607e+02 5.5089e+02 4.1627e+02 4.8097e+02 4.1597e+02 5.5275e+02 4.7773e+02
  54.2500 4.6617e+02 4.0439e+02 5.3783e+02 4.0475e+02 5.3752e+02 4.5944e+02 4.7281e+02 5.3575e+02 4.0498e+02 4.6781e+02 4.0475e+02 5.3752e+02 4.6481e+02
  54.5000 4.5352e+02 3.9352e+02 5.2306e+02 3.9388e+02 5.2276e+02 4.4701e+02 4.5995e+02 5.2108e+02 3.9402e+02 4.5506e+02 3.9388e+02 5.2276e+02 4.5228e+02
  54.7500 4.4126e+02 3.8299e+02 5.0875e+02 3.8333e+02 5.0846e+02 4.3496e+02 4.4749e+02 5.0687e+02 3.8340e+02 4.4271e+02 3.8333e+02 5.0846e+02 4.4013e+02
  55.0000 4.2938e+02 3.7277e+02 4.9488e+02 3.7310e+02 4.9460e+02 4.2328e+02 4.3540e+02 4.9309e+02 3.7310e+02 4.3072e+02 3.7310e+02 4.9460e+02 4.2835e+02
  55.2500 4.1785e+02 3.6280e+02 4.8143e+02 3.6312e+02 4.8117e+02 4.1195e+02 4.2369e+02 4.7973e+02 3.6312e+02 4.1911e+02 3.6317e+02 4.8117e+02 4.1693e+02
  55.5000 4.0668e+02 3.5312e+02 4.6840e+02 3.5343e+02 4.6814e+02 4.0095e+02 4.1232e+02 4.6678e+02 3.5343e+02 4.0784e+02 3.5355e+02 4.6814e+02 4.0584e+02
  55.7500 3.9583e+02 3.4373e+02 4.5576e+02 3.4403e+02 4.5551e+02 3.9029e+02 4.0131e+02 4.5422e+02 3.4403e+02 3.9692e+02 3.4420e+02 4.5551e+02 3.9509e+02
  56.0000 3.8532e+02 3.3463e+02 4.4351e+02 3.3491e+02 4.4327e+02 3.7995e+02 3.9062e+02 4.4205e+02 3.3491e+02 3.8632e+02 3.3514e+02 4.4327e+02 3.8466e+02
  56.2500 3.7512e+02 3.2579e+02 4.3163e+02 3.2607e+02 4.3140e+02 3.6992e+02 3.8025e+02 4.3024e+02 3.2607e+02 3.7605e+02 3.2635e+02 4.3140e+02 3.7453e+02
  56.5000 3.6522e+02 3.1722e+02 4.2011e+02 3.1749e+02 4.1989e+02 3.6018e+02 3.7019e+02 4.1879e+02 3.1749e+02 3.6608e+02 3.1781e+02 4.1989e+02 3.6471e+02
  56.7500 3.5562e+02 3.0890e+02 4.0894e+02 3.0916e+02 4.0872e+02 3.5073e+02 3.6044e+02 4.0768e+02 3.0916e+02 3.5641e+02 3.0953e+02 4.0872e+02 3.5518e+02
  57.0000 3.4630e+02 3.0083e+02 3.9811e+02 3.0107e+02 3.9789e+02 3.4156e+02 3.5097e+02 3.9691e+02 3.0107e+02 3.4703e+02 3.0149e+02 3.9789e+02 3.4593e+02
  57.2500 3.3725e+02 2.9299e+02 3.8760e+02 2.9323e+02 3.8739e+02 3.3267e+02 3.4179e+02 3.8646e+02 2.9323e+02 3.3793e+02 2.9368e+02 3.8739e+02 3.3695e+02
  57.5000 3.2848e+02 2.8539e+02 3.7740e+02 2.8562e+02 3.7720e+02 3.2403e+02 3.3287e+02 3.7632e+02 2.8562e+02 3.2909e+02 2.8610e+02 3.7720e+02 3.2823e+02
  57.7500 3.1996e+02 2.7800e+02 3.6751e+02 2.7823e+02 3.6732e+02 3.1564e+02 3.2422e+02 3.6648e+02 2.7823e+02 3.2052e+02 2.7875e+02 3.6732e+02 3.1976e+02
  58.0000 3.1169e+02 2.7083e+02 3.5791e+02 2.7105e+02 3.5773e+02 3.0750e+02 3.1582e+02 3.5693e+02 2.7105e+02 3.1220e+02 2.7160e+02 3.5773e+02 3.1155e+02
  58.2500 3.0366e+02 2.6388e+02 3.4860e+02 2.6408e+02 3.4842e+02 2.9960e+02 3.0767e+02 3.4767e+02 2.6408e+02 3.0412e+02 2.6466e+02 3.4842e+02 3.0357e+02
  58.5000 2.9587e+02 2.5712e+02 3.3956e+02 2.5732e+02 3.3939e+02 2.9193e+02 2.9976e+02 3.3868e+02 2.5732e+02 2.9628e+02 2.5792e+02 3.3939e+02 2.9582e+02
  58.7500 2.8830e+02 2.5056e+02 3.3079e+02 2.5075e+02 3.3062e+02 2.8448e+02 2.9208e+02 3.2995e+02 2.5075e+02 2.8867e+02 2.5138e+02 3.3062e+02 2.8830e+02
  59.0000 2.8095e+02 2.4418e+02 3.2228e+02 2.4437e+02 3.2212e+02 2.7724e+02 2.8462e+02 3.2148e+02 2.4437e+02 2.8128e+02 2.4502e+02 3.2212e+02 2.8099e+02
  59.2500 2.7381e+02 2.3799e+02 3.1402e+02 2.3818e+02 3.1386e+02 2.7021e+02 2.7738e+02 3.1325e+02 2.3818e+02 2.7411e+02 2.3885e+02 3.1386e+02 2.7389e+02
  59.5000 2.6688e+02 2.3198e+02 3.0600e+02 2.3216e+02 3.0584e+02 2.6338e+02 2.7035e+02 3.0527e+02 2.3216e+02 2.6714e+02 2.3285e+02 3.0584e+02 2.6699e+02
  59.7500 2.6015e+02 2.2614e+02 2.9821e+02 2.2631e+02 2.9806e+02 2.5675e+02 2.6352e+02 2.9752e+02 2.2631e+02 2.6038e+02 2.2702e+02 2.9806e+02 2.6029e+02
  60.0000 2.5362e+02 2.2047e+02 2.9065e+02 2.2063e+02 2.9051e+02 2.5031e+02 2.5688e+02 2.8999e+02 2.2063e+02 2.5381e+02 2.2136e+02 2.9051e+02 2.5378e+02
