   5.0000 7.8532e+06 5.6457e+06 1.1252e+07 5.9080e+06 1.1024e+07 6.8096e+06 9.0771e+06
   5.2500 7.2626e+06 5.2354e+06 1.0392e+07 5.4643e+06 1.0196e+07 6.3270e+06 8.3535e+06
   5.5000 6.6994e+06 4.8422e+06 9.5729e+06 5.0414e+06 9.4041e+06 5.8625e+06 7.6697e+06
   5.7500 6.1671e+06 4.4689e+06 8.7996e+06 4.6422e+06 8.6545e+06 5.4198e+06 7.0290e+06
   6.0000 5.6678e+06 4.1174e+06 8.0752e+06 4.2680e+06 7.9504e+06 5.0013e+06 6.4329e+06
   6.2500 5.2023e+06 3.7885e+06 7.4004e+06 3.9193e+06 7.2930e+06 4.6084e+06 5.8811e+06
   6.5000 4.7705e+06 3.4823e+06 6.7751e+06 3.5960e+06 6.6825e+06 4.2414e+06 5.3727e+06
   6.7500 4.3716e+06 3.1986e+06 6.1980e+06 3.2975e+06 6.1181e+06 3.9003e+06 4.9059e+06
   7.0000 4.0043e+06 2.9366e+06 5.6673e+06 3.0226e+06 5.5982e+06 3.5844e+06 4.4787e+06
   7.2500 3.6670e+06 2.6953e+06 5.1805e+06 2.7703e+06 5.1207e+06 3.2927e+06 4.0884e+06
   7.5000 3.3580e+06 2.4737e+06 4.7351e+06 2.5391e+06 4.6832e+06 3.0242e+06 3.7327e+06
   7.7500 3.0754e+06 2.2704e+06 4.3282e+06 2.3276e+06 4.2830e+06 2.7774e+06 3.4088e+06
   8.0000 2.8171e+06 2.0843e+06 3.9569e+06 2.1343e+06 3.9176e+06 2.5509e+06 3.1142e+06
   8.2500 2.5814e+06 1.9140e+06 3.6186e+06 1.9579e+06 3.5842e+06 2.3433e+06 2.8464e+06
   8.5000 2.3664e+06 1.7582e+06 3.3105e+06 1.7968e+06 3.2803e+06 2.1532e+06 2.6031e+06
   8.7500 2.1704e+06 1.6160e+06 3.0300e+06 1.6499e+06 3.0035e+06 1.9794e+06 2.3821e+06
   9.0000 1.9918e+06 1.4860e+06 2.7748e+06 1.5160e+06 2.7515e+06 1.8203e+06 2.1813e+06
   9.2500 1.8290e+06 1.3673e+06 2.5425e+06 1.3938e+06 2.5220e+06 1.6749e+06 1.9988e+06
   9.5000 1.6805e+06 1.2589e+06 2.3312e+06 1.2823e+06 2.3131e+06 1.5420e+06 1.8331e+06
   9.7500 1.5452e+06 1.1599e+06 2.1389e+06 1.1806e+06 2.1229e+06 1.4205e+06 1.6824e+06
  10.0000 1.4219e+06 1.0694e+06 1.9640e+06 1.0879e+06 1.9498e+06 1.3094e+06 1.5454e+06
  10.2500 1.3095e+06 9.8676e+05 1.8048e+06 1.0032e+06 1.7921e+06 1.2078e+06 1.4207e+06
  10.5000 1.2068e+06 9.1116e+05 1.6597e+06 9.2579e+05 1.6484e+06 1.1150e+06 1.3072e+06
  10.7500 1.1131e+06 8.4198e+05 1.5274e+06 8.5504e+05 1.5174e+06 1.0299e+06 1.2038e+06
  11.0000 1.0274e+06 7.7861e+05 1.4068e+06 7.9030e+05 1.3978e+06 9.5200e+05 1.1094e+06
  11.2500 9.4892e+05 7.2052e+05 1.2966e+06 7.3099e+05 1.2885e+06 8.8055e+05 1.0233e+06
  11.5000 8.7709e+05 6.6721e+05 1.1958e+06 6.7661e+05 1.1886e+06 8.1499e+05 9.4456e+05
  11.7500 8.1125e+05 6.1826e+05 1.1037e+06 6.2671e+05 1.0972e+06 7.5477e+05 8.7252e+05
  12.0000 7.5099e+05 5.7338e+05 1.0195e+06 5.8098e+05 1.0136e+06 6.9957e+05 8.0669e+05
  12.2500 6.9582e+05 5.3221e+05 9.4257e+05 5.3907e+05 9.3730e+05 6.4896e+05 7.4652e+05
  12.5000 6.4526e+05 4.9442e+05 8.7222e+05 5.0060e+05 8.6747e+05 6.0250e+05 6.9145e+05
  12.7500 5.9886e+05 4.5967e+05 8.0779e+05 4.6526e+05 8.0350e+05 5.5981e+05 6.4099e+05
  13.0000 5.5622e+05 4.2768e+05 7.4871e+05 4.3274e+05 7.4483e+05 5.2052e+05 5.9469e+05
  13.2500 5.1700e+05 3.9820e+05 6.9447e+05 4.0278e+05 6.9096e+05 4.8433e+05 5.5215e+05
  13.5000 4.8088e+05 3.7100e+05 6.4462e+05 3.7516e+05 6.4143e+05 4.5095e+05 5.1304e+05
  13.7500 4.4757e+05 3.4589e+05 5.9875e+05 3.4966e+05 5.9586e+05 4.2013e+05 4.7703e+05
  14.0000 4.1683e+05 3.2266e+05 5.5650e+05 3.2609e+05 5.5387e+05 3.9165e+05 4.4383e+05
  14.2500 3.8843e+05 3.0117e+05 5.1754e+05 3.0429e+05 5.1514e+05 3.6530e+05 4.1320e+05
  14.5000 3.6218e+05 2.8127e+05 4.8159e+05 2.8411e+05 4.7941e+05 3.4091e+05 3.8492e+05
  14.7500 3.3795e+05 2.6287e+05 4.4849e+05 2.6547e+05 4.4650e+05 3.1838e+05 3.5886e+05
  15.0000 3.1559e+05 2.4587e+05 4.1799e+05 2.4824e+05 4.1617e+05 2.9756e+05 3.3482e+05
  15.2500 2.9492e+05 2.3012e+05 3.8986e+05 2.3229e+05 3.8819e+05 2.7831e+05 3.1263e+05
  15.5000 2.7580e+05 2.1554e+05 3.6389e+05 2.1752e+05 3.6236e+05 2.6048e+05 2.9212e+05
  15.7500 2.5810e+05 2.0201e+05 3.3988e+05 2.0382e+05 3.3849e+05 2.4395e+05 2.7314e+05
  16.0000 2.4169e+05 1.8945e+05 3.1767e+05 1.9112e+05 3.1640e+05 2.2862e+05 2.5557e+05
  16.2500 2.2647e+05 1.7778e+05 2.9711e+05 1.7931e+05 2.9594e+05 2.1438e+05 2.3928e+05
  16.5000 2.1233e+05 1.6693e+05 2.7805e+05 1.6833e+05 2.7698e+05 2.0115e+05 2.2417e+05
  16.7500 1.9919e+05 1.5683e+05 2.6037e+05 1.5811e+05 2.5938e+05 1.8884e+05 2.1014e+05
  17.0000 1.8697e+05 1.4741e+05 2.4396e+05 1.4859e+05 2.4305e+05 1.7737e+05 1.9710e+05
  17.2500 1.7559e+05 1.3863e+05 2.2870e+05 1.3972e+05 2.2786e+05 1.6669e+05 1.8497e+05
  17.5000 1.6498e+05 1.3044e+05 2.1451e+05 1.3144e+05 2.1374e+05 1.5673e+05 1.7368e+05
  17.7500 1.5509e+05 1.2279e+05 2.0131e+05 1.2371e+05 2.0060e+05 1.4743e+05 1.6316e+05
  18.0000 1.4588e+05 1.1565e+05 1.8903e+05 1.1650e+05 1.8837e+05 1.3876e+05 1.5337e+05
  18.2500 1.3729e+05 1.0898e+05 1.7760e+05 1.0977e+05 1.7699e+05 1.3067e+05 1.4424e+05
  18.5000 1.2927e+05 1.0276e+05 1.6695e+05 1.0348e+05 1.6639e+05 1.2312e+05 1.3574e+05
  18.7500 1.2179e+05 9.6938e+04 1.5703e+05 9.7607e+04 1.5652e+05 1.1606e+05 1.2780e+05
  19.0000 1.1481e+05 9.1494e+04 1.4778e+05 9.2113e+04 1.4731e+05 1.0947e+05 1.2040e+05
  19.2500 1.0828e+05 8.6400e+04 1.3915e+05 8.6972e+04 1.3871e+05 1.0330e+05 1.1348e+05
  19.5000 1.0217e+05 8.1628e+04 1.3110e+05 8.2158e+04 1.3069e+05 9.7534e+04 1.0701e+05
  19.7500 9.6454e+04 7.7157e+04 1.2357e+05 7.7647e+04 1.2319e+05 9.2130e+04 1.0097e+05
  20.0000 9.1100e+04 7.2964e+04 1.1653e+05 7.3418e+04 1.1618e+05 8.7065e+04 9.5309e+04
  20.2500 8.6084e+04 6.9029e+04 1.0994e+05 6.9451e+04 1.0962e+05 8.2316e+04 9.0010e+04
  20.5000 8.1380e+04 6.5335e+04 1.0378e+05 6.5726e+04 1.0347e+05 7.7861e+04 8.5044e+04
  20.7500 7.6968e+04 6.1865e+04 9.8001e+04 6.2228e+04 9.7721e+04 7.3678e+04 8.0389e+04
  21.0000 7.2826e+04 5.8604e+04 9.2589e+04 5.8940e+04 9.2329e+04 6.9749e+04 7.6022e+04
  21.2500 6.8935e+04 5.5536e+04 8.7515e+04 5.5849e+04 8.7273e+04 6.6057e+04 7.1923e+04
  21.5000 6.5279e+04 5.2650e+04 8.2754e+04 5.2941e+04 8.2529e+04 6.2585e+04 6.8073e+04
  21.7500 6.1841e+04 4.9933e+04 7.8284e+04 5.0203e+04 7.8075e+04 5.9318e+04 6.4456e+04
  22.0000 5.8608e+04 4.7374e+04 7.4088e+04 4.7626e+04 7.3893e+04 5.6244e+04 6.1056e+04
  22.2500 5.5569e+04 4.4965e+04 7.0147e+04 4.5199e+04 6.9966e+04 5.3352e+04 5.7861e+04
  22.5000 5.2708e+04 4.2695e+04 6.6446e+04 4.2914e+04 6.6277e+04 5.0629e+04 5.4857e+04
  22.7500 5.0016e+04 4.0557e+04 6.2967e+04 4.0760e+04 6.2809e+04 4.8065e+04 5.2030e+04
  23.0000 4.7480e+04 3.8540e+04 5.9694e+04 3.8729e+04 5.9547e+04 4.5648e+04 4.9369e+04
  23.2500 4.5090e+04 3.6637e+04 5.6615e+04 3.6814e+04 5.6478e+04 4.3369e+04 4.6863e+04
  23.5000 4.2837e+04 3.4841e+04 5.3717e+04 3.5006e+04 5.3588e+04 4.1220e+04 4.4501e+04
  23.7500 4.0711e+04 3.3145e+04 5.0986e+04 3.3300e+04 5.0867e+04 3.9192e+04 4.2275e+04
  24.0000 3.8706e+04 3.1543e+04 4.8413e+04 3.1687e+04 4.8301e+04 3.7276e+04 4.0175e+04
  24.2500 3.6812e+04 3.0029e+04 4.5987e+04 3.0164e+04 4.5883e+04 3.5468e+04 3.8193e+04
  24.5000 3.5024e+04 2.8597e+04 4.3699e+04 2.8723e+04 4.3601e+04 3.3758e+04 3.6322e+04
  24.7500 3.3333e+04 2.7243e+04 4.1540e+04 2.7361e+04 4.1448e+04 3.2142e+04 3.4555e+04
  25.0000 3.1736e+04 2.5961e+04 3.9501e+04 2.6071e+04 3.9415e+04 3.0613e+04 3.2886e+04
  25.2500 3.0224e+04 2.4748e+04 3.7575e+04 2.4851e+04 3.7495e+04 2.9167e+04 3.1307e+04
  25.5000 2.8794e+04 2.3598e+04 3.5755e+04 2.3695e+04 3.5680e+04 2.7798e+04 2.9814e+04
  25.7500 2.7441e+04 2.2509e+04 3.4035e+04 2.2600e+04 3.3965e+04 2.6501e+04 2.8402e+04
  26.0000 2.6159e+04 2.1477e+04 3.2408e+04 2.1562e+04 3.2342e+04 2.5272e+04 2.7065e+04
  26.2500 2.4945e+04 2.0498e+04 3.0869e+04 2.0578e+04 3.0807e+04 2.4108e+04 2.5799e+04
  26.5000 2.3795e+04 1.9570e+04 2.9412e+04 1.9644e+04 2.9354e+04 2.3005e+04 2.4600e+04
  26.7500 2.2704e+04 1.8689e+04 2.8033e+04 1.8759e+04 2.7978e+04 2.1958e+04 2.3464e+04
  27.0000 2.1670e+04 1.7853e+04 2.6727e+04 1.7918e+04 2.6675e+04 2.0965e+04 2.2387e+04
  27.2500 2.0689e+04 1.7059e+04 2.5490e+04 1.7121e+04 2.5442e+04 2.0024e+04 2.1367e+04
  27.5000 1.9759e+04 1.6306e+04 2.4318e+04 1.6364e+04 2.4273e+04 1.9130e+04 2.0400e+04
  27.7500 1.8877e+04 1.5590e+04 2.3208e+04 1.5645e+04 2.3166e+04 1.8282e+04 1.9482e+04
  28.0000 1.8040e+04 1.4911e+04 2.2156e+04 1.4962e+04 2.2116e+04 1.7477e+04 1.8612e+04
  28.2500 1.7244e+04 1.4265e+04 2.1158e+04 1.4313e+04 2.1120e+04 1.6712e+04 1.7786e+04
  28.5000 1.6489e+04 1.3651e+04 2.0211e+04 1.3696e+04 2.0175e+04 1.5985e+04 1.7001e+04
  28.7500 1.5772e+04 1.3066e+04 1.9312e+04 1.3109e+04 1.9278e+04 1.5294e+04 1.6256e+04
  29.0000 1.5089e+04 1.2511e+04 1.8458e+04 1.2551e+04 1.8427e+04 1.4637e+04 1.5548e+04
  29.2500 1.4440e+04 1.1982e+04 1.7648e+04 1.2020e+04 1.7618e+04 1.4012e+04 1.4875e+04
  29.5000 1.3823e+04 1.1478e+04 1.6877e+04 1.1514e+04 1.6850e+04 1.3417e+04 1.4235e+04
  29.7500 1.3236e+04 1.0999e+04 1.6145e+04 1.1032e+04 1.6119e+04 1.2851e+04 1.3626e+04
  30.0000 1.2677e+04 1.0542e+04 1.5449e+04 1.0573e+04 1.5424e+04 1.2311e+04 1.3047e+04
  30.2500 1.2145e+04 1.0106e+04 1.4787e+04 1.0136e+04 1.4763e+04 1.1798e+04 1.2496e+04
  30.5000 1.1638e+04 9.6912e+03 1.4157e+04 9.7192e+03 1.4135e+04 1.1308e+04 1.1971e+04
  30.7500 1.1155e+04 9.2953e+03 1.3557e+04 9.3218e+03 1.3536e+04 1.0842e+04 1.1471e+04
  31.0000 1.0694e+04 8.9178e+03 1.2986e+04 8.9428e+03 1.2966e+04 1.0397e+04 1.0994e+04
  31.2500 1.0256e+04 8.5575e+03 1.2442e+04 8.5812e+03 1.2423e+04 9.9732e+03 1.0540e+04
  31.5000 9.8368e+03 8.2137e+03 1.1924e+04 8.2360e+03 1.1906e+04 9.5685e+03 1.0107e+04
  31.7500 9.4375e+03 7.8855e+03 1.1430e+04 7.9066e+03 1.1413e+04 9.1824e+03 9.6943e+03
  32.0000 9.0564e+03 7.5720e+03 1.0959e+04 7.5919e+03 1.0943e+04 8.8138e+03 9.3005e+03
  32.2500 8.6926e+03 7.2725e+03 1.0510e+04 7.2914e+03 1.0495e+04 8.4619e+03 8.9247e+03
  32.5000 8.3452e+03 6.9865e+03 1.0082e+04 7.0043e+03 1.0068e+04 8.1258e+03 8.5660e+03
  32.7500 8.0135e+03 6.7130e+03 9.6729e+03 6.7299e+03 9.6596e+03 7.8047e+03 8.2235e+03
  33.0000 7.6966e+03 6.4516e+03 9.2829e+03 6.4676e+03 9.2703e+03 7.4979e+03 7.8964e+03
  33.2500 7.3940e+03 6.2018e+03 8.9107e+03 6.2169e+03 8.8987e+03 7.2047e+03 7.5841e+03
  33.5000 7.1049e+03 5.9630e+03 8.5554e+03 5.9773e+03 8.5441e+03 6.9246e+03 7.2859e+03
  33.7500 6.8286e+03 5.7346e+03 8.2163e+03 5.7482e+03 8.2056e+03 6.6569e+03 7.0010e+03
  34.0000 6.5646e+03 5.5162e+03 7.8925e+03 5.5291e+03 7.8823e+03 6.4010e+03 6.7288e+03
  34.2500 6.3122e+03 5.3073e+03 7.5832e+03 5.3195e+03 7.5735e+03 6.1563e+03 6.4686e+03
  34.5000 6.0709e+03 5.1074e+03 7.2876e+03 5.1189e+03 7.2785e+03 5.9222e+03 6.2199e+03
  34.7500 5.8400e+03 4.9160e+03 7.0052e+03 4.9270e+03 6.9965e+03 5.6982e+03 5.9820e+03
  35.0000 5.6191e+03 4.7328e+03 6.7351e+03 4.7432e+03 6.7269e+03 5.4839e+03 5.7545e+03
  35.2500 5.4076e+03 4.5573e+03 6.4769e+03 4.5672e+03 6.4691e+03 5.2787e+03 5.5368e+03
  35.5000 5.2053e+03 4.3892e+03 6.2300e+03 4.3986e+03 6.2225e+03 5.0822e+03 5.3285e+03
  35.7500 5.0114e+03 4.2282e+03 5.9937e+03 4.2370e+03 5.9866e+03 4.8940e+03 5.1290e+03
  36.0000 4.8258e+03 4.0738e+03 5.7675e+03 4.0822e+03 5.7608e+03 4.7136e+03 4.9380e+03
  36.2500 4.6480e+03 3.9258e+03 5.5511e+03 3.9338e+03 5.5447e+03 4.5409e+03 4.7551e+03
  36.5000 4.4776e+03 3.7839e+03 5.3438e+03 3.7915e+03 5.3378e+03 4.3753e+03 4.5799e+03
  36.7500 4.3143e+03 3.6478e+03 5.1454e+03 3.6550e+03 5.1396e+03 4.2165e+03 4.4119e+03
  37.0000 4.1577e+03 3.5172e+03 4.9553e+03 3.5241e+03 4.9498e+03 4.0642e+03 4.2510e+03
  37.2500 4.0075e+03 3.3919e+03 4.7731e+03 3.3985e+03 4.7679e+03 3.9182e+03 4.0967e+03
  37.5000 3.8635e+03 3.2717e+03 4.5985e+03 3.2779e+03 4.5936e+03 3.7781e+03 3.9487e+03
  37.7500 3.7253e+03 3.1563e+03 4.4312e+03 3.1622e+03 4.4265e+03 3.6436e+03 3.8068e+03
  38.0000 3.5927e+03 3.0454e+03 4.2708e+03 3.0510e+03 4.2663e+03 3.5145e+03 3.6707e+03
  38.2500 3.4654e+03 2.9390e+03 4.1169e+03 2.9443e+03 4.1126e+03 3.3906e+03 3.5400e+03
  38.5000 3.3433e+03 2.8367e+03 3.9693e+03 2.8418e+03 3.9652e+03 3.2716e+03 3.4147e+03
  38.7500 3.2259e+03 2.7385e+03 3.8277e+03 2.7433e+03 3.8238e+03 3.1574e+03 3.2943e+03
  39.0000 3.1133e+03 2.6440e+03 3.6918e+03 2.6486e+03 3.6881e+03 3.0476e+03 3.1787e+03
  39.2500 3.0051e+03 2.5533e+03 3.5614e+03 2.5577e+03 3.5578e+03 2.9421e+03 3.0677e+03
  39.5000 2.9011e+03 2.4660e+03 3.4362e+03 2.4702e+03 3.4328e+03 2.8407e+03 2.9611e+03
  39.7500 2.8011e+03 2.3821e+03 3.3160e+03 2.3861e+03 3.3127e+03 2.7433e+03 2.8587e+03
  40.0000 2.7051e+03 2.3014e+03 3.2005e+03 2.3052e+03 3.1974e+03 2.6496e+03 2.7603e+03
  40.2500 2.6127e+03 2.2238e+03 3.0896e+03 2.2274e+03 3.0867e+03 2.5595e+03 2.6657e+03
  40.5000 2.5239e+03 2.1491e+03 2.9830e+03 2.1526e+03 2.9802e+03 2.4729e+03 2.5747e+03
  40.7500 2.4386e+03 2.0772e+03 2.8806e+03 2.0806e+03 2.8779e+03 2.3896e+03 2.4873e+03
  41.0000 2.3564e+03 2.0081e+03 2.7822e+03 2.0113e+03 2.7796e+03 2.3094e+03 2.4032e+03
  41.2500 2.2775e+03 1.9415e+03 2.6876e+03 1.9446e+03 2.6851e+03 2.2323e+03 2.3224e+03
  41.5000 2.2015e+03 1.8775e+03 2.5966e+03 1.8804e+03 2.5942e+03 2.1581e+03 2.2446e+03
  41.7500 2.1283e+03 1.8159e+03 2.5091e+03 1.8187e+03 2.5068e+03 2.0867e+03 2.1698e+03
  42.0000 2.0580e+03 1.7565e+03 2.4249e+03 1.7592e+03 2.4227e+03 2.0180e+03 2.0978e+03
  42.2500 1.9902e+03 1.6994e+03 2.3439e+03 1.7019e+03 2.3418e+03 1.9518e+03 2.0285e+03
  42.5000 1.9250e+03 1.6443e+03 2.2659e+03 1.6468e+03 2.2639e+03 1.8881e+03 1.9617e+03
  42.7500 1.8622e+03 1.5913e+03 2.1909e+03 1.5937e+03 2.1890e+03 1.8267e+03 1.8975e+03
  43.0000 1.8017e+03 1.5402e+03 2.1187e+03 1.5425e+03 2.1169e+03 1.7676e+03 1.8356e+03
  43.2500 1.7435e+03 1.4910e+03 2.0492e+03 1.4932e+03 2.0474e+03 1.7107e+03 1.7760e+03
  43.5000 1.6873e+03 1.4436e+03 1.9822e+03 1.4456e+03 1.9806e+03 1.6558e+03 1.7187e+03
  43.7500 1.6332e+03 1.3978e+03 1.9177e+03 1.3998e+03 1.9161e+03 1.6029e+03 1.6634e+03
  44.0000 1.5811e+03 1.3537e+03 1.8556e+03 1.3556e+03 1.8541e+03 1.5520e+03 1.6101e+03
  44.2500 1.5309e+03 1.3112e+03 1.7958e+03 1.3130e+03 1.7943e+03 1.5028e+03 1.5587e+03
  44.5000 1.4824e+03 1.2702e+03 1.7381e+03 1.2719e+03 1.7367e+03 1.4555e+03 1.5092e+03
  44.7500 1.4357e+03 1.2306e+03 1.6825e+03 1.2323e+03 1.6812e+03 1.4098e+03 1.4615e+03
  45.0000 1.3907e+03 1.1925e+03 1.6290e+03 1.1940e+03 1.6277e+03 1.3657e+03 1.4155e+03
  45.2500 1.3472e+03 1.1556e+03 1.5773e+03 1.1571e+03 1.5761e+03 1.3232e+03 1.3711e+03
  45.5000 1.3053e+03 1.1201e+03 1.5275e+03 1.1215e+03 1.5263e+03 1.2822e+03 1.3282e+03
  45.7500 1.2648e+03 1.0858e+03 1.4795e+03 1.0872e+03 1.4783e+03 1.2426e+03 1.2869e+03
  46.0000 1.2258e+03 1.0526e+03 1.4332e+03 1.0540e+03 1.4321e+03 1.2044e+03 1.2471e+03
  46.2500 1.1882e+03 1.0207e+03 1.3885e+03 1.0220e+03 1.3875e+03 1.1675e+03 1.2086e+03
  46.5000 1.1518e+03 9.8979e+02 1.3454e+03 9.9102e+02 1.3444e+03 1.1319e+03 1.1715e+03
  46.7500 1.1167e+03 9.5997e+02 1.3038e+03 9.6114e+02 1.3028e+03 1.0975e+03 1.1357e+03
  47.0000 1.0828e+03 9.3116e+02 1.2637e+03 9.3228e+02 1.2627e+03 1.0644e+03 1.1011e+03
  47.2500 1.0501e+03 9.0333e+02 1.2249e+03 9.0441e+02 1.2240e+03 1.0323e+03 1.0677e+03
  47.5000 1.0185e+03 8.7644e+02 1.1875e+03 8.7747e+02 1.1867e+03 1.0013e+03 1.0355e+03
  47.7500 9.8793e+02 8.5045e+02 1.1514e+03 8.5144e+02 1.1506e+03 9.7142e+02 1.0043e+03
  48.0000 9.5843e+02 8.2533e+02 1.1166e+03 8.2629e+02 1.1158e+03 9.4252e+02 9.7422e+02
  48.2500 9.2993e+02 8.0105e+02 1.0829e+03 8.0197e+02 1.0821e+03 9.1459e+02 9.4516e+02
  48.5000 9.0239e+02 7.7759e+02 1.0504e+03 7.7847e+02 1.0496e+03 8.8759e+02 9.1707e+02
  48.7500 8.7578e+02 7.5489e+02 1.0190e+03 7.5574e+02 1.0182e+03 8.6150e+02 8.8994e+02
  49.0000 8.5005e+02 7.3295e+02 9.8861e+02 7.3376e+02 9.8793e+02 8.3627e+02 8.6371e+02
  49.2500 8.2518e+02 7.1173e+02 9.5929e+02 7.1251e+02 9.5864e+02 8.1189e+02 8.3836e+02
  49.5000 8.0113e+02 6.9120e+02 9.3096e+02 6.9195e+02 9.3033e+02 7.8830e+02 8.1385e+02
  49.7500 7.7788e+02 6.7135e+02 9.0358e+02 6.7207e+02 9.0298e+02 7.6550e+02 7.9016e+02
  50.0000 7.5540e+02 6.5213e+02 8.7711e+02 6.5283e+02 8.7653e+02 7.4344e+02 7.6725e+02
  50.2500 7.3364e+02 6.3354e+02 8.5151e+02 6.3421e+02 8.5096e+02 7.2209e+02 7.4508e+02
  50.5000 7.1259e+02 6.1554e+02 8.2675e+02 6.1619e+02 8.2622e+02 7.0143e+02 7.2364e+02
  50.7500 6.9222e+02 5.9812e+02 8.0280e+02 5.9874e+02 8.0229e+02 6.8144e+02 7.0288e+02
  51.0000 6.7250e+02 5.8125e+02 7.7963e+02 5.8185e+02 7.7913e+02 6.6208e+02 6.8280e+02
  51.2500 6.5340e+02 5.6491e+02 7.5720e+02 5.6549e+02 7.5673e+02 6.4335e+02 6.6336e+02
  51.5000 6.3492e+02 5.4909e+02 7.3550e+02 5.4965e+02 7.3504e+02 6.2520e+02 6.4454e+02
  51.7500 6.1703e+02 5.3377e+02 7.1450e+02 5.3430e+02 7.1405e+02 6.0763e+02 6.2632e+02
  52.0000 5.9970e+02 5.1893e+02 6.9417e+02 5.1944e+02 6.9374e+02 5.9062e+02 6.0868e+02
  52.2500 5.8291e+02 5.0455e+02 6.7449e+02 5.0504e+02 6.7407e+02 5.7413e+02 5.9159e+02
  52.5000 5.6666e+02 4.9061e+02 6.5543e+02 4.9109e+02 6.5503e+02 5.5817e+02 5.7505e+02
  52.7500 5.5091e+02 4.7711e+02 6.3698e+02 4.7757e+02 6.3660e+02 5.4270e+02 5.5902e+02
  53.0000 5.3565e+02 4.6403e+02 6.1911e+02 4.6447e+02 6.1874e+02 5.2772e+02 5.4350e+02
  53.2500 5.2087e+02 4.5135e+02 6.0181e+02 4.5177e+02 6.0145e+02 5.1319e+02 5.2846e+02
  53.5000 5.0655e+02 4.3906e+02 5.8504e+02 4.3947e+02 5.8470e+02 4.9912e+02 5.1388e+02
  53.7500 4.9266e+02 4.2714e+02 5.6881e+02 4.2754e+02 5.6847e+02 4.8548e+02 4.9976e+02
  54.0000 4.7921e+02 4.1559e+02 5.5307e+02 4.1597e+02 5.5275e+02 4.7226e+02 4.8607e+02
  54.2500 4.6617e+02 4.0439e+02 5.3783e+02 4.0475e+02 5.3752e+02 4.5944e+02 4.7281e+02
  54.5000 4.5352e+02 3.9352e+02 5.2306e+02 3.9388e+02 5.2276e+02 4.4701e+02 4.5995e+02
  54.7500 4.4126e+02 3.8299e+02 5.0875e+02 3.8333e+02 5.0846e+02 4.3496e+02 4.4749e+02
  55.0000 4.2938e+02 3.7277e+02 4.9488e+02 3.7310e+02 4.9460e+02 4.2328e+02 4.3540e+02
  55.2500 4.1785e+02 3.6280e+02 4.8143e+02 3.6312e+02 4.8117e+02 4.1195e+02 4.2369e+02
  55.5000 4.0668e+02 3.5312e+02 4.6840e+02 3.5343e+02 4.6814e+02 4.0095e+02 4.1232e+02
  55.7500 3.9583e+02 3.4373e+02 4.5576e+02 3.4403e+02 4.5551e+02 3.9029e+02 4.0131e+02
  56.0000 3.8532e+02 3.3463e+02 4.4351e+02 3.3491e+02 4.4327e+02 3.7995e+02 3.9062e+02
  56.2500 3.7512e+02 3.2579e+02 4.3163e+02 3.2607e+02 4.3140e+02 3.6992e+02 3.8025e+02
  56.5000 3.6522e+02 3.1722e+02 4.2011e+02 3.1749e+02 4.1989e+02 3.6018e+02 3.7019e+02
  56.7500 3.5562e+02 3.0890e+02 4.0894e+02 3.0916e+02 4.0872e+02 3.5073e+02 3.6044e+02
  57.0000 3.4630e+02 3.0083e+02 3.9811e+02 3.0107e+02 3.9789e+02 3.4156e+02 3.5097e+02
  57.2500 3.3725e+02 2.9299e+02 3.8760e+02 2.9323e+02 3.8739e+02 3.3267e+02 3.4179e+02
  57.5000 3.2848e+02 2.8539e+02 3.7740e+02 2.8562e+02 3.7720e+02 3.2403e+02 3.3287e+02
  57.7500 3.1996e+02 2.7800e+02 3.6751e+02 2.7823e+02 3.6732e+02 3.1564e+02 3.2422e+02
  58.0000 3.1169e+02 2.7083e+02 3.5791e+02 2.7105e+02 3.5773e+02 3.0750e+02 3.1582e+02
  58.2500 3.0366e+02 2.6388e+02 3.4860e+02 2.6408e+02 3.4842e+02 2.9960e+02 3.0767e+02
  58.5000 2.9587e+02 2.5712e+02 3.3956e+02 2.5732e+02 3.3939e+02 2.9193e+02 2.9976e+02
  58.7500 2.8830e+02 2.5056e+02 3.3079e+02 2.5075e+02 3.3062e+02 2.8448e+02 2.9208e+02
  59.0000 2.8095e+02 2.4418e+02 3.2228e+02 2.4437e+02 3.2212e+02 2.7724e+02 2.8462e+02
  59.2500 2.7381e+02 2.3799e+02 3.1402e+02 2.3818e+02 3.1386e+02 2.7021e+02 2.7738e+02
  59.5000 2.6688e+02 2.3198e+02 3.0600e+02 2.3216e+02 3.0584e+02 2.6338e+02 2.7035e+02
  59.7500 2.6015e+02 2.2614e+02 2.9821e+02 2.2631e+02 2.9806e+02 2.5675e+02 2.6352e+02
  60.0000 2.5362e+02 2.2047e+02 2.9065e+02 2.2063e+02 2.9051e+02 2.5031e+02 2.5688e+02
  60.2500 2.4726e+02 2.1496e+02 2.8331e+02 2.1512e+02 2.8317e+02 2.4406e+02 2.5044e+02
  60.5000 2.4109e+02 2.0960e+02 2.7619e+02 2.0975e+02 2.7605e+02 2.3797e+02 2.4418e+02
  60.7500 2.3510e+02 2.0440e+02 2.6927e+02 2.0455e+02 2.6914e+02 2.3207e+02 2.3810e+02
  61.0000 2.2927e+02 1.9934e+02 2.6255e+02 1.9949e+02 2.6242e+02 2.2633e+02 2.3219e+02
  61.2500 2.2361e+02 1.9443e+02 2.5602e+02 1.9457e+02 2.5590e+02 2.2075e+02 2.2645e+02
  61.5000 2.1811e+02 1.8965e+02 2.4968e+02 1.8978e+02 2.4956e+02 2.1532e+02 2.2088e+02
  61.7500 2.1276e+02 1.8500e+02 2.4352e+02 1.8513e+02 2.4340e+02 2.1005e+02 2.1545e+02
  62.0000 2.0756e+02 1.8048e+02 2.3752e+02 1.8061e+02 2.3740e+02 2.0492e+02 2.1017e+02
  62.2500 2.0249e+02 1.7609e+02 2.3168e+02 1.7621e+02 2.3157e+02 1.9993e+02 2.0504e+02
  62.5000 1.9757e+02 1.7181e+02 2.2601e+02 1.7193e+02 2.2590e+02 1.9507e+02 2.0005e+02
  62.7500 1.9277e+02 1.6764e+02 2.2049e+02 1.6776e+02 2.2038e+02 1.9034e+02 1.9519e+02
  63.0000 1.8811e+02 1.6359e+02 2.1512e+02 1.6371e+02 2.1501e+02 1.8575e+02 1.9046e+02
  63.2500 1.8357e+02 1.5965e+02 2.0989e+02 1.5976e+02 2.0979e+02 1.8127e+02 1.8586e+02
  63.5000 1.7916e+02 1.5582e+02 2.0480e+02 1.5592e+02 2.0471e+02 1.7692e+02 1.8138e+02
  63.7500 1.7486e+02 1.5208e+02 1.9985e+02 1.5219e+02 1.9976e+02 1.7268e+02 1.7703e+02
  64.0000 1.7067e+02 1.4845e+02 1.9504e+02 1.4855e+02 1.9494e+02 1.6855e+02 1.7278e+02
  64.2500 1.6660e+02 1.4491e+02 1.9035e+02 1.4501e+02 1.9026e+02 1.6454e+02 1.6866e+02
  64.5000 1.6264e+02 1.4147e+02 1.8578e+02 1.4156e+02 1.8570e+02 1.6063e+02 1.6464e+02
  64.7500 1.5878e+02 1.3812e+02 1.8134e+02 1.3821e+02 1.8126e+02 1.5682e+02 1.6073e+02
  65.0000 1.5502e+02 1.3485e+02 1.7702e+02 1.3494e+02 1.7693e+02 1.5312e+02 1.5692e+02
  65.2500 1.5136e+02 1.3167e+02 1.7281e+02 1.3176e+02 1.7273e+02 1.4951e+02 1.5321e+02
  65.5000 1.4780e+02 1.2858e+02 1.6871e+02 1.2866e+02 1.6863e+02 1.4599e+02 1.4960e+02
  65.7500 1.4433e+02 1.2556e+02 1.6472e+02 1.2565e+02 1.6464e+02 1.4257e+02 1.4608e+02
  66.0000 1.4095e+02 1.2263e+02 1.6083e+02 1.2271e+02 1.6076e+02 1.3924e+02 1.4266e+02
  66.2500 1.3766e+02 1.1977e+02 1.5705e+02 1.1985e+02 1.5697e+02 1.3600e+02 1.3933e+02
  66.5000 1.3446e+02 1.1699e+02 1.5336e+02 1.1706e+02 1.5329e+02 1.3283e+02 1.3608e+02
  66.7500 1.3134e+02 1.1428e+02 1.4977e+02 1.1435e+02 1.4970e+02 1.2975e+02 1.3292e+02
  67.0000 1.2830e+02 1.1163e+02 1.4627e+02 1.1171e+02 1.4621e+02 1.2676e+02 1.2984e+02
  67.2500 1.2534e+02 1.0906e+02 1.4287e+02 1.0913e+02 1.4281e+02 1.2383e+02 1.2683e+02
  67.5000 1.2245e+02 1.0655e+02 1.3955e+02 1.0662e+02 1.3949e+02 1.2099e+02 1.2391e+02
  67.7500 1.1964e+02 1.0411e+02 1.3632e+02 1.0418e+02 1.3626e+02 1.1822e+02 1.2106e+02
  68.0000 1.1690e+02 1.0173e+02 1.3317e+02 1.0180e+02 1.3312e+02 1.1551e+02 1.1829e+02
  68.2500 1.1423e+02 9.9413e+01 1.3011e+02 9.9475e+01 1.3005e+02 1.1288e+02 1.1558e+02
  68.5000 1.1163e+02 9.7153e+01 1.2712e+02 9.7213e+01 1.2706e+02 1.1031e+02 1.1295e+02
  68.7500 1.0910e+02 9.4951e+01 1.2421e+02 9.5010e+01 1.2415e+02 1.0781e+02 1.1038e+02
  69.0000 1.0663e+02 9.2805e+01 1.2137e+02 9.2862e+01 1.2132e+02 1.0538e+02 1.0788e+02
  69.2500 1.0422e+02 9.0714e+01 1.1861e+02 9.0769e+01 1.1856e+02 1.0300e+02 1.0544e+02
  69.5000 1.0188e+02 8.8675e+01 1.1591e+02 8.8729e+01 1.1586e+02 1.0069e+02 1.0307e+02
  69.7500 9.9592e+01 8.6688e+01 1.1329e+02 8.6740e+01 1.1324e+02 9.8434e+01 1.0075e+02
  70.0000 9.7364e+01 8.4751e+01 1.1073e+02 8.4802e+01 1.1068e+02 9.6235e+01 9.8492e+01
  70.2500 9.5192e+01 8.2863e+01 1.0824e+02 8.2913e+01 1.0820e+02 9.4091e+01 9.6291e+01
  70.5000 9.3074e+01 8.1023e+01 1.0582e+02 8.1071e+01 1.0577e+02 9.2001e+01 9.4145e+01
  70.7500 9.1010e+01 7.9228e+01 1.0345e+02 7.9275e+01 1.0341e+02 8.9964e+01 9.2054e+01
  71.0000 8.8997e+01 7.7479e+01 1.0115e+02 7.7524e+01 1.0111e+02 8.7978e+01 9.0015e+01
  71.2500 8.7034e+01 7.5773e+01 9.8904e+01 7.5817e+01 9.8863e+01 8.6041e+01 8.8027e+01
  71.5000 8.5121e+01 7.4109e+01 9.6714e+01 7.4152e+01 9.6674e+01 8.4152e+01 8.6088e+01
  71.7500 8.3255e+01 7.2487e+01 9.4579e+01 7.2529e+01 9.4540e+01 8.2311e+01 8.4198e+01
  72.0000 8.1436e+01 7.0906e+01 9.2498e+01 7.0946e+01 9.2460e+01 8.0515e+01 8.2355e+01
  72.2500 7.9661e+01 6.9363e+01 9.0468e+01 6.9403e+01 9.0431e+01 7.8764e+01 8.0558e+01
  72.5000 7.7931e+01 6.7859e+01 8.8489e+01 6.7897e+01 8.8453e+01 7.7056e+01 7.8805e+01
  72.7500 7.6243e+01 6.6392e+01 8.6559e+01 6.6429e+01 8.6524e+01 7.5390e+01 7.7095e+01
  73.0000 7.4597e+01 6.4961e+01 8.4677e+01 6.4997e+01 8.4643e+01 7.3766e+01 7.5428e+01
  73.2500 7.2992e+01 6.3565e+01 8.2842e+01 6.3600e+01 8.2808e+01 7.2181e+01 7.3802e+01
  73.5000 7.1426e+01 6.2204e+01 8.1052e+01 6.2238e+01 8.1019e+01 7.0635e+01 7.2216e+01
  73.7500 6.9899e+01 6.0876e+01 7.9306e+01 6.0909e+01 7.9274e+01 6.9127e+01 7.0668e+01
  74.0000 6.8409e+01 5.9580e+01 7.7603e+01 5.9612e+01 7.7573e+01 6.7657e+01 6.9159e+01
  74.2500 6.6955e+01 5.8316e+01 7.5942e+01 5.8347e+01 7.5913e+01 6.6222e+01 6.7687e+01
  74.5000 6.5537e+01 5.7083e+01 7.4322e+01 5.7113e+01 7.4293e+01 6.4822e+01 6.6251e+01
  74.7500 6.4153e+01 5.5880e+01 7.2742e+01 5.5910e+01 7.2714e+01 6.3456e+01 6.4849e+01
  75.0000 6.2804e+01 5.4706e+01 7.1201e+01 5.4735e+01 7.1173e+01 6.2123e+01 6.3482e+01
  75.2500 6.1486e+01 5.3561e+01 6.9697e+01 5.3589e+01 6.9670e+01 6.0823e+01 6.2148e+01
  75.5000 6.0201e+01 5.2444e+01 6.8230e+01 5.2471e+01 6.8204e+01 5.9555e+01 6.0847e+01
  75.7500 5.8947e+01 5.1352e+01 6.6797e+01 5.1379e+01 6.6772e+01 5.8316e+01 5.9576e+01
  76.0000 5.7721e+01 5.0286e+01 6.5398e+01 5.0312e+01 6.5374e+01 5.7105e+01 5.8334e+01
  76.2500 5.6523e+01 4.9244e+01 6.4032e+01 4.9269e+01 6.4008e+01 5.5922e+01 5.7121e+01
  76.5000 5.5352e+01 4.8226e+01 6.2697e+01 4.8250e+01 6.2674e+01 5.4766e+01 5.5936e+01
  76.7500 5.4208e+01 4.7231e+01 6.1393e+01 4.7254e+01 6.1370e+01 5.3637e+01 5.4778e+01
  77.0000 5.3091e+01 4.6258e+01 6.0119e+01 4.6281e+01 6.0097e+01 5.2533e+01 5.3647e+01
  77.2500 5.1998e+01 4.5308e+01 5.8874e+01 4.5330e+01 5.8852e+01 5.1453e+01 5.2541e+01
  77.5000 5.0930e+01 4.4379e+01 5.7657e+01 4.4400e+01 5.7636e+01 5.0399e+01 5.1461e+01
  77.7500 4.9887e+01 4.3470e+01 5.6469e+01 4.3491e+01 5.6448e+01 4.9368e+01 5.0404e+01
  78.0000 4.8867e+01 4.2583e+01 5.5307e+01 4.2603e+01 5.5287e+01 4.8360e+01 4.9372e+01
  78.2500 4.7870e+01 4.1715e+01 5.4172e+01 4.1735e+01 5.4153e+01 4.7375e+01 4.8364e+01
  78.5000 4.6895e+01 4.0866e+01 5.3063e+01 4.0886e+01 5.3044e+01 4.6411e+01 4.7377e+01
  78.7500 4.5942e+01 4.0037e+01 5.1979e+01 4.0056e+01 5.1960e+01 4.5470e+01 4.6413e+01
  79.0000 4.5011e+01 3.9226e+01 5.0919e+01 3.9244e+01 5.0901e+01 4.4549e+01 4.5471e+01
  79.2500 4.4100e+01 3.8433e+01 4.9883e+01 3.8451e+01 4.9866e+01 4.3649e+01 4.4550e+01
  79.5000 4.3210e+01 3.7658e+01 4.8871e+01 3.7675e+01 4.8854e+01 4.2769e+01 4.3650e+01
  79.7500 4.2340e+01 3.6900e+01 4.7881e+01 3.6917e+01 4.7865e+01 4.1908e+01 4.2769e+01
  80.0000 4.1488e+01 3.6158e+01 4.6914e+01 3.6175e+01 4.6897e+01 4.1067e+01 4.1908e+01
  80.2500 4.0656e+01 3.5433e+01 4.5968e+01 3.5450e+01 4.5952e+01 4.0244e+01 4.1067e+01
  80.5000 3.9842e+01 3.4724e+01 4.5043e+01 3.4740e+01 4.5028e+01 3.9439e+01 4.0244e+01
  80.7500 3.9046e+01 3.4031e+01 4.4139e+01 3.4047e+01 4.4124e+01 3.8652e+01 3.9439e+01
  81.0000 3.8268e+01 3.3353e+01 4.3255e+01 3.3368e+01 4.3240e+01 3.7882e+01 3.8652e+01
  81.2500 3.7506e+01 3.2690e+01 4.2390e+01 3.2705e+01 4.2376e+01 3.7129e+01 3.7882e+01
  81.5000 3.6762e+01 3.2041e+01 4.1545e+01 3.2056e+01 4.1531e+01 3.6393e+01 3.7130e+01
  81.7500 3.6034e+01 3.1407e+01 4.0719e+01 3.1421e+01 4.0705e+01 3.5673e+01 3.6394e+01
  82.0000 3.5321e+01 3.0786e+01 3.9910e+01 3.0800e+01 3.9897e+01 3.4968e+01 3.5674e+01
  82.2500 3.4624e+01 3.0179e+01 3.9120e+01 3.0192e+01 3.9106e+01 3.4279e+01 3.4969e+01
  82.5000 3.3943e+01 2.9585e+01 3.8346e+01 2.9598e+01 3.8333e+01 3.3605e+01 3.4281e+01
  82.7500 3.3276e+01 2.9004e+01 3.7590e+01 2.9017e+01 3.7577e+01 3.2945e+01 3.3607e+01
  83.0000 3.2624e+01 2.8436e+01 3.6850e+01 2.8448e+01 3.6838e+01 3.2300e+01 3.2947e+01
  83.2500 3.1986e+01 2.7880e+01 3.6127e+01 2.7892e+01 3.6114e+01 3.1668e+01 3.2303e+01
  83.5000 3.1361e+01 2.7335e+01 3.5419e+01 2.7347e+01 3.5407e+01 3.1051e+01 3.1672e+01
  83.7500 3.0751e+01 2.6803e+01 3.4726e+01 2.6815e+01 3.4715e+01 3.0446e+01 3.1055e+01
  84.0000 3.0153e+01 2.6282e+01 3.4049e+01 2.6294e+01 3.4038e+01 2.9855e+01 3.0451e+01
  84.2500 2.9568e+01 2.5773e+01 3.3386e+01 2.5784e+01 3.3375e+01 2.9276e+01 2.9860e+01
  84.5000 2.8996e+01 2.5274e+01 3.2738e+01 2.5285e+01 3.2727e+01 2.8710e+01 2.9282e+01
  84.7500 2.8436e+01 2.4786e+01 3.2104e+01 2.4797e+01 3.2093e+01 2.8156e+01 2.8716e+01
  85.0000 2.7888e+01 2.4308e+01 3.1483e+01 2.4319e+01 3.1472e+01 2.7614e+01 2.8163e+01
  85.2500 2.7352e+01 2.3841e+01 3.0876e+01 2.3851e+01 3.0865e+01 2.7083e+01 2.7621e+01
  85.5000 2.6828e+01 2.3383e+01 3.0281e+01 2.3393e+01 3.0271e+01 2.6564e+01 2.7091e+01
  85.7500 2.6314e+01 2.2936e+01 2.9700e+01 2.2946e+01 2.9690e+01 2.6056e+01 2.6572e+01
  86.0000 2.5811e+01 2.2498e+01 2.9131e+01 2.2507e+01 2.9121e+01 2.5558e+01 2.6064e+01
  86.2500 2.5320e+01 2.2069e+01 2.8574e+01 2.2078e+01 2.8564e+01 2.5072e+01 2.5567e+01
  86.5000 2.4838e+01 2.1649e+01 2.8028e+01 2.1658e+01 2.8019e+01 2.4595e+01 2.5081e+01
  86.7500 2.4367e+01 2.1238e+01 2.7495e+01 2.1247e+01 2.7486e+01 2.4128e+01 2.4605e+01
  87.0000 2.3905e+01 2.0836e+01 2.6973e+01 2.0845e+01 2.6964e+01 2.3672e+01 2.4139e+01
  87.2500 2.3454e+01 2.0442e+01 2.6462e+01 2.0451e+01 2.6453e+01 2.3225e+01 2.3683e+01
  87.5000 2.3012e+01 2.0057e+01 2.5961e+01 2.0066e+01 2.5953e+01 2.2788e+01 2.3237e+01
  87.7500 2.2579e+01 1.9680e+01 2.5472e+01 1.9688e+01 2.5463e+01 2.2359e+01 2.2799e+01
  88.0000 2.2156e+01 1.9311e+01 2.4992e+01 1.9319e+01 2.4984e+01 2.1940e+01 2.2372e+01
  88.2500 2.1741e+01 1.8949e+01 2.4523e+01 1.8957e+01 2.4515e+01 2.1529e+01 2.1953e+01
  88.5000 2.1335e+01 1.8595e+01 2.4064e+01 1.8603e+01 2.4056e+01 2.1128e+01 2.1543e+01
  88.7500 2.0938e+01 1.8249e+01 2.3614e+01 1.8256e+01 2.3606e+01 2.0734e+01 2.1141e+01
  89.0000 2.0548e+01 1.7909e+01 2.3174e+01 1.7917e+01 2.3166e+01 2.0349e+01 2.0748e+01
  89.2500 2.0167e+01 1.7577e+01 2.2743e+01 1.7585e+01 2.2735e+01 1.9972e+01 2.0363e+01
  89.5000 1.9794e+01 1.7252e+01 2.2320e+01 1.7259e+01 2.2313e+01 1.9603e+01 1.9986e+01
  89.7500 1.9429e+01 1.6934e+01 2.1907e+01 1.6941e+01 2.1900e+01 1.9241e+01 1.9617e+01
  90.0000 1.9071e+01 1.6622e+01 2.1502e+01 1.6629e+01 2.1495e+01 1.8887e+01 1.9256e+01
  90.2500 1.8721e+01 1.6317e+01 2.1106e+01 1.6323e+01 2.1099e+01 1.8540e+01 1.8902e+01
  90.5000 1.8378e+01 1.6018e+01 2.0718e+01 1.6024e+01 2.0711e+01 1.8201e+01 1.8556e+01
  90.7500 1.8042e+01 1.5725e+01 2.0338e+01 1.5731e+01 2.0331e+01 1.7868e+01 1.8216e+01
  91.0000 1.7713e+01 1.5438e+01 1.9966e+01 1.5444e+01 1.9959e+01 1.7543e+01 1.7884e+01
  91.2500 1.7391e+01 1.5157e+01 1.9601e+01 1.5164e+01 1.9595e+01 1.7224e+01 1.7558e+01
  91.5000 1.7075e+01 1.4882e+01 1.9245e+01 1.4889e+01 1.9238e+01 1.6912e+01 1.7240e+01
  91.7500 1.6766e+01 1.4613e+01 1.8895e+01 1.4619e+01 1.8889e+01 1.6606e+01 1.6927e+01
  92.0000 1.6464e+01 1.4349e+01 1.8553e+01 1.4355e+01 1.8547e+01 1.6307e+01 1.6622e+01
  92.2500 1.6167e+01 1.4091e+01 1.8217e+01 1.4097e+01 1.8211e+01 1.6013e+01 1.6322e+01
  92.5000 1.5877e+01 1.3838e+01 1.7889e+01 1.3844e+01 1.7883e+01 1.5726e+01 1.6029e+01
  92.7500 1.5593e+01 1.3590e+01 1.7567e+01 1.3596e+01 1.7561e+01 1.5445e+01 1.5741e+01
  93.0000 1.5314e+01 1.3348e+01 1.7252e+01 1.3353e+01 1.7246e+01 1.5169e+01 1.5460e+01
  93.2500 1.5041e+01 1.3110e+01 1.6943e+01 1.3115e+01 1.6937e+01 1.4899e+01 1.5184e+01
  93.5000 1.4773e+01 1.2877e+01 1.6640e+01 1.2882e+01 1.6635e+01 1.4634e+01 1.4914e+01
  93.7500 1.4511e+01 1.2648e+01 1.6343e+01 1.2653e+01 1.6338e+01 1.4374e+01 1.4649e+01
  94.0000 1.4254e+01 1.2424e+01 1.6052e+01 1.2429e+01 1.6047e+01 1.4120e+01 1.4389e+01
  94.2500 1.4002e+01 1.2204e+01 1.5767e+01 1.2209e+01 1.5762e+01 1.3870e+01 1.4134e+01
  94.5000 1.3754e+01 1.1989e+01 1.5488e+01 1.1993e+01 1.5483e+01 1.3626e+01 1.3884e+01
  94.7500 1.3512e+01 1.1777e+01 1.5213e+01 1.1782e+01 1.5209e+01 1.3386e+01 1.3639e+01
  95.0000 1.3274e+01 1.1570e+01 1.4945e+01 1.1575e+01 1.4940e+01 1.3150e+01 1.3399e+01
  95.2500 1.3041e+01 1.1367e+01 1.4681e+01 1.1371e+01 1.4677e+01 1.2920e+01 1.3163e+01
  95.5000 1.2812e+01 1.1168e+01 1.4423e+01 1.1172e+01 1.4418e+01 1.2693e+01 1.2932e+01
  95.7500 1.2588e+01 1.0972e+01 1.4170e+01 1.0977e+01 1.4165e+01 1.2472e+01 1.2706e+01
  96.0000 1.2368e+01 1.0781e+01 1.3921e+01 1.0785e+01 1.3917e+01 1.2254e+01 1.2484e+01
  96.2500 1.2153e+01 1.0593e+01 1.3678e+01 1.0597e+01 1.3674e+01 1.2040e+01 1.2266e+01
  96.5000 1.1941e+01 1.0409e+01 1.3439e+01 1.0413e+01 1.3435e+01 1.1831e+01 1.2053e+01
  96.7500 1.1734e+01 1.0228e+01 1.3205e+01 1.0232e+01 1.3201e+01 1.1626e+01 1.1843e+01
  97.0000 1.1531e+01 1.0051e+01 1.2975e+01 1.0054e+01 1.2971e+01 1.1425e+01 1.1638e+01
  97.2500 1.1331e+01 9.8767e+00 1.2750e+01 9.8804e+00 1.2746e+01 1.1227e+01 1.1436e+01
  97.5000 1.1136e+01 9.7061e+00 1.2529e+01 9.7097e+00 1.2525e+01 1.1033e+01 1.1239e+01
  97.7500 1.0944e+01 9.5387e+00 1.2312e+01 9.5423e+00 1.2309e+01 1.0843e+01 1.1045e+01
  98.0000 1.0755e+01 9.3746e+00 1.2100e+01 9.3781e+00 1.2096e+01 1.0657e+01 1.0855e+01
  98.2500 1.0571e+01 9.2135e+00 1.1891e+01 9.2170e+00 1.1888e+01 1.0474e+01 1.0668e+01
  98.5000 1.0389e+01 9.0555e+00 1.1687e+01 9.0589e+00 1.1683e+01 1.0294e+01 1.0485e+01
  98.7500 1.0212e+01 8.9005e+00 1.1486e+01 8.9038e+00 1.1483e+01 1.0118e+01 1.0306e+01
  99.0000 1.0037e+01 8.7484e+00 1.1289e+01 8.7517e+00 1.1286e+01 9.9458e+00 1.0130e+01
  99.2500 9.8661e+00 8.5992e+00 1.1096e+01 8.6024e+00 1.1093e+01 9.7763e+00 9.9568e+00
  99.5000 9.6982e+00 8.4528e+00 1.0907e+01 8.4559e+00 1.0904e+01 9.6100e+00 9.7872e+00
  99.7500 9.5335e+00 8.3092e+00 1.0721e+01 8.3122e+00 1.0718e+01 9.4469e+00 9.6209e+00
 100.0000 9.3718e+00 8.1682e+00 1.0539e+01 8.1712e+00 1.0536e+01 9.2868e+00 9.4577e+00
 100.2500 9.2132e+00 8.0299e+00 1.0360e+01 8.0328e+00 1.0357e+01 9.1297e+00 9.2976e+00
 100.5000 9.0576e+00 7.8941e+00 1.0184e+01 7.8970e+00 1.0181e+01 8.9755e+00 9.1404e+00
 100.7500 8.9048e+00 7.7609e+00 1.0012e+01 7.7638e+00 1.0009e+01 8.8242e+00 8.9862e+00
 101.0000 8.7549e+00 7.6302e+00 9.8433e+00 7.6330e+00 9.8404e+00 8.6758e+00 8.8349e+00
 101.2500 8.6078e+00 7.5019e+00 9.6775e+00 7.5047e+00 9.6746e+00 8.5301e+00 8.6864e+00
 101.5000 8.4634e+00 7.3760e+00 9.5147e+00 7.3787e+00 9.5119e+00 8.3871e+00 8.5406e+00
 101.7500 8.3217e+00 7.2524e+00 9.3550e+00 7.2551e+00 9.3522e+00 8.2467e+00 8.3976e+00
 102.0000 8.1827e+00 7.1311e+00 9.1983e+00 7.1337e+00 9.1956e+00 8.1089e+00 8.2572e+00
 102.2500 8.0462e+00 7.0121e+00 9.0445e+00 7.0146e+00 9.0418e+00 7.9737e+00 8.1194e+00
 102.5000 7.9122e+00 6.8952e+00 8.8935e+00 6.8977e+00 8.8909e+00 7.8410e+00 7.9842e+00
 102.7500 7.7807e+00 6.7805e+00 8.7453e+00 6.7830e+00 8.7427e+00 7.7107e+00 7.8514e+00
 103.0000 7.6516e+00 6.6679e+00 8.5999e+00 6.6703e+00 8.5973e+00 7.5828e+00 7.7211e+00
 103.2500 7.5249e+00 6.5574e+00 8.4571e+00 6.5598e+00 8.4546e+00 7.4573e+00 7.5932e+00
 103.5000 7.4005e+00 6.4489e+00 8.3170e+00 6.4512e+00 8.3145e+00 7.3340e+00 7.4677e+00
 103.7500 7.2783e+00 6.3424e+00 8.1794e+00 6.3446e+00 8.1770e+00 7.2130e+00 7.3444e+00
 104.0000 7.1584e+00 6.2378e+00 8.0444e+00 6.2400e+00 8.0420e+00 7.0942e+00 7.2234e+00
 104.2500 7.0407e+00 6.1351e+00 7.9119e+00 6.1373e+00 7.9095e+00 6.9776e+00 7.1046e+00
 104.5000 6.9252e+00 6.0343e+00 7.7817e+00 6.0365e+00 7.7794e+00 6.8631e+00 6.9879e+00
 104.7500 6.8117e+00 5.9353e+00 7.6539e+00 5.9375e+00 7.6517e+00 6.7507e+00 6.8734e+00
 105.0000 6.7003e+00 5.8382e+00 7.5285e+00 5.8403e+00 7.5263e+00 6.6403e+00 6.7610e+00
 105.2500 6.5909e+00 5.7428e+00 7.4053e+00 5.7448e+00 7.4032e+00 6.5319e+00 6.6506e+00
 105.5000 6.4835e+00 5.6491e+00 7.2844e+00 5.6511e+00 7.2823e+00 6.4255e+00 6.5422e+00
 105.7500 6.3780e+00 5.5571e+00 7.1657e+00 5.5591e+00 7.1636e+00 6.3210e+00 6.4357e+00
 106.0000 6.2745e+00 5.4667e+00 7.0491e+00 5.4687e+00 7.0470e+00 6.2184e+00 6.3312e+00
 106.2500 6.1728e+00 5.3780e+00 6.9346e+00 5.3799e+00 6.9326e+00 6.1176e+00 6.2286e+00
 106.5000 6.0729e+00 5.2909e+00 6.8222e+00 5.2928e+00 6.8202e+00 6.0187e+00 6.1278e+00
 106.7500 5.9748e+00 5.2054e+00 6.7118e+00 5.2072e+00 6.7098e+00 5.9215e+00 6.0288e+00
 107.0000 5.8785e+00 5.1213e+00 6.6034e+00 5.1232e+00 6.6014e+00 5.8260e+00 5.9316e+00
 107.2500 5.7839e+00 5.0388e+00 6.4969e+00 5.0406e+00 6.4950e+00 5.7323e+00 5.8361e+00
 107.5000 5.6910e+00 4.9578e+00 6.3923e+00 4.9595e+00 6.3905e+00 5.6402e+00 5.7423e+00
 107.7500 5.5997e+00 4.8782e+00 6.2896e+00 4.8799e+00 6.2878e+00 5.5498e+00 5.6502e+00
 108.0000 5.5101e+00 4.8000e+00 6.1888e+00 4.8017e+00 6.1870e+00 5.4610e+00 5.5598e+00
 108.2500 5.4220e+00 4.7232e+00 6.0897e+00 4.7249e+00 6.0879e+00 5.3737e+00 5.4709e+00
 108.5000 5.3355e+00 4.6478e+00 5.9924e+00 4.6494e+00 5.9906e+00 5.2880e+00 5.3837e+00
 108.7500 5.2506e+00 4.5737e+00 5.8968e+00 4.5753e+00 5.8951e+00 5.2039e+00 5.2980e+00
 109.0000 5.1672e+00 4.5009e+00 5.8029e+00 4.5025e+00 5.8012e+00 5.1212e+00 5.2137e+00
 109.2500 5.0852e+00 4.4294e+00 5.7107e+00 4.4310e+00 5.7090e+00 5.0400e+00 5.1310e+00
 109.5000 5.0047e+00 4.3592e+00 5.6201e+00 4.3608e+00 5.6185e+00 4.9602e+00 5.0498e+00
 109.7500 4.9256e+00 4.2902e+00 5.5311e+00 4.2917e+00 5.5295e+00 4.8818e+00 4.9699e+00
 110.0000 4.8478e+00 4.2225e+00 5.4437e+00 4.2239e+00 5.4421e+00 4.8048e+00 4.8915e+00
 110.2500 4.7715e+00 4.1559e+00 5.3578e+00 4.1573e+00 5.3562e+00 4.7291e+00 4.8144e+00
 110.5000 4.6965e+00 4.0905e+00 5.2734e+00 4.0919e+00 5.2719e+00 4.6548e+00 4.7387e+00
 110.7500 4.6228e+00 4.0262e+00 5.1905e+00 4.0276e+00 5.1890e+00 4.5818e+00 4.6644e+00
 111.0000 4.5504e+00 3.9630e+00 5.1090e+00 3.9644e+00 5.1075e+00 4.5100e+00 4.5913e+00
 111.2500 4.4792e+00 3.9010e+00 5.0290e+00 3.9024e+00 5.0275e+00 4.4395e+00 4.5195e+00
 111.5000 4.4093e+00 3.8400e+00 4.9504e+00 3.8414e+00 4.9489e+00 4.3702e+00 4.4489e+00
 111.7500 4.3406e+00 3.7801e+00 4.8731e+00 3.7815e+00 4.8717e+00 4.3022e+00 4.3796e+00
 112.0000 4.2731e+00 3.7213e+00 4.7972e+00 3.7226e+00 4.7957e+00 4.2353e+00 4.3115e+00
 112.2500 4.2068e+00 3.6635e+00 4.7225e+00 3.6648e+00 4.7212e+00 4.1696e+00 4.2445e+00
 112.5000 4.1416e+00 3.6066e+00 4.6492e+00 3.6079e+00 4.6479e+00 4.1050e+00 4.1787e+00
 112.7500 4.0775e+00 3.5508e+00 4.5772e+00 3.5520e+00 4.5758e+00 4.0415e+00 4.1141e+00
 113.0000 4.0146e+00 3.4959e+00 4.5063e+00 3.4971e+00 4.5050e+00 3.9791e+00 4.0506e+00
 113.2500 3.9527e+00 3.4420e+00 4.4368e+00 3.4432e+00 4.4355e+00 3.9179e+00 3.9881e+00
 113.5000 3.8919e+00 3.3890e+00 4.3684e+00 3.3902e+00 4.3671e+00 3.8576e+00 3.9268e+00
 113.7500 3.8322e+00 3.3369e+00 4.3012e+00 3.3381e+00 4.2999e+00 3.7984e+00 3.8665e+00
 114.0000 3.7735e+00 3.2857e+00 4.2351e+00 3.2869e+00 4.2339e+00 3.7402e+00 3.8072e+00
 114.2500 3.7157e+00 3.2354e+00 4.1702e+00 3.2365e+00 4.1689e+00 3.6831e+00 3.7489e+00
 114.5000 3.6590e+00 3.1860e+00 4.1063e+00 3.1871e+00 4.1051e+00 3.6268e+00 3.6917e+00
 114.7500 3.6032e+00 3.1373e+00 4.0436e+00 3.1384e+00 4.0424e+00 3.5716e+00 3.6353e+00
 115.0000 3.5484e+00 3.0895e+00 3.9819e+00 3.0906e+00 3.9807e+00 3.5172e+00 3.5800e+00
 115.2500 3.4944e+00 3.0425e+00 3.9212e+00 3.0436e+00 3.9201e+00 3.4638e+00 3.5255e+00
 115.5000 3.4414e+00 2.9963e+00 3.8616e+00 2.9973e+00 3.8605e+00 3.4113e+00 3.4720e+00
 115.7500 3.3893e+00 2.9509e+00 3.8029e+00 2.9519e+00 3.8018e+00 3.3596e+00 3.4194e+00
 116.0000 3.3380e+00 2.9062e+00 3.7453e+00 2.9072e+00 3.7442e+00 3.3088e+00 3.3676e+00
 116.2500 3.2876e+00 2.8622e+00 3.6886e+00 2.8632e+00 3.6875e+00 3.2588e+00 3.3168e+00
 116.5000 3.2380e+00 2.8190e+00 3.6328e+00 2.8200e+00 3.6318e+00 3.2097e+00 3.2667e+00
 116.7500 3.1892e+00 2.7765e+00 3.5780e+00 2.7775e+00 3.5770e+00 3.1614e+00 3.2175e+00
 117.0000 3.1413e+00 2.7347e+00 3.5241e+00 2.7357e+00 3.5231e+00 3.1139e+00 3.1691e+00
 117.2500 3.0941e+00 2.6936e+00 3.4711e+00 2.6945e+00 3.4701e+00 3.0671e+00 3.1215e+00
 117.5000 3.0477e+00 2.6532e+00 3.4190e+00 2.6541e+00 3.4180e+00 3.0212e+00 3.0747e+00
 117.7500 3.0021e+00 2.6135e+00 3.3677e+00 2.6143e+00 3.3667e+00 2.9760e+00 3.0287e+00
 118.0000 2.9573e+00 2.5743e+00 3.3173e+00 2.5752e+00 3.3163e+00 2.9315e+00 2.9834e+00
 118.2500 2.9131e+00 2.5359e+00 3.2677e+00 2.5367e+00 3.2667e+00 2.8878e+00 2.9389e+00
 118.5000 2.8697e+00 2.4981e+00 3.2189e+00 2.4989e+00 3.2180e+00 2.8448e+00 2.8951e+00
 118.7500 2.8270e+00 2.4609e+00 3.1709e+00 2.4617e+00 3.1700e+00 2.8025e+00 2.8520e+00
 119.0000 2.7851e+00 2.4243e+00 3.1238e+00 2.4251e+00 3.1229e+00 2.7609e+00 2.8096e+00
 119.2500 2.7437e+00 2.3883e+00 3.0773e+00 2.3891e+00 3.0765e+00 2.7199e+00 2.7679e+00
 119.5000 2.7031e+00 2.3528e+00 3.0317e+00 2.3536e+00 3.0308e+00 2.6797e+00 2.7269e+00
 119.7500 2.6631e+00 2.3180e+00 2.9868e+00 2.3188e+00 2.9859e+00 2.6401e+00 2.6866e+00
 120.0000 2.6238e+00 2.2837e+00 2.9426e+00 2.2845e+00 2.9418e+00 2.6011e+00 2.6469e+00