  -3.0000 2.9410e+05 2.2459e+05 3.9878e+05 2.2790e+05 3.9620e+05 2.7290e+05 3.1720e+05 3.7700e+05 2.4140e+05 3.0830e+05 2.2790e+05 3.9620e+05 2.7330e+05
  -2.9900 2.9780e+05 2.2743e+05 4.0370e+05 2.3080e+05 4.0110e+05 2.7630e+05 3.2110e+05 3.8160e+05 2.4450e+05 3.1220e+05 2.3080e+05 4.0110e+05 2.7660e+05
  -2.9800 3.0150e+05 2.3031e+05 4.0861e+05 2.3370e+05 4.0600e+05 2.7980e+05 3.2500e+05 3.8620e+05 2.4760e+05 3.1610e+05 2.3370e+05 4.0600e+05 2.8000e+05
  -2.9700 3.0520e+05 2.3316e+05 4.1364e+05 2.3660e+05 4.1100e+05 2.8320e+05 3.2900e+05 3.9080e+05 2.5070e+05 3.2010e+05 2.3660e+05 4.1100e+05 2.8330e+05
  -2.9600 3.0890e+05 2.3604e+05 4.1858e+05 2.3950e+05 4.1590e+05 2.8670e+05 3.3300e+05 3.9550e+05 2.5390e+05 3.2410e+05 2.3950e+05 4.1590e+05 2.8670e+05
  -2.9500 3.1270e+05 2.3889e+05 4.2369e+05 2.4240e+05 4.2100e+05 2.9020e+05 3.3700e+05 4.0010e+05 2.5700e+05 3.2810e+05 2.4240e+05 4.2100e+05 2.9010e+05
  -2.9400 3.1640e+05 2.4179e+05 4.2875e+05 2.4530e+05 4.2600e+05 2.9380e+05 3.4110e+05 4.0480e+05 2.6020e+05 3.3210e+05 2.4530e+05 4.2600e+05 2.9360e+05
  -2.9300 3.2020e+05 2.4474e+05 4.3386e+05 2.4830e+05 4.3110e+05 2.9730e+05 3.4510e+05 4.0960e+05 2.6340e+05 3.3610e+05 2.4830e+05 4.3110e+05 2.9700e+05
  -2.9200 3.2400e+05 2.4772e+05 4.3900e+05 2.5130e+05 4.3620e+05 3.0090e+05 3.4920e+05 4.1430e+05 2.6660e+05 3.4020e+05 2.5130e+05 4.3620e+05 3.0050e+05
  -2.9100 3.2790e+05 2.5067e+05 4.4411e+05 2.5430e+05 4.4130e+05 3.0450e+05 3.5330e+05 4.1910e+05 2.6980e+05 3.4430e+05 2.5430e+05 4.4130e+05 3.0400e+05
  -2.9000 3.3180e+05 2.5362e+05 4.4934e+05 2.5730e+05 4.4650e+05 3.0810e+05 3.5750e+05 4.2390e+05 2.7310e+05 3.4840e+05 2.5730e+05 4.4650e+05 3.0750e+05
  -2.8900 3.3560e+05 2.5660e+05 4.5458e+05 2.6030e+05 4.5170e+05 3.1170e+05 3.6160e+05 4.2870e+05 2.7630e+05 3.5260e+05 2.6030e+05 4.5170e+05 3.1100e+05
  -2.8800 3.3950e+05 2.5968e+05 4.5981e+05 2.6340e+05 4.5690e+05 3.1540e+05 3.6580e+05 4.3360e+05 2.7960e+05 3.5670e+05 2.6340e+05 4.5690e+05 3.1450e+05
  -2.8700 3.4350e+05 2.6263e+05 4.6502e+05 2.6640e+05 4.6210e+05 3.1910e+05 3.7000e+05 4.3840e+05 2.8290e+05 3.6090e+05 2.6640e+05 4.6210e+05 3.1810e+05
  -2.8600 3.4740e+05 2.6571e+05 4.7036e+05 2.6950e+05 4.6740e+05 3.2280e+05 3.7420e+05 4.4330e+05 2.8630e+05 3.6510e+05 2.6950e+05 4.6740e+05 3.2160e+05
  -2.8500 3.5140e+05 2.6876e+05 4.7569e+05 2.7260e+05 4.7270e+05 3.2650e+05 3.7850e+05 4.4830e+05 2.8960e+05 3.6940e+05 2.7260e+05 4.7270e+05 3.2520e+05
  -2.8400 3.5540e+05 2.7181e+05 4.8100e+05 2.7570e+05 4.7800e+05 3.3020e+05 3.8270e+05 4.5320e+05 2.9300e+05 3.7360e+05 2.7570e+05 4.7800e+05 3.2880e+05
  -2.8300 3.5940e+05 2.7499e+05 4.8634e+05 2.7890e+05 4.8330e+05 3.3400e+05 3.8700e+05 4.5820e+05 2.9640e+05 3.7790e+05 2.7890e+05 4.8330e+05 3.3250e+05
  -2.8200 3.6340e+05 2.7804e+05 4.9177e+05 2.8200e+05 4.8870e+05 3.3770e+05 3.9130e+05 4.6320e+05 2.9980e+05 3.8220e+05 2.8200e+05 4.8870e+05 3.3610e+05
  -2.8100 3.6750e+05 2.8119e+05 4.9718e+05 2.8520e+05 4.9410e+05 3.4150e+05 3.9560e+05 4.6820e+05 3.0320e+05 3.8650e+05 2.8520e+05 4.9410e+05 3.3980e+05
  -2.8000 3.7150e+05 2.8427e+05 5.0263e+05 2.8830e+05 4.9950e+05 3.4530e+05 4.0000e+05 4.7320e+05 3.0660e+05 3.9090e+05 2.8830e+05 4.9950e+05 3.4340e+05
  -2.7900 3.7560e+05 2.8742e+05 5.0814e+05 2.9150e+05 5.0500e+05 3.4910e+05 4.0430e+05 4.7830e+05 3.1010e+05 3.9520e+05 2.9150e+05 5.0500e+05 3.4710e+05
  -2.7800 3.7970e+05 2.9061e+05 5.1358e+05 2.9470e+05 5.1040e+05 3.5300e+05 4.0870e+05 4.8330e+05 3.1350e+05 3.9960e+05 2.9470e+05 5.1040e+05 3.5080e+05
  -2.7700 3.8380e+05 2.9376e+05 5.1911e+05 2.9790e+05 5.1590e+05 3.5680e+05 4.1310e+05 4.8840e+05 3.1700e+05 4.0400e+05 2.9790e+05 5.1590e+05 3.5460e+05
  -2.7600 3.8800e+05 2.9701e+05 5.2472e+05 3.0120e+05 5.2150e+05 3.6070e+05 4.1750e+05 4.9350e+05 3.2050e+05 4.0840e+05 3.0120e+05 5.2150e+05 3.5830e+05
  -2.7500 3.9210e+05 3.0019e+05 5.3027e+05 3.0440e+05 5.2700e+05 3.6460e+05 4.2200e+05 4.9870e+05 3.2400e+05 4.1290e+05 3.0440e+05 5.2700e+05 3.6210e+05
  -2.7400 3.9630e+05 3.0344e+05 5.3588e+05 3.0770e+05 5.3260e+05 3.6850e+05 4.2640e+05 5.0380e+05 3.2750e+05 4.1730e+05 3.0770e+05 5.3260e+05 3.6580e+05
  -2.7300 4.0050e+05 3.0669e+05 5.4142e+05 3.1100e+05 5.3810e+05 3.7240e+05 4.3090e+05 5.0900e+05 3.3110e+05 4.2180e+05 3.1100e+05 5.3810e+05 3.6960e+05
  -2.7200 4.0470e+05 3.0997e+05 5.4705e+05 3.1430e+05 5.4370e+05 3.7640e+05 4.3540e+05 5.1420e+05 3.3460e+05 4.2630e+05 3.1430e+05 5.4370e+05 3.7340e+05
  -2.7100 4.0890e+05 3.1326e+05 5.5278e+05 3.1760e+05 5.4940e+05 3.8040e+05 4.3990e+05 5.1940e+05 3.3820e+05 4.3080e+05 3.1760e+05 5.4940e+05 3.7720e+05
  -2.7000 4.1320e+05 3.1648e+05 5.5841e+05 3.2090e+05 5.5500e+05 3.8430e+05 4.4450e+05 5.2460e+05 3.4180e+05 4.3540e+05 3.2090e+05 5.5500e+05 3.8100e+05
  -2.6900 4.1740e+05 3.1976e+05 5.6414e+05 3.2420e+05 5.6070e+05 3.8830e+05 4.4900e+05 5.2990e+05 3.4540e+05 4.3990e+05 3.2420e+05 5.6070e+05 3.8490e+05
  -2.6800 4.2170e+05 3.2302e+05 5.6987e+05 3.2750e+05 5.6640e+05 3.9230e+05 4.5360e+05 5.3520e+05 3.4900e+05 4.4450e+05 3.2750e+05 5.6640e+05 3.8870e+05
  -2.6700 4.2600e+05 3.2637e+05 5.7558e+05 3.3090e+05 5.7210e+05 3.9630e+05 4.5810e+05 5.4040e+05 3.5270e+05 4.4910e+05 3.3090e+05 5.7210e+05 3.9260e+05
  -2.6600 4.3030e+05 3.2975e+05 5.8132e+05 3.3430e+05 5.7780e+05 4.0040e+05 4.6270e+05 5.4580e+05 3.5630e+05 4.5370e+05 3.3430e+05 5.7780e+05 3.9650e+05
  -2.6500 4.3460e+05 3.3301e+05 5.8717e+05 3.3760e+05 5.8360e+05 4.0440e+05 4.6740e+05 5.5110e+05 3.6000e+05 4.5840e+05 3.3760e+05 5.8360e+05 4.0030e+05
  -2.6400 4.3900e+05 3.3636e+05 5.9298e+05 3.4100e+05 5.8940e+05 4.0850e+05 4.7200e+05 5.5640e+05 3.6370e+05 4.6300e+05 3.4100e+05 5.8940e+05 4.0420e+05
  -2.6300 4.4330e+05 3.3974e+05 5.9871e+05 3.4440e+05 5.9510e+05 4.1260e+05 4.7660e+05 5.6180e+05 3.6730e+05 4.6770e+05 3.4440e+05 5.9510e+05 4.0820e+05
  -2.6200 4.4770e+05 3.4310e+05 6.0464e+05 3.4780e+05 6.0100e+05 4.1670e+05 4.8130e+05 5.6710e+05 3.7110e+05 4.7230e+05 3.4780e+05 6.0100e+05 4.1210e+05
  -2.6100 4.5210e+05 3.4655e+05 6.1047e+05 3.5130e+05 6.0680e+05 4.2080e+05 4.8600e+05 5.7250e+05 3.7480e+05 4.7700e+05 3.5130e+05 6.0680e+05 4.1600e+05
  -2.6000 4.5640e+05 3.4993e+05 6.1630e+05 3.5470e+05 6.1260e+05 4.2490e+05 4.9060e+05 5.7790e+05 3.7850e+05 4.8170e+05 3.5470e+05 6.1260e+05 4.2000e+05
  -2.5900 4.6090e+05 3.5326e+05 6.2221e+05 3.5810e+05 6.1850e+05 4.2900e+05 4.9530e+05 5.8330e+05 3.8220e+05 4.8650e+05 3.5810e+05 6.1850e+05 4.2390e+05
  -2.5800 4.6530e+05 3.5675e+05 6.2816e+05 3.6160e+05 6.2440e+05 4.3320e+05 5.0010e+05 5.8880e+05 3.8600e+05 4.9120e+05 3.6160e+05 6.2440e+05 4.2790e+05
  -2.5700 4.6970e+05 3.6020e+05 6.3409e+05 3.6510e+05 6.3030e+05 4.3730e+05 5.0480e+05 5.9420e+05 3.8980e+05 4.9600e+05 3.6510e+05 6.3030e+05 4.3190e+05
  -2.5600 4.7420e+05 3.6356e+05 6.4000e+05 3.6850e+05 6.3620e+05 4.4150e+05 5.0950e+05 5.9970e+05 3.9350e+05 5.0070e+05 3.6850e+05 6.3620e+05 4.3590e+05
  -2.5500 4.7860e+05 3.6704e+05 6.4595e+05 3.7200e+05 6.4210e+05 4.4570e+05 5.1430e+05 6.0510e+05 3.9730e+05 5.0550e+05 3.7200e+05 6.4210e+05 4.3990e+05
  -2.5400 4.8310e+05 3.7049e+05 6.5198e+05 3.7550e+05 6.4810e+05 4.4990e+05 5.1910e+05 6.1060e+05 4.0110e+05 5.1030e+05 3.7550e+05 6.4810e+05 4.4390e+05
  -2.5300 4.8760e+05 3.7395e+05 6.5789e+05 3.7900e+05 6.5400e+05 4.5410e+05 5.2380e+05 6.1610e+05 4.0490e+05 5.1510e+05 3.7900e+05 6.5400e+05 4.4790e+05
  -2.5200 4.9210e+05 3.7750e+05 6.6392e+05 3.8260e+05 6.6000e+05 4.5830e+05 5.2860e+05 6.2160e+05 4.0880e+05 5.2000e+05 3.8260e+05 6.6000e+05 4.5200e+05
  -2.5100 4.9660e+05 3.8099e+05 6.6997e+05 3.8610e+05 6.6600e+05 4.6260e+05 5.3350e+05 6.2720e+05 4.1260e+05 5.2480e+05 3.8610e+05 6.6600e+05 4.5600e+05
  -2.5000 5.0110e+05 3.8444e+05 6.7600e+05 3.8960e+05 6.7200e+05 4.6680e+05 5.3830e+05 6.3270e+05 4.1650e+05 5.2970e+05 3.8960e+05 6.7200e+05 4.6010e+05
  -2.4900 5.0560e+05 3.8802e+05 6.8203e+05 3.9320e+05 6.7800e+05 4.7110e+05 5.4310e+05 6.3830e+05 4.2030e+05 5.3450e+05 3.9320e+05 6.7800e+05 4.6410e+05
  -2.4800 5.1020e+05 3.9146e+05 6.8816e+05 3.9670e+05 6.8410e+05 4.7530e+05 5.4800e+05 6.4380e+05 4.2420e+05 5.3940e+05 3.9670e+05 6.8410e+05 4.6820e+05
  -2.4700 5.1470e+05 3.9504e+05 6.9419e+05 4.0030e+05 6.9010e+05 4.7960e+05 5.5280e+05 6.4940e+05 4.2810e+05 5.4430e+05 4.0030e+05 6.9010e+05 4.7230e+05
  -2.4600 5.1930e+05 3.9859e+05 7.0032e+05 4.0390e+05 6.9620e+05 4.8390e+05 5.5770e+05 6.5500e+05 4.3190e+05 5.4920e+05 4.0390e+05 6.9620e+05 4.7640e+05
  -2.4500 5.2390e+05 4.0215e+05 7.0643e+05 4.0750e+05 7.0230e+05 4.8820e+05 5.6250e+05 6.6060e+05 4.3580e+05 5.5410e+05 4.0750e+05 7.0230e+05 4.8050e+05
  -2.4400 5.2850e+05 4.0561e+05 7.1256e+05 4.1100e+05 7.0840e+05 4.9250e+05 5.6740e+05 6.6620e+05 4.3970e+05 5.5910e+05 4.1100e+05 7.0840e+05 4.8460e+05
  -2.4300 5.3310e+05 4.0916e+05 7.1869e+05 4.1460e+05 7.1450e+05 4.9680e+05 5.7230e+05 6.7180e+05 4.4370e+05 5.6400e+05 4.1460e+05 7.1450e+05 4.8870e+05
  -2.4200 5.3770e+05 4.1272e+05 7.2482e+05 4.1820e+05 7.2060e+05 5.0110e+05 5.7720e+05 6.7740e+05 4.4760e+05 5.6900e+05 4.1820e+05 7.2060e+05 4.9280e+05
  -2.4100 5.4230e+05 4.1640e+05 7.3097e+05 4.2190e+05 7.2670e+05 5.0550e+05 5.8220e+05 6.8310e+05 4.5150e+05 5.7390e+05 4.2190e+05 7.2670e+05 4.9690e+05
  -2.4000 5.4690e+05 4.1996e+05 7.3719e+05 4.2550e+05 7.3290e+05 5.0980e+05 5.8710e+05 6.8870e+05 4.5550e+05 5.7890e+05 4.2550e+05 7.3290e+05 5.0110e+05
  -2.3900 5.5150e+05 4.2351e+05 7.4332e+05 4.2910e+05 7.3900e+05 5.1410e+05 5.9200e+05 6.9440e+05 4.5940e+05 5.8390e+05 4.2910e+05 7.3900e+05 5.0520e+05
  -2.3800 5.5620e+05 4.2707e+05 7.4953e+05 4.3270e+05 7.4520e+05 5.1850e+05 5.9690e+05 7.0000e+05 4.6340e+05 5.8890e+05 4.3270e+05 7.4520e+05 5.0940e+05
  -2.3700 5.6080e+05 4.3075e+05 7.5568e+05 4.3640e+05 7.5130e+05 5.2290e+05 6.0190e+05 7.0570e+05 4.6730e+05 5.9390e+05 4.3640e+05 7.5130e+05 5.1350e+05
  -2.3600 5.6550e+05 4.3429e+05 7.6191e+05 4.4000e+05 7.5750e+05 5.2720e+05 6.0690e+05 7.1140e+05 4.7130e+05 5.9890e+05 4.4000e+05 7.5750e+05 5.1770e+05
  -2.3500 5.7010e+05 4.3797e+05 7.6814e+05 4.4370e+05 7.6370e+05 5.3160e+05 6.1180e+05 7.1700e+05 4.7530e+05 6.0390e+05 4.4370e+05 7.6370e+05 5.2180e+05
  -2.3400 5.7480e+05 4.4153e+05 7.7437e+05 4.4730e+05 7.6990e+05 5.3600e+05 6.1680e+05 7.2270e+05 4.7930e+05 6.0890e+05 4.4730e+05 7.6990e+05 5.2600e+05
  -2.3300 5.7950e+05 4.4518e+05 7.8060e+05 4.5100e+05 7.7610e+05 5.4040e+05 6.2180e+05 7.2840e+05 4.8330e+05 6.1390e+05 4.5100e+05 7.7610e+05 5.3020e+05
  -2.3200 5.8410e+05 4.4886e+05 7.8685e+05 4.5470e+05 7.8230e+05 5.4480e+05 6.2680e+05 7.3410e+05 4.8730e+05 6.1900e+05 4.5470e+05 7.8230e+05 5.3440e+05
  -2.3100 5.8880e+05 4.5242e+05 7.9306e+05 4.5830e+05 7.8850e+05 5.4920e+05 6.3170e+05 7.3980e+05 4.9130e+05 6.2400e+05 4.5830e+05 7.8850e+05 5.3860e+05
  -2.3000 5.9350e+05 4.5608e+05 7.9929e+05 4.6200e+05 7.9470e+05 5.5360e+05 6.3670e+05 7.4550e+05 4.9530e+05 6.2910e+05 4.6200e+05 7.9470e+05 5.4270e+05
  -2.2900 5.9820e+05 4.5974e+05 8.0561e+05 4.6570e+05 8.0100e+05 5.5800e+05 6.4170e+05 7.5130e+05 4.9930e+05 6.3420e+05 4.6570e+05 8.0100e+05 5.4690e+05
  -2.2800 6.0290e+05 4.6339e+05 8.1184e+05 4.6940e+05 8.0720e+05 5.6240e+05 6.4670e+05 7.5700e+05 5.0330e+05 6.3920e+05 4.6940e+05 8.0720e+05 5.5110e+05
  -2.2700 6.0760e+05 4.6708e+05 8.1819e+05 4.7310e+05 8.1350e+05 5.6690e+05 6.5180e+05 7.6270e+05 5.0740e+05 6.4430e+05 4.7310e+05 8.1350e+05 5.5530e+05
  -2.2600 6.1230e+05 4.7073e+05 8.2442e+05 4.7680e+05 8.1970e+05 5.7130e+05 6.5680e+05 7.6840e+05 5.1140e+05 6.4940e+05 4.7680e+05 8.1970e+05 5.5950e+05
  -2.2500 6.1710e+05 4.7436e+05 8.3073e+05 4.8050e+05 8.2600e+05 5.7570e+05 6.6180e+05 7.7420e+05 5.1540e+05 6.5450e+05 4.8050e+05 8.2600e+05 5.6370e+05
  -2.2400 6.2180e+05 4.7805e+05 8.3696e+05 4.8420e+05 8.3220e+05 5.8020e+05 6.6680e+05 7.7990e+05 5.1950e+05 6.5960e+05 4.8420e+05 8.3220e+05 5.6790e+05
  -2.2300 6.2650e+05 4.8171e+05 8.4331e+05 4.8790e+05 8.3850e+05 5.8460e+05 6.7190e+05 7.8570e+05 5.2350e+05 6.6470e+05 4.8790e+05 8.3850e+05 5.7220e+05
  -2.2200 6.3120e+05 4.8539e+05 8.4963e+05 4.9160e+05 8.4480e+05 5.8910e+05 6.7690e+05 7.9140e+05 5.2760e+05 6.6980e+05 4.9160e+05 8.4480e+05 5.7640e+05
  -2.2100 6.3600e+05 4.8902e+05 8.5584e+05 4.9530e+05 8.5100e+05 5.9350e+05 6.8190e+05 7.9720e+05 5.3160e+05 6.7490e+05 4.9530e+05 8.5100e+05 5.8060e+05
  -2.2000 6.4070e+05 4.9271e+05 8.6219e+05 4.9900e+05 8.5730e+05 5.9800e+05 6.8700e+05 8.0290e+05 5.3570e+05 6.8000e+05 4.9900e+05 8.5730e+05 5.8480e+05
  -2.1900 6.4540e+05 4.9636e+05 8.6852e+05 5.0270e+05 8.6360e+05 6.0240e+05 6.9200e+05 8.0870e+05 5.3970e+05 6.8510e+05 5.0270e+05 8.6360e+05 5.8900e+05
  -2.1800 6.5020e+05 5.0002e+05 8.7485e+05 5.0640e+05 8.6990e+05 6.0690e+05 6.9710e+05 8.1440e+05 5.4380e+05 6.9020e+05 5.0640e+05 8.6990e+05 5.9320e+05
  -2.1700 6.5490e+05 5.0371e+05 8.8118e+05 5.1010e+05 8.7620e+05 6.1140e+05 7.0210e+05 8.2020e+05 5.4790e+05 6.9530e+05 5.1010e+05 8.7620e+05 5.9750e+05
  -2.1600 6.5970e+05 5.0743e+05 8.8749e+05 5.1390e+05 8.8250e+05 6.1580e+05 7.0710e+05 8.2590e+05 5.5190e+05 7.0040e+05 5.1390e+05 8.8250e+05 6.0170e+05
  -2.1500 6.6440e+05 5.1112e+05 8.9374e+05 5.1760e+05 8.8870e+05 6.2030e+05 7.1220e+05 8.3170e+05 5.5600e+05 7.0560e+05 5.1760e+05 8.8870e+05 6.0590e+05
  -2.1400 6.6920e+05 5.1475e+05 9.0005e+05 5.2130e+05 8.9500e+05 6.2470e+05 7.1720e+05 8.3740e+05 5.6010e+05 7.1070e+05 5.2130e+05 8.9500e+05 6.1010e+05
  -2.1300 6.7390e+05 5.1844e+05 9.0639e+05 5.2500e+05 9.0130e+05 6.2920e+05 7.2230e+05 8.4320e+05 5.6410e+05 7.1580e+05 5.2500e+05 9.0130e+05 6.1440e+05
  -2.1200 6.7870e+05 5.2219e+05 9.1272e+05 5.2880e+05 9.0760e+05 6.3370e+05 7.2740e+05 8.4890e+05 5.6820e+05 7.2100e+05 5.2880e+05 9.0760e+05 6.1860e+05
  -2.1100 6.8340e+05 5.2585e+05 9.1905e+05 5.3250e+05 9.1390e+05 6.3810e+05 7.3240e+05 8.5470e+05 5.7230e+05 7.2610e+05 5.3250e+05 9.1390e+05 6.2280e+05
  -2.1000 6.8820e+05 5.2951e+05 9.2538e+05 5.3620e+05 9.2020e+05 6.4260e+05 7.3750e+05 8.6040e+05 5.7640e+05 7.3120e+05 5.3620e+05 9.2020e+05 6.2700e+05
  -2.0900 6.9290e+05 5.3319e+05 9.3171e+05 5.3990e+05 9.2650e+05 6.4710e+05 7.4250e+05 8.6620e+05 5.8050e+05 7.3640e+05 5.3990e+05 9.2650e+05 6.3120e+05
  -2.0800 6.9770e+05 5.3695e+05 9.3804e+05 5.4370e+05 9.3280e+05 6.5160e+05 7.4760e+05 8.7190e+05 5.8450e+05 7.4150e+05 5.4370e+05 9.3280e+05 6.3550e+05
  -2.0700 7.0240e+05 5.4060e+05 9.4436e+05 5.4740e+05 9.3910e+05 6.5600e+05 7.5260e+05 8.7770e+05 5.8860e+05 7.4660e+05 5.4740e+05 9.3910e+05 6.3970e+05
  -2.0600 7.0720e+05 5.4426e+05 9.5069e+05 5.5110e+05 9.4540e+05 6.6050e+05 7.5770e+05 8.8340e+05 5.9270e+05 7.5180e+05 5.5110e+05 9.4540e+05 6.4390e+05
  -2.0500 7.1190e+05 5.4795e+05 9.5702e+05 5.5480e+05 9.5170e+05 6.6500e+05 7.6270e+05 8.8920e+05 5.9680e+05 7.5690e+05 5.5480e+05 9.5170e+05 6.4810e+05
  -2.0400 7.1660e+05 5.5170e+05 9.6327e+05 5.5860e+05 9.5790e+05 6.6940e+05 7.6780e+05 8.9490e+05 6.0090e+05 7.6200e+05 5.5860e+05 9.5790e+05 6.5230e+05
  -2.0300 7.2140e+05 5.5536e+05 9.6958e+05 5.6230e+05 9.6420e+05 6.7390e+05 7.7280e+05 9.0060e+05 6.0490e+05 7.6710e+05 5.6230e+05 9.6420e+05 6.5650e+05
  -2.0200 7.2610e+05 5.5905e+05 9.7591e+05 5.6600e+05 9.7050e+05 6.7840e+05 7.7780e+05 9.0640e+05 6.0900e+05 7.7230e+05 5.6600e+05 9.7050e+05 6.6070e+05
  -2.0100 7.3090e+05 5.6268e+05 9.8224e+05 5.6970e+05 9.7680e+05 6.8280e+05 7.8290e+05 9.1210e+05 6.1310e+05 7.7740e+05 5.6970e+05 9.7680e+05 6.6490e+05
  -2.0000 7.3560e+05 5.6636e+05 9.8847e+05 5.7340e+05 9.8300e+05 6.8730e+05 7.8790e+05 9.1780e+05 6.1720e+05 7.8250e+05 5.7340e+05 9.8300e+05 6.6910e+05
  -1.9900 7.4030e+05 5.7011e+05 9.9480e+05 5.7720e+05 9.8930e+05 6.9170e+05 7.9290e+05 9.2350e+05 6.2120e+05 7.8770e+05 5.7720e+05 9.8930e+05 6.7330e+05
  -1.9800 7.4510e+05 5.7377e+05 1.0011e+06 5.8090e+05 9.9560e+05 6.9620e+05 7.9800e+05 9.2920e+05 6.2530e+05 7.9280e+05 5.8090e+05 9.9560e+05 6.7750e+05
  -1.9700 7.4980e+05 5.7743e+05 1.0076e+06 5.8460e+05 1.0020e+06 7.0060e+05 8.0300e+05 9.3490e+05 6.2940e+05 7.9790e+05 5.8460e+05 1.0020e+06 6.8170e+05
  -1.9600 7.5450e+05 5.8111e+05 1.0136e+06 5.8830e+05 1.0080e+06 7.0510e+05 8.0800e+05 9.4060e+05 6.3340e+05 8.0300e+05 5.8830e+05 1.0080e+06 6.8590e+05
  -1.9500 7.5920e+05 5.8477e+05 1.0196e+06 5.9200e+05 1.0140e+06 7.0950e+05 8.1300e+05 9.4630e+05 6.3750e+05 8.0810e+05 5.9200e+05 1.0140e+06 6.9010e+05
  -1.9400 7.6400e+05 5.8843e+05 1.0266e+06 5.9570e+05 1.0210e+06 7.1400e+05 8.1800e+05 9.5200e+05 6.4160e+05 8.1320e+05 5.9570e+05 1.0210e+06 6.9420e+05
  -1.9300 7.6870e+05 5.9209e+05 1.0326e+06 5.9940e+05 1.0270e+06 7.1840e+05 8.2300e+05 9.5770e+05 6.4560e+05 8.1830e+05 5.9940e+05 1.0270e+06 6.9840e+05
  -1.9200 7.7340e+05 5.9574e+05 1.0387e+06 6.0310e+05 1.0330e+06 7.2280e+05 8.2800e+05 9.6330e+05 6.4970e+05 8.2340e+05 6.0310e+05 1.0330e+06 7.0260e+05
  -1.9100 7.7810e+05 5.9940e+05 1.0447e+06 6.0680e+05 1.0390e+06 7.2720e+05 8.3300e+05 9.6900e+05 6.5370e+05 8.2850e+05 6.0680e+05 1.0390e+06 7.0670e+05
  -1.9000 7.8280e+05 6.0308e+05 1.0507e+06 6.1050e+05 1.0450e+06 7.3170e+05 8.3800e+05 9.7460e+05 6.5780e+05 8.3360e+05 6.1050e+05 1.0450e+06 7.1090e+05
  -1.8900 7.8740e+05 6.0667e+05 1.0578e+06 6.1410e+05 1.0520e+06 7.3610e+05 8.4300e+05 9.8030e+05 6.6180e+05 8.3870e+05 6.1410e+05 1.0520e+06 7.1500e+05
  -1.8800 7.9210e+05 6.1032e+05 1.0638e+06 6.1780e+05 1.0580e+06 7.4050e+05 8.4800e+05 9.8590e+05 6.6580e+05 8.4370e+05 6.1780e+05 1.0580e+06 7.1920e+05
  -1.8700 7.9680e+05 6.1398e+05 1.0698e+06 6.2150e+05 1.0640e+06 7.4490e+05 8.5290e+05 9.9150e+05 6.6990e+05 8.4880e+05 6.2150e+05 1.0640e+06 7.2330e+05
  -1.8600 8.0150e+05 6.1754e+05 1.0759e+06 6.2510e+05 1.0700e+06 7.4930e+05 8.5790e+05 9.9710e+05 6.7390e+05 8.5390e+05 6.2510e+05 1.0700e+06 7.2740e+05
  -1.8500 8.0610e+05 6.2122e+05 1.0819e+06 6.2880e+05 1.0760e+06 7.5370e+05 8.6280e+05 1.0030e+06 6.7790e+05 8.5890e+05 6.2880e+05 1.0760e+06 7.3150e+05
  -1.8400 8.1080e+05 6.2485e+05 1.0879e+06 6.3250e+05 1.0820e+06 7.5800e+05 8.6780e+05 1.0080e+06 6.8190e+05 8.6390e+05 6.3250e+05 1.0820e+06 7.3560e+05
  -1.8300 8.1540e+05 6.2843e+05 1.0949e+06 6.3610e+05 1.0890e+06 7.6240e+05 8.7270e+05 1.0140e+06 6.8590e+05 8.6900e+05 6.3610e+05 1.0890e+06 7.3970e+05
  -1.8200 8.2000e+05 6.3202e+05 1.1010e+06 6.3970e+05 1.0950e+06 7.6680e+05 8.7760e+05 1.0190e+06 6.8990e+05 8.7400e+05 6.3970e+05 1.0950e+06 7.4380e+05
  -1.8100 8.2470e+05 6.3564e+05 1.1070e+06 6.4340e+05 1.1010e+06 7.7110e+05 8.8250e+05 1.0250e+06 6.9390e+05 8.7900e+05 6.4340e+05 1.1010e+06 7.4790e+05
  -1.8000 8.2930e+05 6.3923e+05 1.1130e+06 6.4700e+05 1.1070e+06 7.7550e+05 8.8740e+05 1.0310e+06 6.9790e+05 8.8400e+05 6.4700e+05 1.1070e+06 7.5200e+05
  -1.7900 8.3390e+05 6.4278e+05 1.1190e+06 6.5060e+05 1.1130e+06 7.7980e+05 8.9230e+05 1.0360e+06 7.0190e+05 8.8900e+05 6.5060e+05 1.1130e+06 7.5600e+05
  -1.7800 8.3850e+05 6.4637e+05 1.1251e+06 6.5420e+05 1.1190e+06 7.8420e+05 8.9720e+05 1.0420e+06 7.0590e+05 8.9400e+05 6.5420e+05 1.1190e+06 7.6010e+05
  -1.7700 8.4310e+05 6.5002e+05 1.1311e+06 6.5790e+05 1.1250e+06 7.8850e+05 9.0210e+05 1.0470e+06 7.0980e+05 8.9900e+05 6.5790e+05 1.1250e+06 7.6420e+05
  -1.7600 8.4770e+05 6.5348e+05 1.1371e+06 6.6140e+05 1.1310e+06 7.9280e+05 9.0700e+05 1.0530e+06 7.1380e+05 9.0400e+05 6.6140e+05 1.1310e+06 7.6820e+05
  -1.7500 8.5220e+05 6.5706e+05 1.1432e+06 6.6500e+05 1.1370e+06 7.9710e+05 9.1180e+05 1.0580e+06 7.1780e+05 9.0900e+05 6.6500e+05 1.1370e+06 7.7220e+05
  -1.7400 8.5680e+05 6.6062e+05 1.1492e+06 6.6860e+05 1.1430e+06 8.0140e+05 9.1670e+05 1.0640e+06 7.2170e+05 9.1390e+05 6.6860e+05 1.1430e+06 7.7620e+05
  -1.7300 8.6130e+05 6.6420e+05 1.1552e+06 6.7220e+05 1.1490e+06 8.0570e+05 9.2150e+05 1.0690e+06 7.2560e+05 9.1890e+05 6.7220e+05 1.1490e+06 7.8030e+05
  -1.7200 8.6590e+05 6.6775e+05 1.1612e+06 6.7580e+05 1.1550e+06 8.1000e+05 9.2630e+05 1.0740e+06 7.2960e+05 9.2380e+05 6.7580e+05 1.1550e+06 7.8430e+05
  -1.7100 8.7040e+05 6.7121e+05 1.1673e+06 6.7930e+05 1.1610e+06 8.1420e+05 9.3110e+05 1.0800e+06 7.3350e+05 9.2870e+05 6.7930e+05 1.1610e+06 7.8820e+05
  -1.7000 8.7490e+05 6.7479e+05 1.1733e+06 6.8290e+05 1.1670e+06 8.1850e+05 9.3590e+05 1.0850e+06 7.3740e+05 9.3360e+05 6.8290e+05 1.1670e+06 7.9220e+05
  -1.6900 8.7940e+05 6.7827e+05 1.1793e+06 6.8640e+05 1.1730e+06 8.2280e+05 9.4070e+05 1.0910e+06 7.4130e+05 9.3850e+05 6.8640e+05 1.1730e+06 7.9620e+05
  -1.6800 8.8390e+05 6.8182e+05 1.1854e+06 6.9000e+05 1.1790e+06 8.2700e+05 9.4550e+05 1.0960e+06 7.4520e+05 9.4340e+05 6.9000e+05 1.1790e+06 8.0010e+05
  -1.6700 8.8840e+05 6.8528e+05 1.1914e+06 6.9350e+05 1.1850e+06 8.3120e+05 9.5020e+05 1.1010e+06 7.4910e+05 9.4830e+05 6.9350e+05 1.1850e+06 8.0410e+05
  -1.6600 8.9290e+05 6.8874e+05 1.1974e+06 6.9700e+05 1.1910e+06 8.3540e+05 9.5500e+05 1.1070e+06 7.5290e+05 9.5310e+05 6.9700e+05 1.1910e+06 8.0800e+05
  -1.6500 8.9730e+05 6.9222e+05 1.2034e+06 7.0050e+05 1.1970e+06 8.3960e+05 9.5970e+05 1.1120e+06 7.5680e+05 9.5800e+05 7.0050e+05 1.1970e+06 8.1190e+05
  -1.6400 9.0180e+05 6.9567e+05 1.2094e+06 7.0400e+05 1.2030e+06 8.4380e+05 9.6440e+05 1.1170e+06 7.6060e+05 9.6280e+05 7.0400e+05 1.2030e+06 8.1580e+05
  -1.6300 9.0620e+05 6.9915e+05 1.2155e+06 7.0750e+05 1.2090e+06 8.4800e+05 9.6910e+05 1.1230e+06 7.6450e+05 9.6760e+05 7.0750e+05 1.2090e+06 8.1970e+05
  -1.6200 9.1060e+05 7.0251e+05 1.2205e+06 7.1090e+05 1.2140e+06 8.5210e+05 9.7380e+05 1.1280e+06 7.6830e+05 9.7240e+05 7.1090e+05 1.2140e+06 8.2360e+05
  -1.6100 9.1500e+05 7.0599e+05 1.2265e+06 7.1440e+05 1.2200e+06 8.5630e+05 9.7850e+05 1.1330e+06 7.7210e+05 9.7720e+05 7.1440e+05 1.2200e+06 8.2750e+05
  -1.6000 9.1940e+05 7.0934e+05 1.2325e+06 7.1780e+05 1.2260e+06 8.6040e+05 9.8310e+05 1.1390e+06 7.7590e+05 9.8200e+05 7.1780e+05 1.2260e+06 8.3130e+05
  -1.5900 9.2380e+05 7.1282e+05 1.2386e+06 7.2130e+05 1.2320e+06 8.6460e+05 9.8770e+05 1.1440e+06 7.7970e+05 9.8680e+05 7.2130e+05 1.2320e+06 8.3520e+05
  -1.5800 9.2820e+05 7.1618e+05 1.2446e+06 7.2470e+05 1.2380e+06 8.6870e+05 9.9240e+05 1.1490e+06 7.8350e+05 9.9150e+05 7.2470e+05 1.2380e+06 8.3900e+05
  -1.5700 9.3250e+05 7.1956e+05 1.2496e+06 7.2810e+05 1.2430e+06 8.7280e+05 9.9700e+05 1.1540e+06 7.8730e+05 9.9620e+05 7.2810e+05 1.2430e+06 8.4280e+05
  -1.5600 9.3680e+05 7.2291e+05 1.2557e+06 7.3150e+05 1.2490e+06 8.7680e+05 1.0020e+06 1.1590e+06 7.9100e+05 1.0010e+06 7.3150e+05 1.2490e+06 8.4660e+05
  -1.5500 9.4110e+05 7.2629e+05 1.2616e+06 7.3490e+05 1.2550e+06 8.8090e+05 1.0060e+06 1.1640e+06 7.9480e+05 1.0060e+06 7.3490e+05 1.2550e+06 8.5040e+05
  -1.5400 9.4540e+05 7.2967e+05 1.2668e+06 7.3830e+05 1.2600e+06 8.8500e+05 1.0110e+06 1.1700e+06 7.9850e+05 1.0100e+06 7.3830e+05 1.2600e+06 8.5420e+05
  -1.5300 9.4970e+05 7.3302e+05 1.2727e+06 7.4170e+05 1.2660e+06 8.8900e+05 1.0150e+06 1.1750e+06 8.0220e+05 1.0150e+06 7.4170e+05 1.2660e+06 8.5790e+05
  -1.5200 9.5400e+05 7.3628e+05 1.2788e+06 7.4500e+05 1.2720e+06 8.9300e+05 1.0200e+06 1.1800e+06 8.0590e+05 1.0200e+06 7.4500e+05 1.2720e+06 8.6160e+05
  -1.5100 9.5820e+05 7.3966e+05 1.2837e+06 7.4840e+05 1.2770e+06 8.9700e+05 1.0240e+06 1.1850e+06 8.0960e+05 1.0240e+06 7.4840e+05 1.2770e+06 8.6540e+05
  -1.5000 9.6250e+05 7.4291e+05 1.2898e+06 7.5170e+05 1.2830e+06 9.0100e+05 1.0290e+06 1.1900e+06 8.1330e+05 1.0290e+06 7.5170e+05 1.2830e+06 8.6910e+05
  -1.4900 9.6670e+05 7.4619e+05 1.2948e+06 7.5500e+05 1.2880e+06 9.0500e+05 1.0330e+06 1.1950e+06 8.1690e+05 1.0330e+06 7.5500e+05 1.2880e+06 8.7280e+05
  -1.4800 9.7090e+05 7.4944e+05 1.3009e+06 7.5830e+05 1.2940e+06 9.0890e+05 1.0380e+06 1.2000e+06 8.2060e+05 1.0380e+06 7.5830e+05 1.2940e+06 8.7640e+05
  -1.4700 9.7510e+05 7.5272e+05 1.3068e+06 7.6160e+05 1.3000e+06 9.1290e+05 1.0420e+06 1.2050e+06 8.2420e+05 1.0430e+06 7.6160e+05 1.3000e+06 8.8010e+05
  -1.4600 9.7920e+05 7.5600e+05 1.3120e+06 7.6490e+05 1.3050e+06 9.1680e+05 1.0470e+06 1.2100e+06 8.2780e+05 1.0470e+06 7.6490e+05 1.3050e+06 8.8380e+05
  -1.4500 9.8340e+05 7.5916e+05 1.3179e+06 7.6810e+05 1.3110e+06 9.2070e+05 1.0510e+06 1.2150e+06 8.3150e+05 1.0520e+06 7.6810e+05 1.3110e+06 8.8740e+05
  -1.4400 9.8750e+05 7.6243e+05 1.3229e+06 7.7140e+05 1.3160e+06 9.2460e+05 1.0550e+06 1.2200e+06 8.3500e+05 1.0560e+06 7.7140e+05 1.3160e+06 8.9100e+05
  -1.4300 9.9160e+05 7.6561e+05 1.3280e+06 7.7460e+05 1.3210e+06 9.2850e+05 1.0600e+06 1.2250e+06 8.3860e+05 1.0610e+06 7.7460e+05 1.3210e+06 8.9460e+05
  -1.4200 9.9570e+05 7.6889e+05 1.3340e+06 7.7790e+05 1.3270e+06 9.3240e+05 1.0640e+06 1.2290e+06 8.4220e+05 1.0650e+06 7.7790e+05 1.3270e+06 8.9820e+05
  -1.4100 9.9980e+05 7.7204e+05 1.3389e+06 7.8110e+05 1.3320e+06 9.3620e+05 1.0680e+06 1.2340e+06 8.4570e+05 1.0700e+06 7.8110e+05 1.3320e+06 9.0180e+05
  -1.4000 1.0040e+06 7.7520e+05 1.3451e+06 7.8430e+05 1.3380e+06 9.4010e+05 1.0730e+06 1.2390e+06 8.4930e+05 1.0740e+06 7.8430e+05 1.3380e+06 9.0530e+05
  -1.3900 1.0080e+06 7.7828e+05 1.3500e+06 7.8740e+05 1.3430e+06 9.4390e+05 1.0770e+06 1.2440e+06 8.5280e+05 1.0780e+06 7.8740e+05 1.3430e+06 9.0890e+05
  -1.3800 1.0120e+06 7.8145e+05 1.3550e+06 7.9060e+05 1.3480e+06 9.4770e+05 1.0810e+06 1.2490e+06 8.5630e+05 1.0830e+06 7.9060e+05 1.3480e+06 9.1240e+05
  -1.3700 1.0160e+06 7.8463e+05 1.3610e+06 7.9380e+05 1.3540e+06 9.5150e+05 1.0850e+06 1.2530e+06 8.5980e+05 1.0870e+06 7.9380e+05 1.3540e+06 9.1590e+05
  -1.3600 1.0200e+06 7.8768e+05 1.3662e+06 7.9690e+05 1.3590e+06 9.5520e+05 1.0900e+06 1.2580e+06 8.6330e+05 1.0920e+06 7.9690e+05 1.3590e+06 9.1940e+05
  -1.3500 1.0240e+06 7.9076e+05 1.3711e+06 8.0000e+05 1.3640e+06 9.5900e+05 1.0940e+06 1.2630e+06 8.6670e+05 1.0960e+06 8.0000e+05 1.3640e+06 9.2290e+05
  -1.3400 1.0280e+06 7.9381e+05 1.3761e+06 8.0310e+05 1.3690e+06 9.6270e+05 1.0980e+06 1.2680e+06 8.7020e+05 1.1000e+06 8.0310e+05 1.3690e+06 9.2630e+05
  -1.3300 1.0320e+06 7.9686e+05 1.3811e+06 8.0620e+05 1.3740e+06 9.6640e+05 1.1020e+06 1.2720e+06 8.7360e+05 1.1050e+06 8.0620e+05 1.3740e+06 9.2980e+05
  -1.3200 1.0360e+06 7.9992e+05 1.3870e+06 8.0930e+05 1.3800e+06 9.7010e+05 1.1060e+06 1.2770e+06 8.7700e+05 1.1090e+06 8.0930e+05 1.3800e+06 9.3320e+05
  -1.3100 1.0400e+06 8.0297e+05 1.3922e+06 8.1240e+05 1.3850e+06 9.7380e+05 1.1110e+06 1.2820e+06 8.8040e+05 1.1130e+06 8.1240e+05 1.3850e+06 9.3660e+05
  -1.3000 1.0430e+06 8.0613e+05 1.3974e+06 8.1540e+05 1.3900e+06 9.7740e+05 1.1150e+06 1.2860e+06 8.8370e+05 1.1170e+06 8.1540e+05 1.3900e+06 9.4000e+05
  -1.2900 1.0470e+06 8.0909e+05 1.4024e+06 8.1840e+05 1.3950e+06 9.8110e+05 1.1190e+06 1.2910e+06 8.8710e+05 1.1210e+06 8.1840e+05 1.3950e+06 9.4330e+05
  -1.2800 1.0510e+06 8.1212e+05 1.4073e+06 8.2150e+05 1.4000e+06 9.8470e+05 1.1230e+06 1.2950e+06 8.9040e+05 1.1260e+06 8.2150e+05 1.4000e+06 9.4670e+05
  -1.2700 1.0550e+06 8.1504e+05 1.4123e+06 8.2450e+05 1.4050e+06 9.8830e+05 1.1270e+06 1.3000e+06 8.9380e+05 1.1300e+06 8.2450e+05 1.4050e+06 9.5000e+05
  -1.2600 1.0590e+06 8.1788e+05 1.4173e+06 8.2740e+05 1.4100e+06 9.9190e+05 1.1310e+06 1.3040e+06 8.9710e+05 1.1340e+06 8.2740e+05 1.4100e+06 9.5330e+05
  -1.2500 1.0630e+06 8.2078e+05 1.4223e+06 8.3040e+05 1.4150e+06 9.9540e+05 1.1350e+06 1.3090e+06 9.0030e+05 1.1380e+06 8.3040e+05 1.4150e+06 9.5660e+05
  -1.2400 1.0660e+06 8.2394e+05 1.4274e+06 8.3340e+05 1.4200e+06 9.9900e+05 1.1390e+06 1.3130e+06 9.0360e+05 1.1420e+06 8.3340e+05 1.4200e+06 9.5990e+05
  -1.2300 1.0700e+06 8.2661e+05 1.4324e+06 8.3630e+05 1.4250e+06 1.0020e+06 1.1430e+06 1.3180e+06 9.0680e+05 1.1460e+06 8.3630e+05 1.4250e+06 9.6310e+05
  -1.2200 1.0740e+06 8.2955e+05 1.4374e+06 8.3920e+05 1.4300e+06 1.0060e+06 1.1470e+06 1.3220e+06 9.1010e+05 1.1500e+06 8.3920e+05 1.4300e+06 9.6640e+05
  -1.2100 1.0770e+06 8.3246e+05 1.4426e+06 8.4210e+05 1.4350e+06 1.0090e+06 1.1510e+06 1.3260e+06 9.1330e+05 1.1540e+06 8.4210e+05 1.4350e+06 9.6960e+05
  -1.2000 1.0810e+06 8.3540e+05 1.4464e+06 8.4500e+05 1.4390e+06 1.0130e+06 1.1540e+06 1.3310e+06 9.1650e+05 1.1580e+06 8.4500e+05 1.4390e+06 9.7280e+05
  -1.1900 1.0850e+06 8.3797e+05 1.4513e+06 8.4780e+05 1.4440e+06 1.0160e+06 1.1580e+06 1.3350e+06 9.1960e+05 1.1620e+06 8.4780e+05 1.4440e+06 9.7590e+05
  -1.1800 1.0880e+06 8.4115e+05 1.4565e+06 8.5070e+05 1.4490e+06 1.0200e+06 1.1620e+06 1.3390e+06 9.2280e+05 1.1660e+06 8.5070e+05 1.4490e+06 9.7910e+05
  -1.1700 1.0920e+06 8.4372e+05 1.4615e+06 8.5350e+05 1.4540e+06 1.0230e+06 1.1660e+06 1.3440e+06 9.2590e+05 1.1700e+06 8.5350e+05 1.4540e+06 9.8220e+05
  -1.1600 1.0950e+06 8.4653e+05 1.4657e+06 8.5630e+05 1.4580e+06 1.0260e+06 1.1700e+06 1.3480e+06 9.2900e+05 1.1740e+06 8.5630e+05 1.4580e+06 9.8530e+05
  -1.1500 1.0990e+06 8.4937e+05 1.4704e+06 8.5910e+05 1.4630e+06 1.0300e+06 1.1730e+06 1.3520e+06 9.3210e+05 1.1780e+06 8.5910e+05 1.4630e+06 9.8840e+05
  -1.1400 1.1020e+06 8.5209e+05 1.4756e+06 8.6180e+05 1.4680e+06 1.0330e+06 1.1770e+06 1.3560e+06 9.3520e+05 1.1820e+06 8.6180e+05 1.4680e+06 9.9150e+05
  -1.1300 1.1060e+06 8.5466e+05 1.4796e+06 8.6460e+05 1.4720e+06 1.0360e+06 1.1810e+06 1.3600e+06 9.3820e+05 1.1860e+06 8.6460e+05 1.4720e+06 9.9450e+05
  -1.1200 1.1090e+06 8.5764e+05 1.4846e+06 8.6730e+05 1.4770e+06 1.0400e+06 1.1840e+06 1.3640e+06 9.4120e+05 1.1890e+06 8.6730e+05 1.4770e+06 9.9750e+05
  -1.1100 1.1130e+06 8.6012e+05 1.4886e+06 8.7000e+05 1.4810e+06 1.0430e+06 1.1880e+06 1.3680e+06 9.4420e+05 1.1930e+06 8.7000e+05 1.4810e+06 1.0010e+06
  -1.1000 1.1160e+06 8.6283e+05 1.4937e+06 8.7270e+05 1.4860e+06 1.0460e+06 1.1920e+06 1.3730e+06 9.4720e+05 1.1970e+06 8.7270e+05 1.4860e+06 1.0040e+06
  -1.0900 1.1200e+06 8.6530e+05 1.4975e+06 8.7540e+05 1.4900e+06 1.0490e+06 1.1950e+06 1.3770e+06 9.5020e+05 1.2010e+06 8.7540e+05 1.4900e+06 1.0060e+06
  -1.0800 1.1230e+06 8.6820e+05 1.5027e+06 8.7800e+05 1.4950e+06 1.0530e+06 1.1990e+06 1.3810e+06 9.5310e+05 1.2040e+06 8.7800e+05 1.4950e+06 1.0090e+06
  -1.0700 1.1260e+06 8.7081e+05 1.5067e+06 8.8060e+05 1.4990e+06 1.0560e+06 1.2020e+06 1.3840e+06 9.5600e+05 1.2080e+06 8.8060e+05 1.4990e+06 1.0120e+06
  -1.0600 1.1300e+06 8.7319e+05 1.5107e+06 8.8320e+05 1.5030e+06 1.0590e+06 1.2060e+06 1.3880e+06 9.5890e+05 1.2110e+06 8.8320e+05 1.5030e+06 1.0150e+06
  -1.0500 1.1330e+06 8.7581e+05 1.5156e+06 8.8580e+05 1.5080e+06 1.0620e+06 1.2090e+06 1.3920e+06 9.6180e+05 1.2150e+06 8.8580e+05 1.5080e+06 1.0180e+06
  -1.0400 1.1360e+06 8.7842e+05 1.5198e+06 8.8840e+05 1.5120e+06 1.0650e+06 1.2130e+06 1.3960e+06 9.6460e+05 1.2190e+06 8.8840e+05 1.5120e+06 1.0210e+06
  -1.0300 1.1390e+06 8.8094e+05 1.5238e+06 8.9090e+05 1.5160e+06 1.0680e+06 1.2160e+06 1.4000e+06 9.6740e+05 1.2220e+06 8.9090e+05 1.5160e+06 1.0240e+06
  -1.0200 1.1430e+06 8.8332e+05 1.5288e+06 8.9350e+05 1.5210e+06 1.0710e+06 1.2200e+06 1.4040e+06 9.7020e+05 1.2260e+06 8.9350e+05 1.5210e+06 1.0260e+06
  -1.0100 1.1460e+06 8.8584e+05 1.5327e+06 8.9600e+05 1.5250e+06 1.0740e+06 1.2230e+06 1.4070e+06 9.7300e+05 1.2290e+06 8.9600e+05 1.5250e+06 1.0290e+06
  -1.0000 1.1490e+06 8.8826e+05 1.5367e+06 8.9840e+05 1.5290e+06 1.0770e+06 1.2260e+06 1.4110e+06 9.7570e+05 1.2330e+06 8.9840e+05 1.5290e+06 1.0320e+06
  -0.9900 1.1520e+06 8.9078e+05 1.5409e+06 9.0090e+05 1.5330e+06 1.0800e+06 1.2300e+06 1.4150e+06 9.7850e+05 1.2360e+06 9.0090e+05 1.5330e+06 1.0350e+06
  -0.9800 1.1550e+06 8.9320e+05 1.5449e+06 9.0330e+05 1.5370e+06 1.0830e+06 1.2330e+06 1.4190e+06 9.8120e+05 1.2390e+06 9.0330e+05 1.5370e+06 1.0370e+06
  -0.9700 1.1580e+06 8.9572e+05 1.5489e+06 9.0580e+05 1.5410e+06 1.0860e+06 1.2360e+06 1.4220e+06 9.8390e+05 1.2430e+06 9.0580e+05 1.5410e+06 1.0400e+06
  -0.9600 1.1610e+06 8.9805e+05 1.5528e+06 9.0810e+05 1.5450e+06 1.0890e+06 1.2390e+06 1.4260e+06 9.8650e+05 1.2460e+06 9.0810e+05 1.5450e+06 1.0430e+06
  -0.9500 1.1640e+06 9.0047e+05 1.5570e+06 9.1050e+05 1.5490e+06 1.0920e+06 1.2430e+06 1.4290e+06 9.8920e+05 1.2490e+06 9.1050e+05 1.5490e+06 1.0450e+06
  -0.9400 1.1670e+06 9.0262e+05 1.5610e+06 9.1290e+05 1.5530e+06 1.0940e+06 1.2460e+06 1.4330e+06 9.9180e+05 1.2530e+06 9.1290e+05 1.5530e+06 1.0480e+06
  -0.9300 1.1700e+06 9.0495e+05 1.5650e+06 9.1520e+05 1.5570e+06 1.0970e+06 1.2490e+06 1.4360e+06 9.9440e+05 1.2560e+06 9.1520e+05 1.5570e+06 1.0500e+06
  -0.9200 1.1730e+06 9.0728e+05 1.5690e+06 9.1750e+05 1.5610e+06 1.1000e+06 1.2520e+06 1.4400e+06 9.9700e+05 1.2590e+06 9.1750e+05 1.5610e+06 1.0530e+06
  -0.9100 1.1760e+06 9.0960e+05 1.5729e+06 9.1980e+05 1.5650e+06 1.1030e+06 1.2550e+06 1.4430e+06 9.9950e+05 1.2620e+06 9.1980e+05 1.5650e+06 1.0560e+06
  -0.9000 1.1790e+06 9.1165e+05 1.5769e+06 9.2210e+05 1.5690e+06 1.1050e+06 1.2580e+06 1.4470e+06 1.0020e+06 1.2660e+06 9.2210e+05 1.5690e+06 1.0580e+06
  -0.8900 1.1820e+06 9.1398e+05 1.5799e+06 9.2440e+05 1.5720e+06 1.1080e+06 1.2610e+06 1.4500e+06 1.0050e+06 1.2690e+06 9.2440e+05 1.5720e+06 1.0610e+06
  -0.8800 1.1850e+06 9.1621e+05 1.5839e+06 9.2660e+05 1.5760e+06 1.1110e+06 1.2640e+06 1.4530e+06 1.0070e+06 1.2720e+06 9.2660e+05 1.5760e+06 1.0630e+06
  -0.8700 1.1880e+06 9.1844e+05 1.5879e+06 9.2880e+05 1.5800e+06 1.1140e+06 1.2670e+06 1.4570e+06 1.0090e+06 1.2750e+06 9.2880e+05 1.5800e+06 1.0650e+06
  -0.8600 1.1900e+06 9.2064e+05 1.5911e+06 9.3100e+05 1.5830e+06 1.1160e+06 1.2700e+06 1.4600e+06 1.0120e+06 1.2780e+06 9.3100e+05 1.5830e+06 1.0680e+06
  -0.8500 1.1930e+06 9.2287e+05 1.5950e+06 9.3320e+05 1.5870e+06 1.1190e+06 1.2730e+06 1.4630e+06 1.0140e+06 1.2810e+06 9.3320e+05 1.5870e+06 1.0700e+06
  -0.8400 1.1960e+06 9.2473e+05 1.5990e+06 9.3530e+05 1.5910e+06 1.1210e+06 1.2760e+06 1.4660e+06 1.0170e+06 1.2840e+06 9.3530e+05 1.5910e+06 1.0730e+06
  -0.8300 1.1980e+06 9.2719e+05 1.6022e+06 9.3750e+05 1.5940e+06 1.1240e+06 1.2790e+06 1.4700e+06 1.0190e+06 1.2870e+06 9.3750e+05 1.5940e+06 1.0750e+06
  -0.8200 1.2010e+06 9.2905e+05 1.6062e+06 9.3960e+05 1.5980e+06 1.1260e+06 1.2820e+06 1.4730e+06 1.0210e+06 1.2900e+06 9.3960e+05 1.5980e+06 1.0770e+06
  -0.8100 1.2040e+06 9.3119e+05 1.6090e+06 9.4170e+05 1.6010e+06 1.1290e+06 1.2840e+06 1.4760e+06 1.0240e+06 1.2930e+06 9.4170e+05 1.6010e+06 1.0800e+06
  -0.8000 1.2060e+06 9.3319e+05 1.6131e+06 9.4370e+05 1.6050e+06 1.1310e+06 1.2870e+06 1.4790e+06 1.0260e+06 1.2960e+06 9.4370e+05 1.6050e+06 1.0820e+06
  -0.7900 1.2090e+06 9.3532e+05 1.6161e+06 9.4580e+05 1.6080e+06 1.1340e+06 1.2900e+06 1.4820e+06 1.0280e+06 1.2980e+06 9.4580e+05 1.6080e+06 1.0840e+06
  -0.7800 1.2120e+06 9.3709e+05 1.6191e+06 9.4780e+05 1.6110e+06 1.1360e+06 1.2930e+06 1.4850e+06 1.0310e+06 1.3010e+06 9.4780e+05 1.6110e+06 1.0860e+06
  -0.7700 1.2140e+06 9.3936e+05 1.6231e+06 9.4980e+05 1.6150e+06 1.1390e+06 1.2950e+06 1.4880e+06 1.0330e+06 1.3040e+06 9.4980e+05 1.6150e+06 1.0880e+06
  -0.7600 1.2170e+06 9.4103e+05 1.6261e+06 9.5170e+05 1.6180e+06 1.1410e+06 1.2980e+06 1.4910e+06 1.0350e+06 1.3070e+06 9.5170e+05 1.6180e+06 1.0910e+06
  -0.7500 1.2190e+06 9.4303e+05 1.6293e+06 9.5370e+05 1.6210e+06 1.1430e+06 1.3010e+06 1.4940e+06 1.0370e+06 1.3090e+06 9.5370e+05 1.6210e+06 1.0930e+06
  -0.7400 1.2210e+06 9.4521e+05 1.6332e+06 9.5560e+05 1.6250e+06 1.1460e+06 1.3030e+06 1.4970e+06 1.0390e+06 1.3120e+06 9.5560e+05 1.6250e+06 1.0950e+06
  -0.7300 1.2240e+06 9.4688e+05 1.6362e+06 9.5750e+05 1.6280e+06 1.1480e+06 1.3060e+06 1.4990e+06 1.0410e+06 1.3150e+06 9.5750e+05 1.6280e+06 1.0970e+06
  -0.7200 1.2260e+06 9.4878e+05 1.6392e+06 9.5940e+05 1.6310e+06 1.1500e+06 1.3080e+06 1.5020e+06 1.0430e+06 1.3170e+06 9.5940e+05 1.6310e+06 1.0990e+06
  -0.7100 1.2290e+06 9.5035e+05 1.6422e+06 9.6120e+05 1.6340e+06 1.1520e+06 1.3110e+06 1.5050e+06 1.0450e+06 1.3200e+06 9.6120e+05 1.6340e+06 1.1010e+06
  -0.7000 1.2310e+06 9.5253e+05 1.6452e+06 9.6310e+05 1.6370e+06 1.1550e+06 1.3130e+06 1.5080e+06 1.0470e+06 1.3220e+06 9.6310e+05 1.6370e+06 1.1030e+06
  -0.6900 1.2330e+06 9.5434e+05 1.6484e+06 9.6490e+05 1.6400e+06 1.1570e+06 1.3160e+06 1.5100e+06 1.0500e+06 1.3250e+06 9.6490e+05 1.6400e+06 1.1050e+06
  -0.6800 1.2350e+06 9.5614e+05 1.6514e+06 9.6670e+05 1.6430e+06 1.1590e+06 1.3180e+06 1.5130e+06 1.0510e+06 1.3270e+06 9.6670e+05 1.6430e+06 1.1070e+06
  -0.6700 1.2380e+06 9.5762e+05 1.6542e+06 9.6840e+05 1.6460e+06 1.1610e+06 1.3200e+06 1.5160e+06 1.0530e+06 1.3300e+06 9.6840e+05 1.6460e+06 1.1090e+06
  -0.6600 1.2400e+06 9.5943e+05 1.6573e+06 9.7020e+05 1.6490e+06 1.1630e+06 1.3230e+06 1.5180e+06 1.0550e+06 1.3320e+06 9.7020e+05 1.6490e+06 1.1110e+06
  -0.6500 1.2420e+06 9.6114e+05 1.6603e+06 9.7190e+05 1.6520e+06 1.1650e+06 1.3250e+06 1.5210e+06 1.0570e+06 1.3350e+06 9.7190e+05 1.6520e+06 1.1130e+06
  -0.6400 1.2440e+06 9.6285e+05 1.6623e+06 9.7360e+05 1.6540e+06 1.1670e+06 1.3270e+06 1.5230e+06 1.0590e+06 1.3370e+06 9.7360e+05 1.6540e+06 1.1140e+06
  -0.6300 1.2460e+06 9.6447e+05 1.6653e+06 9.7520e+05 1.6570e+06 1.1690e+06 1.3290e+06 1.5260e+06 1.0610e+06 1.3390e+06 9.7520e+05 1.6570e+06 1.1160e+06
  -0.6200 1.2480e+06 9.6608e+05 1.6685e+06 9.7680e+05 1.6600e+06 1.1710e+06 1.3320e+06 1.5280e+06 1.0630e+06 1.3420e+06 9.7680e+05 1.6600e+06 1.1180e+06
  -0.6100 1.2500e+06 9.6779e+05 1.6715e+06 9.7850e+05 1.6630e+06 1.1730e+06 1.3340e+06 1.5310e+06 1.0650e+06 1.3440e+06 9.7850e+05 1.6630e+06 1.1200e+06
  -0.6000 1.2520e+06 9.6931e+05 1.6735e+06 9.8000e+05 1.6650e+06 1.1750e+06 1.3360e+06 1.5330e+06 1.0660e+06 1.3460e+06 9.8000e+05 1.6650e+06 1.1220e+06
  -0.5900 1.2540e+06 9.7093e+05 1.6764e+06 9.8160e+05 1.6680e+06 1.1770e+06 1.3380e+06 1.5350e+06 1.0680e+06 1.3480e+06 9.8160e+05 1.6680e+06 1.1230e+06
  -0.5800 1.2560e+06 9.7245e+05 1.6794e+06 9.8310e+05 1.6710e+06 1.1790e+06 1.3400e+06 1.5370e+06 1.0700e+06 1.3500e+06 9.8310e+05 1.6710e+06 1.1250e+06
  -0.5700 1.2580e+06 9.7369e+05 1.6814e+06 9.8460e+05 1.6730e+06 1.1800e+06 1.3420e+06 1.5400e+06 1.0710e+06 1.3520e+06 9.8460e+05 1.6730e+06 1.1270e+06
  -0.5600 1.2600e+06 9.7521e+05 1.6834e+06 9.8610e+05 1.6750e+06 1.1820e+06 1.3440e+06 1.5420e+06 1.0730e+06 1.3540e+06 9.8610e+05 1.6750e+06 1.1280e+06
  -0.5500 1.2620e+06 9.7673e+05 1.6864e+06 9.8760e+05 1.6780e+06 1.1840e+06 1.3460e+06 1.5440e+06 1.0750e+06 1.3560e+06 9.8760e+05 1.6780e+06 1.1300e+06
  -0.5400 1.2640e+06 9.7815e+05 1.6884e+06 9.8900e+05 1.6800e+06 1.1860e+06 1.3480e+06 1.5460e+06 1.0760e+06 1.3580e+06 9.8900e+05 1.6800e+06 1.1310e+06
  -0.5300 1.2660e+06 9.7930e+05 1.6914e+06 9.9040e+05 1.6830e+06 1.1870e+06 1.3500e+06 1.5480e+06 1.0780e+06 1.3600e+06 9.9040e+05 1.6830e+06 1.1330e+06
  -0.5200 1.2670e+06 9.8096e+05 1.6936e+06 9.9180e+05 1.6850e+06 1.1890e+06 1.3520e+06 1.5500e+06 1.0790e+06 1.3620e+06 9.9180e+05 1.6850e+06 1.1340e+06
  -0.5100 1.2690e+06 9.8229e+05 1.6954e+06 9.9310e+05 1.6870e+06 1.1910e+06 1.3530e+06 1.5520e+06 1.0810e+06 1.3640e+06 9.9310e+05 1.6870e+06 1.1360e+06
  -0.5000 1.2710e+06 9.8344e+05 1.6974e+06 9.9450e+05 1.6890e+06 1.1920e+06 1.3550e+06 1.5540e+06 1.0820e+06 1.3660e+06 9.9450e+05 1.6890e+06 1.1370e+06
  -0.4900 1.2720e+06 9.8500e+05 1.7005e+06 9.9580e+05 1.6920e+06 1.1940e+06 1.3570e+06 1.5560e+06 1.0840e+06 1.3680e+06 9.9580e+05 1.6920e+06 1.1390e+06
  -0.4800 1.2740e+06 9.8595e+05 1.7025e+06 9.9700e+05 1.6940e+06 1.1950e+06 1.3590e+06 1.5580e+06 1.0850e+06 1.3700e+06 9.9700e+05 1.6940e+06 1.1400e+06
  -0.4700 1.2760e+06 9.8728e+05 1.7043e+06 9.9830e+05 1.6960e+06 1.1970e+06 1.3600e+06 1.5600e+06 1.0870e+06 1.3710e+06 9.9830e+05 1.6960e+06 1.1420e+06
  -0.4600 1.2770e+06 9.8847e+05 1.7065e+06 9.9950e+05 1.6980e+06 1.1980e+06 1.3620e+06 1.5620e+06 1.0880e+06 1.3730e+06 9.9950e+05 1.6980e+06 1.1430e+06
  -0.4500 1.2790e+06 9.8999e+05 1.7085e+06 1.0010e+06 1.7000e+06 1.2000e+06 1.3640e+06 1.5640e+06 1.0890e+06 1.3750e+06 1.0010e+06 1.7000e+06 1.1440e+06
  -0.4400 1.2800e+06 9.9099e+05 1.7105e+06 1.0020e+06 1.7020e+06 1.2010e+06 1.3650e+06 1.5650e+06 1.0910e+06 1.3760e+06 1.0020e+06 1.7020e+06 1.1450e+06
  -0.4300 1.2820e+06 9.9176e+05 1.7125e+06 1.0030e+06 1.7040e+06 1.2020e+06 1.3670e+06 1.5670e+06 1.0920e+06 1.3780e+06 1.0030e+06 1.7040e+06 1.1470e+06
  -0.4200 1.2830e+06 9.9303e+05 1.7145e+06 1.0040e+06 1.7060e+06 1.2040e+06 1.3680e+06 1.5690e+06 1.0930e+06 1.3790e+06 1.0040e+06 1.7060e+06 1.1480e+06
  -0.4100 1.2840e+06 9.9403e+05 1.7157e+06 1.0050e+06 1.7070e+06 1.2050e+06 1.3700e+06 1.5700e+06 1.0940e+06 1.3810e+06 1.0050e+06 1.7070e+06 1.1490e+06
  -0.4000 1.2860e+06 9.9480e+05 1.7175e+06 1.0060e+06 1.7090e+06 1.2060e+06 1.3710e+06 1.5720e+06 1.0950e+06 1.3820e+06 1.0060e+06 1.7090e+06 1.1500e+06
  -0.3900 1.2870e+06 9.9607e+05 1.7196e+06 1.0070e+06 1.7110e+06 1.2080e+06 1.3730e+06 1.5730e+06 1.0970e+06 1.3840e+06 1.0070e+06 1.7110e+06 1.1510e+06
  -0.3800 1.2880e+06 9.9707e+05 1.7216e+06 1.0080e+06 1.7130e+06 1.2090e+06 1.3740e+06 1.5750e+06 1.0980e+06 1.3850e+06 1.0080e+06 1.7130e+06 1.1530e+06
  -0.3700 1.2900e+06 9.9783e+05 1.7224e+06 1.0090e+06 1.7140e+06 1.2100e+06 1.3750e+06 1.5760e+06 1.0990e+06 1.3870e+06 1.0090e+06 1.7140e+06 1.1540e+06
  -0.3600 1.2910e+06 9.9883e+05 1.7246e+06 1.0100e+06 1.7160e+06 1.2110e+06 1.3770e+06 1.5780e+06 1.1000e+06 1.3880e+06 1.0100e+06 1.7160e+06 1.1550e+06
  -0.3500 1.2920e+06 9.9983e+05 1.7266e+06 1.0110e+06 1.7180e+06 1.2120e+06 1.3780e+06 1.5790e+06 1.1010e+06 1.3890e+06 1.0110e+06 1.7180e+06 1.1560e+06
  -0.3400 1.2930e+06 1.0008e+06 1.7276e+06 1.0120e+06 1.7190e+06 1.2130e+06 1.3790e+06 1.5810e+06 1.1020e+06 1.3910e+06 1.0120e+06 1.7190e+06 1.1570e+06
  -0.3300 1.2940e+06 1.0018e+06 1.7296e+06 1.0130e+06 1.7210e+06 1.2140e+06 1.3800e+06 1.5820e+06 1.1030e+06 1.3920e+06 1.0130e+06 1.7210e+06 1.1580e+06
  -0.3200 1.2950e+06 1.0028e+06 1.7306e+06 1.0140e+06 1.7220e+06 1.2150e+06 1.3810e+06 1.5830e+06 1.1040e+06 1.3930e+06 1.0140e+06 1.7220e+06 1.1590e+06
  -0.3100 1.2960e+06 1.0041e+06 1.7318e+06 1.0150e+06 1.7230e+06 1.2170e+06 1.3830e+06 1.5850e+06 1.1050e+06 1.3940e+06 1.0150e+06 1.7230e+06 1.1600e+06
  -0.3000 1.2980e+06 1.0046e+06 1.7336e+06 1.0160e+06 1.7250e+06 1.2170e+06 1.3840e+06 1.5860e+06 1.1060e+06 1.3950e+06 1.0160e+06 1.7250e+06 1.1610e+06
  -0.2900 1.2990e+06 1.0046e+06 1.7346e+06 1.0160e+06 1.7260e+06 1.2180e+06 1.3850e+06 1.5870e+06 1.1070e+06 1.3960e+06 1.0160e+06 1.7260e+06 1.1610e+06
  -0.2800 1.2990e+06 1.0059e+06 1.7358e+06 1.0170e+06 1.7270e+06 1.2190e+06 1.3860e+06 1.5880e+06 1.1070e+06 1.3980e+06 1.0170e+06 1.7270e+06 1.1620e+06
  -0.2700 1.3000e+06 1.0069e+06 1.7377e+06 1.0180e+06 1.7290e+06 1.2200e+06 1.3870e+06 1.5890e+06 1.1080e+06 1.3990e+06 1.0180e+06 1.7290e+06 1.1630e+06
  -0.2600 1.3010e+06 1.0079e+06 1.7387e+06 1.0190e+06 1.7300e+06 1.2210e+06 1.3880e+06 1.5900e+06 1.1090e+06 1.4000e+06 1.0190e+06 1.7300e+06 1.1640e+06
  -0.2500 1.3020e+06 1.0079e+06 1.7397e+06 1.0190e+06 1.7310e+06 1.2220e+06 1.3890e+06 1.5910e+06 1.1100e+06 1.4000e+06 1.0190e+06 1.7310e+06 1.1650e+06
  -0.2400 1.3030e+06 1.0089e+06 1.7405e+06 1.0200e+06 1.7320e+06 1.2230e+06 1.3890e+06 1.5920e+06 1.1110e+06 1.4010e+06 1.0200e+06 1.7320e+06 1.1650e+06
  -0.2300 1.3040e+06 1.0096e+06 1.7415e+06 1.0210e+06 1.7330e+06 1.2230e+06 1.3900e+06 1.5930e+06 1.1110e+06 1.4020e+06 1.0210e+06 1.7330e+06 1.1660e+06
  -0.2200 1.3050e+06 1.0097e+06 1.7425e+06 1.0210e+06 1.7340e+06 1.2240e+06 1.3910e+06 1.5940e+06 1.1120e+06 1.4030e+06 1.0210e+06 1.7340e+06 1.1670e+06
  -0.2100 1.3050e+06 1.0109e+06 1.7437e+06 1.0220e+06 1.7350e+06 1.2250e+06 1.3920e+06 1.5950e+06 1.1130e+06 1.4040e+06 1.0220e+06 1.7350e+06 1.1670e+06
  -0.2000 1.3060e+06 1.0109e+06 1.7447e+06 1.0220e+06 1.7360e+06 1.2260e+06 1.3930e+06 1.5960e+06 1.1130e+06 1.4050e+06 1.0220e+06 1.7360e+06 1.1680e+06
  -0.1900 1.3070e+06 1.0117e+06 1.7455e+06 1.0230e+06 1.7370e+06 1.2260e+06 1.3930e+06 1.5970e+06 1.1140e+06 1.4050e+06 1.0230e+06 1.7370e+06 1.1680e+06
  -0.1800 1.3070e+06 1.0119e+06 1.7467e+06 1.0230e+06 1.7380e+06 1.2270e+06 1.3940e+06 1.5970e+06 1.1140e+06 1.4060e+06 1.0230e+06 1.7380e+06 1.1690e+06
  -0.1700 1.3080e+06 1.0127e+06 1.7467e+06 1.0240e+06 1.7380e+06 1.2270e+06 1.3950e+06 1.5980e+06 1.1150e+06 1.4070e+06 1.0240e+06 1.7380e+06 1.1700e+06
  -0.1600 1.3080e+06 1.0129e+06 1.7477e+06 1.0240e+06 1.7390e+06 1.2280e+06 1.3950e+06 1.5990e+06 1.1150e+06 1.4070e+06 1.0240e+06 1.7390e+06 1.1700e+06
  -0.1500 1.3090e+06 1.0137e+06 1.7487e+06 1.0250e+06 1.7400e+06 1.2280e+06 1.3960e+06 1.5990e+06 1.1160e+06 1.4080e+06 1.0250e+06 1.7400e+06 1.1700e+06
  -0.1400 1.3100e+06 1.0137e+06 1.7495e+06 1.0250e+06 1.7410e+06 1.2290e+06 1.3960e+06 1.6000e+06 1.1160e+06 1.4090e+06 1.0250e+06 1.7410e+06 1.1710e+06
  -0.1300 1.3100e+06 1.0137e+06 1.7497e+06 1.0250e+06 1.7410e+06 1.2290e+06 1.3970e+06 1.6000e+06 1.1170e+06 1.4090e+06 1.0250e+06 1.7410e+06 1.1710e+06
  -0.1200 1.3100e+06 1.0149e+06 1.7507e+06 1.0260e+06 1.7420e+06 1.2300e+06 1.3970e+06 1.6010e+06 1.1170e+06 1.4090e+06 1.0260e+06 1.7420e+06 1.1720e+06
  -0.1100 1.3110e+06 1.0147e+06 1.7507e+06 1.0260e+06 1.7420e+06 1.2300e+06 1.3980e+06 1.6010e+06 1.1170e+06 1.4100e+06 1.0260e+06 1.7420e+06 1.1720e+06
  -0.1000 1.3110e+06 1.0147e+06 1.7517e+06 1.0260e+06 1.7430e+06 1.2300e+06 1.3980e+06 1.6020e+06 1.1180e+06 1.4100e+06 1.0260e+06 1.7430e+06 1.1720e+06
  -0.0900 1.3110e+06 1.0159e+06 1.7517e+06 1.0270e+06 1.7430e+06 1.2310e+06 1.3980e+06 1.6020e+06 1.1180e+06 1.4110e+06 1.0270e+06 1.7430e+06 1.1730e+06
  -0.0800 1.3120e+06 1.0157e+06 1.7527e+06 1.0270e+06 1.7440e+06 1.2310e+06 1.3990e+06 1.6030e+06 1.1180e+06 1.4110e+06 1.0270e+06 1.7440e+06 1.1730e+06
  -0.0700 1.3120e+06 1.0157e+06 1.7527e+06 1.0270e+06 1.7440e+06 1.2310e+06 1.3990e+06 1.6030e+06 1.1180e+06 1.4110e+06 1.0270e+06 1.7440e+06 1.1730e+06
  -0.0600 1.3120e+06 1.0157e+06 1.7527e+06 1.0270e+06 1.7440e+06 1.2310e+06 1.3990e+06 1.6030e+06 1.1190e+06 1.4110e+06 1.0270e+06 1.7440e+06 1.1730e+06
  -0.0500 1.3120e+06 1.0160e+06 1.7527e+06 1.0270e+06 1.7440e+06 1.2320e+06 1.3990e+06 1.6030e+06 1.1190e+06 1.4120e+06 1.0270e+06 1.7440e+06 1.1730e+06
  -0.0400 1.3130e+06 1.0158e+06 1.7537e+06 1.0270e+06 1.7450e+06 1.2320e+06 1.4000e+06 1.6040e+06 1.1190e+06 1.4120e+06 1.0270e+06 1.7450e+06 1.1740e+06
  -0.0300 1.3130e+06 1.0167e+06 1.7537e+06 1.0280e+06 1.7450e+06 1.2320e+06 1.4000e+06 1.6040e+06 1.1190e+06 1.4120e+06 1.0280e+06 1.7450e+06 1.1740e+06
  -0.0200 1.3130e+06 1.0167e+06 1.7537e+06 1.0280e+06 1.7450e+06 1.2320e+06 1.4000e+06 1.6040e+06 1.1190e+06 1.4120e+06 1.0280e+06 1.7450e+06 1.1740e+06
  -0.0100 1.3130e+06 1.0167e+06 1.7537e+06 1.0280e+06 1.7450e+06 1.2320e+06 1.4000e+06 1.6040e+06 1.1190e+06 1.4120e+06 1.0280e+06 1.7450e+06 1.1740e+06
   0.0000 1.3130e+06 1.0167e+06 1.7537e+06 1.0280e+06 1.7450e+06 1.2320e+06 1.4000e+06 1.6040e+06 1.1190e+06 1.4120e+06 1.0280e+06 1.7450e+06 1.1740e+06
   0.0100 1.3130e+06 1.0167e+06 1.7537e+06 1.0280e+06 1.7450e+06 1.2320e+06 1.4000e+06 1.6040e+06 1.1190e+06 1.4120e+06 1.0280e+06 1.7450e+06 1.1740e+06
   0.0200 1.3130e+06 1.0167e+06 1.7537e+06 1.0280e+06 1.7450e+06 1.2320e+06 1.4000e+06 1.6040e+06 1.1190e+06 1.4120e+06 1.0280e+06 1.7450e+06 1.1740e+06
   0.0300 1.3130e+06 1.0167e+06 1.7537e+06 1.0280e+06 1.7450e+06 1.2320e+06 1.4000e+06 1.6040e+06 1.1190e+06 1.4120e+06 1.0280e+06 1.7450e+06 1.1740e+06
   0.0400 1.3130e+06 1.0158e+06 1.7537e+06 1.0270e+06 1.7450e+06 1.2320e+06 1.4000e+06 1.6040e+06 1.1190e+06 1.4120e+06 1.0270e+06 1.7450e+06 1.1740e+06
   0.0500 1.3120e+06 1.0160e+06 1.7527e+06 1.0270e+06 1.7440e+06 1.2320e+06 1.3990e+06 1.6030e+06 1.1190e+06 1.4120e+06 1.0270e+06 1.7440e+06 1.1730e+06
   0.0600 1.3120e+06 1.0157e+06 1.7527e+06 1.0270e+06 1.7440e+06 1.2310e+06 1.3990e+06 1.6030e+06 1.1190e+06 1.4110e+06 1.0270e+06 1.7440e+06 1.1730e+06
   0.0700 1.3120e+06 1.0157e+06 1.7527e+06 1.0270e+06 1.7440e+06 1.2310e+06 1.3990e+06 1.6030e+06 1.1180e+06 1.4110e+06 1.0270e+06 1.7440e+06 1.1730e+06
   0.0800 1.3120e+06 1.0157e+06 1.7527e+06 1.0270e+06 1.7440e+06 1.2310e+06 1.3990e+06 1.6030e+06 1.1180e+06 1.4110e+06 1.0270e+06 1.7440e+06 1.1730e+06
   0.0900 1.3110e+06 1.0159e+06 1.7517e+06 1.0270e+06 1.7430e+06 1.2310e+06 1.3980e+06 1.6020e+06 1.1180e+06 1.4110e+06 1.0270e+06 1.7430e+06 1.1730e+06
   0.1000 1.3110e+06 1.0147e+06 1.7517e+06 1.0260e+06 1.7430e+06 1.2300e+06 1.3980e+06 1.6020e+06 1.1180e+06 1.4100e+06 1.0260e+06 1.7430e+06 1.1720e+06
   0.1100 1.3110e+06 1.0147e+06 1.7507e+06 1.0260e+06 1.7420e+06 1.2300e+06 1.3980e+06 1.6010e+06 1.1170e+06 1.4100e+06 1.0260e+06 1.7420e+06 1.1720e+06
   0.1200 1.3100e+06 1.0149e+06 1.7507e+06 1.0260e+06 1.7420e+06 1.2300e+06 1.3970e+06 1.6010e+06 1.1170e+06 1.4090e+06 1.0260e+06 1.7420e+06 1.1720e+06
   0.1300 1.3100e+06 1.0137e+06 1.7497e+06 1.0250e+06 1.7410e+06 1.2290e+06 1.3970e+06 1.6000e+06 1.1170e+06 1.4090e+06 1.0250e+06 1.7410e+06 1.1710e+06
   0.1400 1.3100e+06 1.0137e+06 1.7495e+06 1.0250e+06 1.7410e+06 1.2290e+06 1.3960e+06 1.6000e+06 1.1160e+06 1.4090e+06 1.0250e+06 1.7410e+06 1.1710e+06
   0.1500 1.3090e+06 1.0137e+06 1.7487e+06 1.0250e+06 1.7400e+06 1.2280e+06 1.3960e+06 1.5990e+06 1.1160e+06 1.4080e+06 1.0250e+06 1.7400e+06 1.1700e+06
   0.1600 1.3080e+06 1.0129e+06 1.7477e+06 1.0240e+06 1.7390e+06 1.2280e+06 1.3950e+06 1.5990e+06 1.1150e+06 1.4070e+06 1.0240e+06 1.7390e+06 1.1700e+06
   0.1700 1.3080e+06 1.0127e+06 1.7467e+06 1.0240e+06 1.7380e+06 1.2270e+06 1.3950e+06 1.5980e+06 1.1150e+06 1.4070e+06 1.0240e+06 1.7380e+06 1.1700e+06
   0.1800 1.3070e+06 1.0119e+06 1.7467e+06 1.0230e+06 1.7380e+06 1.2270e+06 1.3940e+06 1.5970e+06 1.1140e+06 1.4060e+06 1.0230e+06 1.7380e+06 1.1690e+06
   0.1900 1.3070e+06 1.0117e+06 1.7455e+06 1.0230e+06 1.7370e+06 1.2260e+06 1.3930e+06 1.5970e+06 1.1140e+06 1.4050e+06 1.0230e+06 1.7370e+06 1.1680e+06
   0.2000 1.3060e+06 1.0109e+06 1.7447e+06 1.0220e+06 1.7360e+06 1.2260e+06 1.3930e+06 1.5960e+06 1.1130e+06 1.4050e+06 1.0220e+06 1.7360e+06 1.1680e+06
   0.2100 1.3050e+06 1.0109e+06 1.7437e+06 1.0220e+06 1.7350e+06 1.2250e+06 1.3920e+06 1.5950e+06 1.1130e+06 1.4040e+06 1.0220e+06 1.7350e+06 1.1670e+06
   0.2200 1.3050e+06 1.0097e+06 1.7425e+06 1.0210e+06 1.7340e+06 1.2240e+06 1.3910e+06 1.5940e+06 1.1120e+06 1.4030e+06 1.0210e+06 1.7340e+06 1.1670e+06
   0.2300 1.3040e+06 1.0096e+06 1.7415e+06 1.0210e+06 1.7330e+06 1.2230e+06 1.3900e+06 1.5930e+06 1.1110e+06 1.4020e+06 1.0210e+06 1.7330e+06 1.1660e+06
   0.2400 1.3030e+06 1.0089e+06 1.7405e+06 1.0200e+06 1.7320e+06 1.2230e+06 1.3890e+06 1.5920e+06 1.1110e+06 1.4010e+06 1.0200e+06 1.7320e+06 1.1650e+06
   0.2500 1.3020e+06 1.0079e+06 1.7397e+06 1.0190e+06 1.7310e+06 1.2220e+06 1.3890e+06 1.5910e+06 1.1100e+06 1.4000e+06 1.0190e+06 1.7310e+06 1.1650e+06
   0.2600 1.3010e+06 1.0079e+06 1.7387e+06 1.0190e+06 1.7300e+06 1.2210e+06 1.3880e+06 1.5900e+06 1.1090e+06 1.4000e+06 1.0190e+06 1.7300e+06 1.1640e+06
   0.2700 1.3000e+06 1.0069e+06 1.7377e+06 1.0180e+06 1.7290e+06 1.2200e+06 1.3870e+06 1.5890e+06 1.1080e+06 1.3990e+06 1.0180e+06 1.7290e+06 1.1630e+06
   0.2800 1.2990e+06 1.0059e+06 1.7358e+06 1.0170e+06 1.7270e+06 1.2190e+06 1.3860e+06 1.5880e+06 1.1070e+06 1.3980e+06 1.0170e+06 1.7270e+06 1.1620e+06
   0.2900 1.2990e+06 1.0046e+06 1.7346e+06 1.0160e+06 1.7260e+06 1.2180e+06 1.3850e+06 1.5870e+06 1.1070e+06 1.3960e+06 1.0160e+06 1.7260e+06 1.1610e+06
   0.3000 1.2980e+06 1.0046e+06 1.7336e+06 1.0160e+06 1.7250e+06 1.2170e+06 1.3840e+06 1.5860e+06 1.1060e+06 1.3950e+06 1.0160e+06 1.7250e+06 1.1610e+06
   0.3100 1.2960e+06 1.0041e+06 1.7318e+06 1.0150e+06 1.7230e+06 1.2170e+06 1.3830e+06 1.5850e+06 1.1050e+06 1.3940e+06 1.0150e+06 1.7230e+06 1.1600e+06
   0.3200 1.2950e+06 1.0028e+06 1.7306e+06 1.0140e+06 1.7220e+06 1.2150e+06 1.3810e+06 1.5830e+06 1.1040e+06 1.3930e+06 1.0140e+06 1.7220e+06 1.1590e+06
   0.3300 1.2940e+06 1.0018e+06 1.7296e+06 1.0130e+06 1.7210e+06 1.2140e+06 1.3800e+06 1.5820e+06 1.1030e+06 1.3920e+06 1.0130e+06 1.7210e+06 1.1580e+06
   0.3400 1.2930e+06 1.0008e+06 1.7276e+06 1.0120e+06 1.7190e+06 1.2130e+06 1.3790e+06 1.5810e+06 1.1020e+06 1.3910e+06 1.0120e+06 1.7190e+06 1.1570e+06
   0.3500 1.2920e+06 9.9983e+05 1.7266e+06 1.0110e+06 1.7180e+06 1.2120e+06 1.3780e+06 1.5790e+06 1.1010e+06 1.3890e+06 1.0110e+06 1.7180e+06 1.1560e+06
   0.3600 1.2910e+06 9.9883e+05 1.7246e+06 1.0100e+06 1.7160e+06 1.2110e+06 1.3770e+06 1.5780e+06 1.1000e+06 1.3880e+06 1.0100e+06 1.7160e+06 1.1550e+06
   0.3700 1.2900e+06 9.9783e+05 1.7224e+06 1.0090e+06 1.7140e+06 1.2100e+06 1.3750e+06 1.5760e+06 1.0990e+06 1.3870e+06 1.0090e+06 1.7140e+06 1.1540e+06
   0.3800 1.2880e+06 9.9707e+05 1.7216e+06 1.0080e+06 1.7130e+06 1.2090e+06 1.3740e+06 1.5750e+06 1.0980e+06 1.3850e+06 1.0080e+06 1.7130e+06 1.1530e+06
   0.3900 1.2870e+06 9.9607e+05 1.7196e+06 1.0070e+06 1.7110e+06 1.2080e+06 1.3730e+06 1.5730e+06 1.0970e+06 1.3840e+06 1.0070e+06 1.7110e+06 1.1510e+06
   0.4000 1.2860e+06 9.9480e+05 1.7175e+06 1.0060e+06 1.7090e+06 1.2060e+06 1.3710e+06 1.5720e+06 1.0950e+06 1.3820e+06 1.0060e+06 1.7090e+06 1.1500e+06
   0.4100 1.2840e+06 9.9403e+05 1.7157e+06 1.0050e+06 1.7070e+06 1.2050e+06 1.3700e+06 1.5700e+06 1.0940e+06 1.3810e+06 1.0050e+06 1.7070e+06 1.1490e+06
   0.4200 1.2830e+06 9.9303e+05 1.7145e+06 1.0040e+06 1.7060e+06 1.2040e+06 1.3680e+06 1.5690e+06 1.0930e+06 1.3790e+06 1.0040e+06 1.7060e+06 1.1480e+06
   0.4300 1.2820e+06 9.9176e+05 1.7125e+06 1.0030e+06 1.7040e+06 1.2020e+06 1.3670e+06 1.5670e+06 1.0920e+06 1.3780e+06 1.0030e+06 1.7040e+06 1.1470e+06
   0.4400 1.2800e+06 9.9099e+05 1.7105e+06 1.0020e+06 1.7020e+06 1.2010e+06 1.3650e+06 1.5650e+06 1.0910e+06 1.3760e+06 1.0020e+06 1.7020e+06 1.1450e+06
   0.4500 1.2790e+06 9.8999e+05 1.7085e+06 1.0010e+06 1.7000e+06 1.2000e+06 1.3640e+06 1.5640e+06 1.0890e+06 1.3750e+06 1.0010e+06 1.7000e+06 1.1440e+06
   0.4600 1.2770e+06 9.8847e+05 1.7065e+06 9.9950e+05 1.6980e+06 1.1980e+06 1.3620e+06 1.5620e+06 1.0880e+06 1.3730e+06 9.9950e+05 1.6980e+06 1.1430e+06
   0.4700 1.2760e+06 9.8728e+05 1.7043e+06 9.9830e+05 1.6960e+06 1.1970e+06 1.3600e+06 1.5600e+06 1.0870e+06 1.3710e+06 9.9830e+05 1.6960e+06 1.1420e+06
   0.4800 1.2740e+06 9.8595e+05 1.7025e+06 9.9700e+05 1.6940e+06 1.1950e+06 1.3590e+06 1.5580e+06 1.0850e+06 1.3700e+06 9.9700e+05 1.6940e+06 1.1400e+06
   0.4900 1.2720e+06 9.8500e+05 1.7005e+06 9.9580e+05 1.6920e+06 1.1940e+06 1.3570e+06 1.5560e+06 1.0840e+06 1.3680e+06 9.9580e+05 1.6920e+06 1.1390e+06
   0.5000 1.2710e+06 9.8344e+05 1.6974e+06 9.9450e+05 1.6890e+06 1.1920e+06 1.3550e+06 1.5540e+06 1.0820e+06 1.3660e+06 9.9450e+05 1.6890e+06 1.1370e+06
   0.5100 1.2690e+06 9.8229e+05 1.6954e+06 9.9310e+05 1.6870e+06 1.1910e+06 1.3530e+06 1.5520e+06 1.0810e+06 1.3640e+06 9.9310e+05 1.6870e+06 1.1360e+06
   0.5200 1.2670e+06 9.8096e+05 1.6936e+06 9.9180e+05 1.6850e+06 1.1890e+06 1.3520e+06 1.5500e+06 1.0790e+06 1.3620e+06 9.9180e+05 1.6850e+06 1.1340e+06
   0.5300 1.2660e+06 9.7930e+05 1.6914e+06 9.9040e+05 1.6830e+06 1.1870e+06 1.3500e+06 1.5480e+06 1.0780e+06 1.3600e+06 9.9040e+05 1.6830e+06 1.1330e+06
   0.5400 1.2640e+06 9.7815e+05 1.6884e+06 9.8900e+05 1.6800e+06 1.1860e+06 1.3480e+06 1.5460e+06 1.0760e+06 1.3580e+06 9.8900e+05 1.6800e+06 1.1310e+06
   0.5500 1.2620e+06 9.7673e+05 1.6864e+06 9.8760e+05 1.6780e+06 1.1840e+06 1.3460e+06 1.5440e+06 1.0750e+06 1.3560e+06 9.8760e+05 1.6780e+06 1.1300e+06
   0.5600 1.2600e+06 9.7521e+05 1.6834e+06 9.8610e+05 1.6750e+06 1.1820e+06 1.3440e+06 1.5420e+06 1.0730e+06 1.3540e+06 9.8610e+05 1.6750e+06 1.1280e+06
   0.5700 1.2580e+06 9.7369e+05 1.6814e+06 9.8460e+05 1.6730e+06 1.1800e+06 1.3420e+06 1.5400e+06 1.0710e+06 1.3520e+06 9.8460e+05 1.6730e+06 1.1270e+06
   0.5800 1.2560e+06 9.7245e+05 1.6794e+06 9.8310e+05 1.6710e+06 1.1790e+06 1.3400e+06 1.5370e+06 1.0700e+06 1.3500e+06 9.8310e+05 1.6710e+06 1.1250e+06
   0.5900 1.2540e+06 9.7093e+05 1.6764e+06 9.8160e+05 1.6680e+06 1.1770e+06 1.3380e+06 1.5350e+06 1.0680e+06 1.3480e+06 9.8160e+05 1.6680e+06 1.1230e+06
   0.6000 1.2520e+06 9.6931e+05 1.6735e+06 9.8000e+05 1.6650e+06 1.1750e+06 1.3360e+06 1.5330e+06 1.0660e+06 1.3460e+06 9.8000e+05 1.6650e+06 1.1220e+06
   0.6100 1.2500e+06 9.6779e+05 1.6715e+06 9.7850e+05 1.6630e+06 1.1730e+06 1.3340e+06 1.5310e+06 1.0650e+06 1.3440e+06 9.7850e+05 1.6630e+06 1.1200e+06
   0.6200 1.2480e+06 9.6608e+05 1.6685e+06 9.7680e+05 1.6600e+06 1.1710e+06 1.3320e+06 1.5280e+06 1.0630e+06 1.3420e+06 9.7680e+05 1.6600e+06 1.1180e+06
   0.6300 1.2460e+06 9.6447e+05 1.6653e+06 9.7520e+05 1.6570e+06 1.1690e+06 1.3290e+06 1.5260e+06 1.0610e+06 1.3390e+06 9.7520e+05 1.6570e+06 1.1160e+06
   0.6400 1.2440e+06 9.6285e+05 1.6623e+06 9.7360e+05 1.6540e+06 1.1670e+06 1.3270e+06 1.5230e+06 1.0590e+06 1.3370e+06 9.7360e+05 1.6540e+06 1.1140e+06
   0.6500 1.2420e+06 9.6114e+05 1.6603e+06 9.7190e+05 1.6520e+06 1.1650e+06 1.3250e+06 1.5210e+06 1.0570e+06 1.3350e+06 9.7190e+05 1.6520e+06 1.1130e+06
   0.6600 1.2400e+06 9.5943e+05 1.6573e+06 9.7020e+05 1.6490e+06 1.1630e+06 1.3230e+06 1.5180e+06 1.0550e+06 1.3320e+06 9.7020e+05 1.6490e+06 1.1110e+06
   0.6700 1.2380e+06 9.5762e+05 1.6542e+06 9.6840e+05 1.6460e+06 1.1610e+06 1.3200e+06 1.5160e+06 1.0530e+06 1.3300e+06 9.6840e+05 1.6460e+06 1.1090e+06
   0.6800 1.2350e+06 9.5614e+05 1.6514e+06 9.6670e+05 1.6430e+06 1.1590e+06 1.3180e+06 1.5130e+06 1.0510e+06 1.3270e+06 9.6670e+05 1.6430e+06 1.1070e+06
   0.6900 1.2330e+06 9.5434e+05 1.6484e+06 9.6490e+05 1.6400e+06 1.1570e+06 1.3160e+06 1.5100e+06 1.0500e+06 1.3250e+06 9.6490e+05 1.6400e+06 1.1050e+06
   0.7000 1.2310e+06 9.5253e+05 1.6452e+06 9.6310e+05 1.6370e+06 1.1550e+06 1.3130e+06 1.5080e+06 1.0470e+06 1.3220e+06 9.6310e+05 1.6370e+06 1.1030e+06
   0.7100 1.2290e+06 9.5035e+05 1.6422e+06 9.6120e+05 1.6340e+06 1.1520e+06 1.3110e+06 1.5050e+06 1.0450e+06 1.3200e+06 9.6120e+05 1.6340e+06 1.1010e+06
   0.7200 1.2260e+06 9.4878e+05 1.6392e+06 9.5940e+05 1.6310e+06 1.1500e+06 1.3080e+06 1.5020e+06 1.0430e+06 1.3170e+06 9.5940e+05 1.6310e+06 1.0990e+06
   0.7300 1.2240e+06 9.4688e+05 1.6362e+06 9.5750e+05 1.6280e+06 1.1480e+06 1.3060e+06 1.4990e+06 1.0410e+06 1.3150e+06 9.5750e+05 1.6280e+06 1.0970e+06
   0.7400 1.2210e+06 9.4521e+05 1.6332e+06 9.5560e+05 1.6250e+06 1.1460e+06 1.3030e+06 1.4970e+06 1.0390e+06 1.3120e+06 9.5560e+05 1.6250e+06 1.0950e+06
   0.7500 1.2190e+06 9.4303e+05 1.6293e+06 9.5370e+05 1.6210e+06 1.1430e+06 1.3010e+06 1.4940e+06 1.0370e+06 1.3090e+06 9.5370e+05 1.6210e+06 1.0930e+06
   0.7600 1.2170e+06 9.4103e+05 1.6261e+06 9.5170e+05 1.6180e+06 1.1410e+06 1.2980e+06 1.4910e+06 1.0350e+06 1.3070e+06 9.5170e+05 1.6180e+06 1.0910e+06
   0.7700 1.2140e+06 9.3936e+05 1.6231e+06 9.4980e+05 1.6150e+06 1.1390e+06 1.2950e+06 1.4880e+06 1.0330e+06 1.3040e+06 9.4980e+05 1.6150e+06 1.0880e+06
   0.7800 1.2120e+06 9.3709e+05 1.6191e+06 9.4780e+05 1.6110e+06 1.1360e+06 1.2930e+06 1.4850e+06 1.0310e+06 1.3010e+06 9.4780e+05 1.6110e+06 1.0860e+06
   0.7900 1.2090e+06 9.3532e+05 1.6161e+06 9.4580e+05 1.6080e+06 1.1340e+06 1.2900e+06 1.4820e+06 1.0280e+06 1.2980e+06 9.4580e+05 1.6080e+06 1.0840e+06
   0.8000 1.2060e+06 9.3319e+05 1.6131e+06 9.4370e+05 1.6050e+06 1.1310e+06 1.2870e+06 1.4790e+06 1.0260e+06 1.2960e+06 9.4370e+05 1.6050e+06 1.0820e+06
   0.8100 1.2040e+06 9.3119e+05 1.6090e+06 9.4170e+05 1.6010e+06 1.1290e+06 1.2840e+06 1.4760e+06 1.0240e+06 1.2930e+06 9.4170e+05 1.6010e+06 1.0800e+06
   0.8200 1.2010e+06 9.2905e+05 1.6062e+06 9.3960e+05 1.5980e+06 1.1260e+06 1.2820e+06 1.4730e+06 1.0210e+06 1.2900e+06 9.3960e+05 1.5980e+06 1.0770e+06
   0.8300 1.1980e+06 9.2719e+05 1.6022e+06 9.3750e+05 1.5940e+06 1.1240e+06 1.2790e+06 1.4700e+06 1.0190e+06 1.2870e+06 9.3750e+05 1.5940e+06 1.0750e+06
   0.8400 1.1960e+06 9.2473e+05 1.5990e+06 9.3530e+05 1.5910e+06 1.1210e+06 1.2760e+06 1.4660e+06 1.0170e+06 1.2840e+06 9.3530e+05 1.5910e+06 1.0730e+06
   0.8500 1.1930e+06 9.2287e+05 1.5950e+06 9.3320e+05 1.5870e+06 1.1190e+06 1.2730e+06 1.4630e+06 1.0140e+06 1.2810e+06 9.3320e+05 1.5870e+06 1.0700e+06
   0.8600 1.1900e+06 9.2064e+05 1.5911e+06 9.3100e+05 1.5830e+06 1.1160e+06 1.2700e+06 1.4600e+06 1.0120e+06 1.2780e+06 9.3100e+05 1.5830e+06 1.0680e+06
   0.8700 1.1880e+06 9.1844e+05 1.5879e+06 9.2880e+05 1.5800e+06 1.1140e+06 1.2670e+06 1.4570e+06 1.0090e+06 1.2750e+06 9.2880e+05 1.5800e+06 1.0650e+06
   0.8800 1.1850e+06 9.1621e+05 1.5839e+06 9.2660e+05 1.5760e+06 1.1110e+06 1.2640e+06 1.4530e+06 1.0070e+06 1.2720e+06 9.2660e+05 1.5760e+06 1.0630e+06
   0.8900 1.1820e+06 9.1398e+05 1.5799e+06 9.2440e+05 1.5720e+06 1.1080e+06 1.2610e+06 1.4500e+06 1.0050e+06 1.2690e+06 9.2440e+05 1.5720e+06 1.0610e+06
   0.9000 1.1790e+06 9.1165e+05 1.5769e+06 9.2210e+05 1.5690e+06 1.1050e+06 1.2580e+06 1.4470e+06 1.0020e+06 1.2660e+06 9.2210e+05 1.5690e+06 1.0580e+06
   0.9100 1.1760e+06 9.0960e+05 1.5729e+06 9.1980e+05 1.5650e+06 1.1030e+06 1.2550e+06 1.4430e+06 9.9950e+05 1.2620e+06 9.1980e+05 1.5650e+06 1.0560e+06
   0.9200 1.1730e+06 9.0728e+05 1.5690e+06 9.1750e+05 1.5610e+06 1.1000e+06 1.2520e+06 1.4400e+06 9.9700e+05 1.2590e+06 9.1750e+05 1.5610e+06 1.0530e+06
   0.9300 1.1700e+06 9.0495e+05 1.5650e+06 9.1520e+05 1.5570e+06 1.0970e+06 1.2490e+06 1.4360e+06 9.9440e+05 1.2560e+06 9.1520e+05 1.5570e+06 1.0500e+06
   0.9400 1.1670e+06 9.0262e+05 1.5610e+06 9.1290e+05 1.5530e+06 1.0940e+06 1.2460e+06 1.4330e+06 9.9180e+05 1.2530e+06 9.1290e+05 1.5530e+06 1.0480e+06
   0.9500 1.1640e+06 9.0047e+05 1.5570e+06 9.1050e+05 1.5490e+06 1.0920e+06 1.2430e+06 1.4290e+06 9.8920e+05 1.2490e+06 9.1050e+05 1.5490e+06 1.0450e+06
   0.9600 1.1610e+06 8.9805e+05 1.5528e+06 9.0810e+05 1.5450e+06 1.0890e+06 1.2390e+06 1.4260e+06 9.8650e+05 1.2460e+06 9.0810e+05 1.5450e+06 1.0430e+06
   0.9700 1.1580e+06 8.9572e+05 1.5489e+06 9.0580e+05 1.5410e+06 1.0860e+06 1.2360e+06 1.4220e+06 9.8390e+05 1.2430e+06 9.0580e+05 1.5410e+06 1.0400e+06
   0.9800 1.1550e+06 8.9320e+05 1.5449e+06 9.0330e+05 1.5370e+06 1.0830e+06 1.2330e+06 1.4190e+06 9.8120e+05 1.2390e+06 9.0330e+05 1.5370e+06 1.0370e+06
   0.9900 1.1520e+06 8.9078e+05 1.5409e+06 9.0090e+05 1.5330e+06 1.0800e+06 1.2300e+06 1.4150e+06 9.7850e+05 1.2360e+06 9.0090e+05 1.5330e+06 1.0350e+06
   1.0000 1.1490e+06 8.8826e+05 1.5367e+06 8.9840e+05 1.5290e+06 1.0770e+06 1.2260e+06 1.4110e+06 9.7570e+05 1.2330e+06 8.9840e+05 1.5290e+06 1.0320e+06
   1.0100 1.1460e+06 8.8584e+05 1.5327e+06 8.9600e+05 1.5250e+06 1.0740e+06 1.2230e+06 1.4070e+06 9.7300e+05 1.2290e+06 8.9600e+05 1.5250e+06 1.0290e+06
   1.0200 1.1430e+06 8.8332e+05 1.5288e+06 8.9350e+05 1.5210e+06 1.0710e+06 1.2200e+06 1.4040e+06 9.7020e+05 1.2260e+06 8.9350e+05 1.5210e+06 1.0260e+06
   1.0300 1.1390e+06 8.8094e+05 1.5238e+06 8.9090e+05 1.5160e+06 1.0680e+06 1.2160e+06 1.4000e+06 9.6740e+05 1.2220e+06 8.9090e+05 1.5160e+06 1.0240e+06
   1.0400 1.1360e+06 8.7842e+05 1.5198e+06 8.8840e+05 1.5120e+06 1.0650e+06 1.2130e+06 1.3960e+06 9.6460e+05 1.2190e+06 8.8840e+05 1.5120e+06 1.0210e+06
   1.0500 1.1330e+06 8.7581e+05 1.5156e+06 8.8580e+05 1.5080e+06 1.0620e+06 1.2090e+06 1.3920e+06 9.6180e+05 1.2150e+06 8.8580e+05 1.5080e+06 1.0180e+06
   1.0600 1.1300e+06 8.7319e+05 1.5107e+06 8.8320e+05 1.5030e+06 1.0590e+06 1.2060e+06 1.3880e+06 9.5890e+05 1.2110e+06 8.8320e+05 1.5030e+06 1.0150e+06
   1.0700 1.1260e+06 8.7081e+05 1.5067e+06 8.8060e+05 1.4990e+06 1.0560e+06 1.2020e+06 1.3840e+06 9.5600e+05 1.2080e+06 8.8060e+05 1.4990e+06 1.0120e+06
   1.0800 1.1230e+06 8.6820e+05 1.5027e+06 8.7800e+05 1.4950e+06 1.0530e+06 1.1990e+06 1.3810e+06 9.5310e+05 1.2040e+06 8.7800e+05 1.4950e+06 1.0090e+06
   1.0900 1.1200e+06 8.6530e+05 1.4975e+06 8.7540e+05 1.4900e+06 1.0490e+06 1.1950e+06 1.3770e+06 9.5020e+05 1.2010e+06 8.7540e+05 1.4900e+06 1.0060e+06
   1.1000 1.1160e+06 8.6283e+05 1.4937e+06 8.7270e+05 1.4860e+06 1.0460e+06 1.1920e+06 1.3730e+06 9.4720e+05 1.1970e+06 8.7270e+05 1.4860e+06 1.0040e+06
   1.1100 1.1130e+06 8.6012e+05 1.4886e+06 8.7000e+05 1.4810e+06 1.0430e+06 1.1880e+06 1.3680e+06 9.4420e+05 1.1930e+06 8.7000e+05 1.4810e+06 1.0010e+06
   1.1200 1.1090e+06 8.5764e+05 1.4846e+06 8.6730e+05 1.4770e+06 1.0400e+06 1.1840e+06 1.3640e+06 9.4120e+05 1.1890e+06 8.6730e+05 1.4770e+06 9.9750e+05
   1.1300 1.1060e+06 8.5466e+05 1.4796e+06 8.6460e+05 1.4720e+06 1.0360e+06 1.1810e+06 1.3600e+06 9.3820e+05 1.1860e+06 8.6460e+05 1.4720e+06 9.9450e+05
   1.1400 1.1020e+06 8.5209e+05 1.4756e+06 8.6180e+05 1.4680e+06 1.0330e+06 1.1770e+06 1.3560e+06 9.3520e+05 1.1820e+06 8.6180e+05 1.4680e+06 9.9150e+05
   1.1500 1.0990e+06 8.4937e+05 1.4704e+06 8.5910e+05 1.4630e+06 1.0300e+06 1.1730e+06 1.3520e+06 9.3210e+05 1.1780e+06 8.5910e+05 1.4630e+06 9.8840e+05
   1.1600 1.0950e+06 8.4653e+05 1.4657e+06 8.5630e+05 1.4580e+06 1.0260e+06 1.1700e+06 1.3480e+06 9.2900e+05 1.1740e+06 8.5630e+05 1.4580e+06 9.8530e+05
   1.1700 1.0920e+06 8.4372e+05 1.4615e+06 8.5350e+05 1.4540e+06 1.0230e+06 1.1660e+06 1.3440e+06 9.2590e+05 1.1700e+06 8.5350e+05 1.4540e+06 9.8220e+05
   1.1800 1.0880e+06 8.4115e+05 1.4565e+06 8.5070e+05 1.4490e+06 1.0200e+06 1.1620e+06 1.3390e+06 9.2280e+05 1.1660e+06 8.5070e+05 1.4490e+06 9.7910e+05
   1.1900 1.0850e+06 8.3797e+05 1.4513e+06 8.4780e+05 1.4440e+06 1.0160e+06 1.1580e+06 1.3350e+06 9.1960e+05 1.1620e+06 8.4780e+05 1.4440e+06 9.7590e+05
   1.2000 1.0810e+06 8.3540e+05 1.4464e+06 8.4500e+05 1.4390e+06 1.0130e+06 1.1540e+06 1.3310e+06 9.1650e+05 1.1580e+06 8.4500e+05 1.4390e+06 9.7280e+05
   1.2100 1.0770e+06 8.3246e+05 1.4426e+06 8.4210e+05 1.4350e+06 1.0090e+06 1.1510e+06 1.3260e+06 9.1330e+05 1.1540e+06 8.4210e+05 1.4350e+06 9.6960e+05
   1.2200 1.0740e+06 8.2955e+05 1.4374e+06 8.3920e+05 1.4300e+06 1.0060e+06 1.1470e+06 1.3220e+06 9.1010e+05 1.1500e+06 8.3920e+05 1.4300e+06 9.6640e+05
   1.2300 1.0700e+06 8.2661e+05 1.4324e+06 8.3630e+05 1.4250e+06 1.0020e+06 1.1430e+06 1.3180e+06 9.0680e+05 1.1460e+06 8.3630e+05 1.4250e+06 9.6310e+05
   1.2400 1.0660e+06 8.2394e+05 1.4274e+06 8.3340e+05 1.4200e+06 9.9900e+05 1.1390e+06 1.3130e+06 9.0360e+05 1.1420e+06 8.3340e+05 1.4200e+06 9.5990e+05
   1.2500 1.0630e+06 8.2078e+05 1.4223e+06 8.3040e+05 1.4150e+06 9.9540e+05 1.1350e+06 1.3090e+06 9.0030e+05 1.1380e+06 8.3040e+05 1.4150e+06 9.5660e+05
   1.2600 1.0590e+06 8.1788e+05 1.4173e+06 8.2740e+05 1.4100e+06 9.9190e+05 1.1310e+06 1.3040e+06 8.9710e+05 1.1340e+06 8.2740e+05 1.4100e+06 9.5330e+05
   1.2700 1.0550e+06 8.1504e+05 1.4123e+06 8.2450e+05 1.4050e+06 9.8830e+05 1.1270e+06 1.3000e+06 8.9380e+05 1.1300e+06 8.2450e+05 1.4050e+06 9.5000e+05
   1.2800 1.0510e+06 8.1212e+05 1.4073e+06 8.2150e+05 1.4000e+06 9.8470e+05 1.1230e+06 1.2950e+06 8.9040e+05 1.1260e+06 8.2150e+05 1.4000e+06 9.4670e+05
   1.2900 1.0470e+06 8.0909e+05 1.4024e+06 8.1840e+05 1.3950e+06 9.8110e+05 1.1190e+06 1.2910e+06 8.8710e+05 1.1210e+06 8.1840e+05 1.3950e+06 9.4330e+05
   1.3000 1.0430e+06 8.0613e+05 1.3974e+06 8.1540e+05 1.3900e+06 9.7740e+05 1.1150e+06 1.2860e+06 8.8370e+05 1.1170e+06 8.1540e+05 1.3900e+06 9.4000e+05
   1.3100 1.0400e+06 8.0297e+05 1.3922e+06 8.1240e+05 1.3850e+06 9.7380e+05 1.1110e+06 1.2820e+06 8.8040e+05 1.1130e+06 8.1240e+05 1.3850e+06 9.3660e+05
   1.3200 1.0360e+06 7.9992e+05 1.3870e+06 8.0930e+05 1.3800e+06 9.7010e+05 1.1060e+06 1.2770e+06 8.7700e+05 1.1090e+06 8.0930e+05 1.3800e+06 9.3320e+05
   1.3300 1.0320e+06 7.9686e+05 1.3811e+06 8.0620e+05 1.3740e+06 9.6640e+05 1.1020e+06 1.2720e+06 8.7360e+05 1.1050e+06 8.0620e+05 1.3740e+06 9.2980e+05
   1.3400 1.0280e+06 7.9381e+05 1.3761e+06 8.0310e+05 1.3690e+06 9.6270e+05 1.0980e+06 1.2680e+06 8.7020e+05 1.1000e+06 8.0310e+05 1.3690e+06 9.2630e+05
   1.3500 1.0240e+06 7.9076e+05 1.3711e+06 8.0000e+05 1.3640e+06 9.5900e+05 1.0940e+06 1.2630e+06 8.6670e+05 1.0960e+06 8.0000e+05 1.3640e+06 9.2290e+05
   1.3600 1.0200e+06 7.8768e+05 1.3662e+06 7.9690e+05 1.3590e+06 9.5520e+05 1.0900e+06 1.2580e+06 8.6330e+05 1.0920e+06 7.9690e+05 1.3590e+06 9.1940e+05
   1.3700 1.0160e+06 7.8463e+05 1.3610e+06 7.9380e+05 1.3540e+06 9.5150e+05 1.0850e+06 1.2530e+06 8.5980e+05 1.0870e+06 7.9380e+05 1.3540e+06 9.1590e+05
   1.3800 1.0120e+06 7.8145e+05 1.3550e+06 7.9060e+05 1.3480e+06 9.4770e+05 1.0810e+06 1.2490e+06 8.5630e+05 1.0830e+06 7.9060e+05 1.3480e+06 9.1240e+05
   1.3900 1.0080e+06 7.7828e+05 1.3500e+06 7.8740e+05 1.3430e+06 9.4390e+05 1.0770e+06 1.2440e+06 8.5280e+05 1.0780e+06 7.8740e+05 1.3430e+06 9.0890e+05
   1.4000 1.0040e+06 7.7520e+05 1.3451e+06 7.8430e+05 1.3380e+06 9.4010e+05 1.0730e+06 1.2390e+06 8.4930e+05 1.0740e+06 7.8430e+05 1.3380e+06 9.0530e+05
   1.4100 9.9980e+05 7.7204e+05 1.3389e+06 7.8110e+05 1.3320e+06 9.3620e+05 1.0680e+06 1.2340e+06 8.4570e+05 1.0700e+06 7.8110e+05 1.3320e+06 9.0180e+05
   1.4200 9.9570e+05 7.6889e+05 1.3340e+06 7.7790e+05 1.3270e+06 9.3240e+05 1.0640e+06 1.2290e+06 8.4220e+05 1.0650e+06 7.7790e+05 1.3270e+06 8.9820e+05
   1.4300 9.9160e+05 7.6561e+05 1.3280e+06 7.7460e+05 1.3210e+06 9.2850e+05 1.0600e+06 1.2250e+06 8.3860e+05 1.0610e+06 7.7460e+05 1.3210e+06 8.9460e+05
   1.4400 9.8750e+05 7.6243e+05 1.3229e+06 7.7140e+05 1.3160e+06 9.2460e+05 1.0550e+06 1.2200e+06 8.3500e+05 1.0560e+06 7.7140e+05 1.3160e+06 8.9100e+05
   1.4500 9.8340e+05 7.5916e+05 1.3179e+06 7.6810e+05 1.3110e+06 9.2070e+05 1.0510e+06 1.2150e+06 8.3150e+05 1.0520e+06 7.6810e+05 1.3110e+06 8.8740e+05
   1.4600 9.7920e+05 7.5600e+05 1.3120e+06 7.6490e+05 1.3050e+06 9.1680e+05 1.0470e+06 1.2100e+06 8.2780e+05 1.0470e+06 7.6490e+05 1.3050e+06 8.8380e+05
   1.4700 9.7510e+05 7.5272e+05 1.3068e+06 7.6160e+05 1.3000e+06 9.1290e+05 1.0420e+06 1.2050e+06 8.2420e+05 1.0430e+06 7.6160e+05 1.3000e+06 8.8010e+05
   1.4800 9.7090e+05 7.4944e+05 1.3009e+06 7.5830e+05 1.2940e+06 9.0890e+05 1.0380e+06 1.2000e+06 8.2060e+05 1.0380e+06 7.5830e+05 1.2940e+06 8.7640e+05
   1.4900 9.6670e+05 7.4619e+05 1.2948e+06 7.5500e+05 1.2880e+06 9.0500e+05 1.0330e+06 1.1950e+06 8.1690e+05 1.0330e+06 7.5500e+05 1.2880e+06 8.7280e+05
   1.5000 9.6250e+05 7.4291e+05 1.2898e+06 7.5170e+05 1.2830e+06 9.0100e+05 1.0290e+06 1.1900e+06 8.1330e+05 1.0290e+06 7.5170e+05 1.2830e+06 8.6910e+05
   1.5100 9.5820e+05 7.3966e+05 1.2837e+06 7.4840e+05 1.2770e+06 8.9700e+05 1.0240e+06 1.1850e+06 8.0960e+05 1.0240e+06 7.4840e+05 1.2770e+06 8.6540e+05
   1.5200 9.5400e+05 7.3628e+05 1.2788e+06 7.4500e+05 1.2720e+06 8.9300e+05 1.0200e+06 1.1800e+06 8.0590e+05 1.0200e+06 7.4500e+05 1.2720e+06 8.6160e+05
   1.5300 9.4970e+05 7.3302e+05 1.2727e+06 7.4170e+05 1.2660e+06 8.8900e+05 1.0150e+06 1.1750e+06 8.0220e+05 1.0150e+06 7.4170e+05 1.2660e+06 8.5790e+05
   1.5400 9.4540e+05 7.2967e+05 1.2668e+06 7.3830e+05 1.2600e+06 8.8500e+05 1.0110e+06 1.1700e+06 7.9850e+05 1.0100e+06 7.3830e+05 1.2600e+06 8.5420e+05
   1.5500 9.4110e+05 7.2629e+05 1.2616e+06 7.3490e+05 1.2550e+06 8.8090e+05 1.0060e+06 1.1640e+06 7.9480e+05 1.0060e+06 7.3490e+05 1.2550e+06 8.5040e+05
   1.5600 9.3680e+05 7.2291e+05 1.2557e+06 7.3150e+05 1.2490e+06 8.7680e+05 1.0020e+06 1.1590e+06 7.9100e+05 1.0010e+06 7.3150e+05 1.2490e+06 8.4660e+05
   1.5700 9.3250e+05 7.1956e+05 1.2496e+06 7.2810e+05 1.2430e+06 8.7280e+05 9.9700e+05 1.1540e+06 7.8730e+05 9.9620e+05 7.2810e+05 1.2430e+06 8.4280e+05
   1.5800 9.2820e+05 7.1618e+05 1.2446e+06 7.2470e+05 1.2380e+06 8.6870e+05 9.9240e+05 1.1490e+06 7.8350e+05 9.9150e+05 7.2470e+05 1.2380e+06 8.3900e+05
   1.5900 9.2380e+05 7.1282e+05 1.2386e+06 7.2130e+05 1.2320e+06 8.6460e+05 9.8770e+05 1.1440e+06 7.7970e+05 9.8680e+05 7.2130e+05 1.2320e+06 8.3520e+05
   1.6000 9.1940e+05 7.0934e+05 1.2325e+06 7.1780e+05 1.2260e+06 8.6040e+05 9.8310e+05 1.1390e+06 7.7590e+05 9.8200e+05 7.1780e+05 1.2260e+06 8.3130e+05
   1.6100 9.1500e+05 7.0599e+05 1.2265e+06 7.1440e+05 1.2200e+06 8.5630e+05 9.7850e+05 1.1330e+06 7.7210e+05 9.7720e+05 7.1440e+05 1.2200e+06 8.2750e+05
   1.6200 9.1060e+05 7.0251e+05 1.2205e+06 7.1090e+05 1.2140e+06 8.5210e+05 9.7380e+05 1.1280e+06 7.6830e+05 9.7240e+05 7.1090e+05 1.2140e+06 8.2360e+05
   1.6300 9.0620e+05 6.9915e+05 1.2155e+06 7.0750e+05 1.2090e+06 8.4800e+05 9.6910e+05 1.1230e+06 7.6450e+05 9.6760e+05 7.0750e+05 1.2090e+06 8.1970e+05
   1.6400 9.0180e+05 6.9567e+05 1.2094e+06 7.0400e+05 1.2030e+06 8.4380e+05 9.6440e+05 1.1170e+06 7.6060e+05 9.6280e+05 7.0400e+05 1.2030e+06 8.1580e+05
   1.6500 8.9730e+05 6.9222e+05 1.2034e+06 7.0050e+05 1.1970e+06 8.3960e+05 9.5970e+05 1.1120e+06 7.5680e+05 9.5800e+05 7.0050e+05 1.1970e+06 8.1190e+05
   1.6600 8.9290e+05 6.8874e+05 1.1974e+06 6.9700e+05 1.1910e+06 8.3540e+05 9.5500e+05 1.1070e+06 7.5290e+05 9.5310e+05 6.9700e+05 1.1910e+06 8.0800e+05
   1.6700 8.8840e+05 6.8528e+05 1.1914e+06 6.9350e+05 1.1850e+06 8.3120e+05 9.5020e+05 1.1010e+06 7.4910e+05 9.4830e+05 6.9350e+05 1.1850e+06 8.0410e+05
   1.6800 8.8390e+05 6.8182e+05 1.1854e+06 6.9000e+05 1.1790e+06 8.2700e+05 9.4550e+05 1.0960e+06 7.4520e+05 9.4340e+05 6.9000e+05 1.1790e+06 8.0010e+05
   1.6900 8.7940e+05 6.7827e+05 1.1793e+06 6.8640e+05 1.1730e+06 8.2280e+05 9.4070e+05 1.0910e+06 7.4130e+05 9.3850e+05 6.8640e+05 1.1730e+06 7.9620e+05
   1.7000 8.7490e+05 6.7479e+05 1.1733e+06 6.8290e+05 1.1670e+06 8.1850e+05 9.3590e+05 1.0850e+06 7.3740e+05 9.3360e+05 6.8290e+05 1.1670e+06 7.9220e+05
   1.7100 8.7040e+05 6.7121e+05 1.1673e+06 6.7930e+05 1.1610e+06 8.1420e+05 9.3110e+05 1.0800e+06 7.3350e+05 9.2870e+05 6.7930e+05 1.1610e+06 7.8820e+05
   1.7200 8.6590e+05 6.6775e+05 1.1612e+06 6.7580e+05 1.1550e+06 8.1000e+05 9.2630e+05 1.0740e+06 7.2960e+05 9.2380e+05 6.7580e+05 1.1550e+06 7.8430e+05
   1.7300 8.6130e+05 6.6420e+05 1.1552e+06 6.7220e+05 1.1490e+06 8.0570e+05 9.2150e+05 1.0690e+06 7.2560e+05 9.1890e+05 6.7220e+05 1.1490e+06 7.8030e+05
   1.7400 8.5680e+05 6.6062e+05 1.1492e+06 6.6860e+05 1.1430e+06 8.0140e+05 9.1670e+05 1.0640e+06 7.2170e+05 9.1390e+05 6.6860e+05 1.1430e+06 7.7620e+05
   1.7500 8.5220e+05 6.5706e+05 1.1432e+06 6.6500e+05 1.1370e+06 7.9710e+05 9.1180e+05 1.0580e+06 7.1780e+05 9.0900e+05 6.6500e+05 1.1370e+06 7.7220e+05
   1.7600 8.4770e+05 6.5348e+05 1.1371e+06 6.6140e+05 1.1310e+06 7.9280e+05 9.0700e+05 1.0530e+06 7.1380e+05 9.0400e+05 6.6140e+05 1.1310e+06 7.6820e+05
   1.7700 8.4310e+05 6.5002e+05 1.1311e+06 6.5790e+05 1.1250e+06 7.8850e+05 9.0210e+05 1.0470e+06 7.0980e+05 8.9900e+05 6.5790e+05 1.1250e+06 7.6420e+05
   1.7800 8.3850e+05 6.4637e+05 1.1251e+06 6.5420e+05 1.1190e+06 7.8420e+05 8.9720e+05 1.0420e+06 7.0590e+05 8.9400e+05 6.5420e+05 1.1190e+06 7.6010e+05
   1.7900 8.3390e+05 6.4278e+05 1.1190e+06 6.5060e+05 1.1130e+06 7.7980e+05 8.9230e+05 1.0360e+06 7.0190e+05 8.8900e+05 6.5060e+05 1.1130e+06 7.5600e+05
   1.8000 8.2930e+05 6.3923e+05 1.1130e+06 6.4700e+05 1.1070e+06 7.7550e+05 8.8740e+05 1.0310e+06 6.9790e+05 8.8400e+05 6.4700e+05 1.1070e+06 7.5200e+05
   1.8100 8.2470e+05 6.3564e+05 1.1070e+06 6.4340e+05 1.1010e+06 7.7110e+05 8.8250e+05 1.0250e+06 6.9390e+05 8.7900e+05 6.4340e+05 1.1010e+06 7.4790e+05
   1.8200 8.2000e+05 6.3202e+05 1.1010e+06 6.3970e+05 1.0950e+06 7.6680e+05 8.7760e+05 1.0190e+06 6.8990e+05 8.7400e+05 6.3970e+05 1.0950e+06 7.4380e+05
   1.8300 8.1540e+05 6.2843e+05 1.0949e+06 6.3610e+05 1.0890e+06 7.6240e+05 8.7270e+05 1.0140e+06 6.8590e+05 8.6900e+05 6.3610e+05 1.0890e+06 7.3970e+05
   1.8400 8.1080e+05 6.2485e+05 1.0879e+06 6.3250e+05 1.0820e+06 7.5800e+05 8.6780e+05 1.0080e+06 6.8190e+05 8.6390e+05 6.3250e+05 1.0820e+06 7.3560e+05
   1.8500 8.0610e+05 6.2122e+05 1.0819e+06 6.2880e+05 1.0760e+06 7.5370e+05 8.6280e+05 1.0030e+06 6.7790e+05 8.5890e+05 6.2880e+05 1.0760e+06 7.3150e+05
   1.8600 8.0150e+05 6.1754e+05 1.0759e+06 6.2510e+05 1.0700e+06 7.4930e+05 8.5790e+05 9.9710e+05 6.7390e+05 8.5390e+05 6.2510e+05 1.0700e+06 7.2740e+05
   1.8700 7.9680e+05 6.1398e+05 1.0698e+06 6.2150e+05 1.0640e+06 7.4490e+05 8.5290e+05 9.9150e+05 6.6990e+05 8.4880e+05 6.2150e+05 1.0640e+06 7.2330e+05
   1.8800 7.9210e+05 6.1032e+05 1.0638e+06 6.1780e+05 1.0580e+06 7.4050e+05 8.4800e+05 9.8590e+05 6.6580e+05 8.4370e+05 6.1780e+05 1.0580e+06 7.1920e+05
   1.8900 7.8740e+05 6.0667e+05 1.0578e+06 6.1410e+05 1.0520e+06 7.3610e+05 8.4300e+05 9.8030e+05 6.6180e+05 8.3870e+05 6.1410e+05 1.0520e+06 7.1500e+05
   1.9000 7.8280e+05 6.0308e+05 1.0507e+06 6.1050e+05 1.0450e+06 7.3170e+05 8.3800e+05 9.7460e+05 6.5780e+05 8.3360e+05 6.1050e+05 1.0450e+06 7.1090e+05
   1.9100 7.7810e+05 5.9940e+05 1.0447e+06 6.0680e+05 1.0390e+06 7.2720e+05 8.3300e+05 9.6900e+05 6.5370e+05 8.2850e+05 6.0680e+05 1.0390e+06 7.0670e+05
   1.9200 7.7340e+05 5.9574e+05 1.0387e+06 6.0310e+05 1.0330e+06 7.2280e+05 8.2800e+05 9.6330e+05 6.4970e+05 8.2340e+05 6.0310e+05 1.0330e+06 7.0260e+05
   1.9300 7.6870e+05 5.9209e+05 1.0326e+06 5.9940e+05 1.0270e+06 7.1840e+05 8.2300e+05 9.5770e+05 6.4560e+05 8.1830e+05 5.9940e+05 1.0270e+06 6.9840e+05
   1.9400 7.6400e+05 5.8843e+05 1.0266e+06 5.9570e+05 1.0210e+06 7.1400e+05 8.1800e+05 9.5200e+05 6.4160e+05 8.1320e+05 5.9570e+05 1.0210e+06 6.9420e+05
   1.9500 7.5920e+05 5.8477e+05 1.0196e+06 5.9200e+05 1.0140e+06 7.0950e+05 8.1300e+05 9.4630e+05 6.3750e+05 8.0810e+05 5.9200e+05 1.0140e+06 6.9010e+05
   1.9600 7.5450e+05 5.8111e+05 1.0136e+06 5.8830e+05 1.0080e+06 7.0510e+05 8.0800e+05 9.4060e+05 6.3340e+05 8.0300e+05 5.8830e+05 1.0080e+06 6.8590e+05
   1.9700 7.4980e+05 5.7743e+05 1.0076e+06 5.8460e+05 1.0020e+06 7.0060e+05 8.0300e+05 9.3490e+05 6.2940e+05 7.9790e+05 5.8460e+05 1.0020e+06 6.8170e+05
   1.9800 7.4510e+05 5.7377e+05 1.0011e+06 5.8090e+05 9.9560e+05 6.9620e+05 7.9800e+05 9.2920e+05 6.2530e+05 7.9280e+05 5.8090e+05 9.9560e+05 6.7750e+05
   1.9900 7.4030e+05 5.7011e+05 9.9480e+05 5.7720e+05 9.8930e+05 6.9170e+05 7.9290e+05 9.2350e+05 6.2120e+05 7.8770e+05 5.7720e+05 9.8930e+05 6.7330e+05
   2.0000 7.3560e+05 5.6636e+05 9.8847e+05 5.7340e+05 9.8300e+05 6.8730e+05 7.8790e+05 9.1780e+05 6.1720e+05 7.8250e+05 5.7340e+05 9.8300e+05 6.6910e+05
   2.0100 7.3090e+05 5.6268e+05 9.8224e+05 5.6970e+05 9.7680e+05 6.8280e+05 7.8290e+05 9.1210e+05 6.1310e+05 7.7740e+05 5.6970e+05 9.7680e+05 6.6490e+05
   2.0200 7.2610e+05 5.5905e+05 9.7591e+05 5.6600e+05 9.7050e+05 6.7840e+05 7.7780e+05 9.0640e+05 6.0900e+05 7.7230e+05 5.6600e+05 9.7050e+05 6.6070e+05
   2.0300 7.2140e+05 5.5536e+05 9.6958e+05 5.6230e+05 9.6420e+05 6.7390e+05 7.7280e+05 9.0060e+05 6.0490e+05 7.6710e+05 5.6230e+05 9.6420e+05 6.5650e+05
   2.0400 7.1660e+05 5.5170e+05 9.6327e+05 5.5860e+05 9.5790e+05 6.6940e+05 7.6780e+05 8.9490e+05 6.0090e+05 7.6200e+05 5.5860e+05 9.5790e+05 6.5230e+05
   2.0500 7.1190e+05 5.4795e+05 9.5702e+05 5.5480e+05 9.5170e+05 6.6500e+05 7.6270e+05 8.8920e+05 5.9680e+05 7.5690e+05 5.5480e+05 9.5170e+05 6.4810e+05
   2.0600 7.0720e+05 5.4426e+05 9.5069e+05 5.5110e+05 9.4540e+05 6.6050e+05 7.5770e+05 8.8340e+05 5.9270e+05 7.5180e+05 5.5110e+05 9.4540e+05 6.4390e+05
   2.0700 7.0240e+05 5.4060e+05 9.4436e+05 5.4740e+05 9.3910e+05 6.5600e+05 7.5260e+05 8.7770e+05 5.8860e+05 7.4660e+05 5.4740e+05 9.3910e+05 6.3970e+05
   2.0800 6.9770e+05 5.3695e+05 9.3804e+05 5.4370e+05 9.3280e+05 6.5160e+05 7.4760e+05 8.7190e+05 5.8450e+05 7.4150e+05 5.4370e+05 9.3280e+05 6.3550e+05
   2.0900 6.9290e+05 5.3319e+05 9.3171e+05 5.3990e+05 9.2650e+05 6.4710e+05 7.4250e+05 8.6620e+05 5.8050e+05 7.3640e+05 5.3990e+05 9.2650e+05 6.3120e+05
   2.1000 6.8820e+05 5.2951e+05 9.2538e+05 5.3620e+05 9.2020e+05 6.4260e+05 7.3750e+05 8.6040e+05 5.7640e+05 7.3120e+05 5.3620e+05 9.2020e+05 6.2700e+05
   2.1100 6.8340e+05 5.2585e+05 9.1905e+05 5.3250e+05 9.1390e+05 6.3810e+05 7.3240e+05 8.5470e+05 5.7230e+05 7.2610e+05 5.3250e+05 9.1390e+05 6.2280e+05
   2.1200 6.7870e+05 5.2219e+05 9.1272e+05 5.2880e+05 9.0760e+05 6.3370e+05 7.2740e+05 8.4890e+05 5.6820e+05 7.2100e+05 5.2880e+05 9.0760e+05 6.1860e+05
   2.1300 6.7390e+05 5.1844e+05 9.0639e+05 5.2500e+05 9.0130e+05 6.2920e+05 7.2230e+05 8.4320e+05 5.6410e+05 7.1580e+05 5.2500e+05 9.0130e+05 6.1440e+05
   2.1400 6.6920e+05 5.1475e+05 9.0005e+05 5.2130e+05 8.9500e+05 6.2470e+05 7.1720e+05 8.3740e+05 5.6010e+05 7.1070e+05 5.2130e+05 8.9500e+05 6.1010e+05
   2.1500 6.6440e+05 5.1112e+05 8.9374e+05 5.1760e+05 8.8870e+05 6.2030e+05 7.1220e+05 8.3170e+05 5.5600e+05 7.0560e+05 5.1760e+05 8.8870e+05 6.0590e+05
   2.1600 6.5970e+05 5.0743e+05 8.8749e+05 5.1390e+05 8.8250e+05 6.1580e+05 7.0710e+05 8.2590e+05 5.5190e+05 7.0040e+05 5.1390e+05 8.8250e+05 6.0170e+05
   2.1700 6.5490e+05 5.0371e+05 8.8118e+05 5.1010e+05 8.7620e+05 6.1140e+05 7.0210e+05 8.2020e+05 5.4790e+05 6.9530e+05 5.1010e+05 8.7620e+05 5.9750e+05
   2.1800 6.5020e+05 5.0002e+05 8.7485e+05 5.0640e+05 8.6990e+05 6.0690e+05 6.9710e+05 8.1440e+05 5.4380e+05 6.9020e+05 5.0640e+05 8.6990e+05 5.9320e+05
   2.1900 6.4540e+05 4.9636e+05 8.6852e+05 5.0270e+05 8.6360e+05 6.0240e+05 6.9200e+05 8.0870e+05 5.3970e+05 6.8510e+05 5.0270e+05 8.6360e+05 5.8900e+05
   2.2000 6.4070e+05 4.9271e+05 8.6219e+05 4.9900e+05 8.5730e+05 5.9800e+05 6.8700e+05 8.0290e+05 5.3570e+05 6.8000e+05 4.9900e+05 8.5730e+05 5.8480e+05
   2.2100 6.3600e+05 4.8902e+05 8.5584e+05 4.9530e+05 8.5100e+05 5.9350e+05 6.8190e+05 7.9720e+05 5.3160e+05 6.7490e+05 4.9530e+05 8.5100e+05 5.8060e+05
   2.2200 6.3120e+05 4.8539e+05 8.4963e+05 4.9160e+05 8.4480e+05 5.8910e+05 6.7690e+05 7.9140e+05 5.2760e+05 6.6980e+05 4.9160e+05 8.4480e+05 5.7640e+05
   2.2300 6.2650e+05 4.8171e+05 8.4331e+05 4.8790e+05 8.3850e+05 5.8460e+05 6.7190e+05 7.8570e+05 5.2350e+05 6.6470e+05 4.8790e+05 8.3850e+05 5.7220e+05
   2.2400 6.2180e+05 4.7805e+05 8.3696e+05 4.8420e+05 8.3220e+05 5.8020e+05 6.6680e+05 7.7990e+05 5.1950e+05 6.5960e+05 4.8420e+05 8.3220e+05 5.6790e+05
   2.2500 6.1710e+05 4.7436e+05 8.3073e+05 4.8050e+05 8.2600e+05 5.7570e+05 6.6180e+05 7.7420e+05 5.1540e+05 6.5450e+05 4.8050e+05 8.2600e+05 5.6370e+05
   2.2600 6.1230e+05 4.7073e+05 8.2442e+05 4.7680e+05 8.1970e+05 5.7130e+05 6.5680e+05 7.6840e+05 5.1140e+05 6.4940e+05 4.7680e+05 8.1970e+05 5.5950e+05
   2.2700 6.0760e+05 4.6708e+05 8.1819e+05 4.7310e+05 8.1350e+05 5.6690e+05 6.5180e+05 7.6270e+05 5.0740e+05 6.4430e+05 4.7310e+05 8.1350e+05 5.5530e+05
   2.2800 6.0290e+05 4.6339e+05 8.1184e+05 4.6940e+05 8.0720e+05 5.6240e+05 6.4670e+05 7.5700e+05 5.0330e+05 6.3920e+05 4.6940e+05 8.0720e+05 5.5110e+05
   2.2900 5.9820e+05 4.5974e+05 8.0561e+05 4.6570e+05 8.0100e+05 5.5800e+05 6.4170e+05 7.5130e+05 4.9930e+05 6.3420e+05 4.6570e+05 8.0100e+05 5.4690e+05
   2.3000 5.9350e+05 4.5608e+05 7.9929e+05 4.6200e+05 7.9470e+05 5.5360e+05 6.3670e+05 7.4550e+05 4.9530e+05 6.2910e+05 4.6200e+05 7.9470e+05 5.4270e+05
   2.3100 5.8880e+05 4.5242e+05 7.9306e+05 4.5830e+05 7.8850e+05 5.4920e+05 6.3170e+05 7.3980e+05 4.9130e+05 6.2400e+05 4.5830e+05 7.8850e+05 5.3860e+05
   2.3200 5.8410e+05 4.4886e+05 7.8685e+05 4.5470e+05 7.8230e+05 5.4480e+05 6.2680e+05 7.3410e+05 4.8730e+05 6.1900e+05 4.5470e+05 7.8230e+05 5.3440e+05
   2.3300 5.7950e+05 4.4518e+05 7.8060e+05 4.5100e+05 7.7610e+05 5.4040e+05 6.2180e+05 7.2840e+05 4.8330e+05 6.1390e+05 4.5100e+05 7.7610e+05 5.3020e+05
   2.3400 5.7480e+05 4.4153e+05 7.7437e+05 4.4730e+05 7.6990e+05 5.3600e+05 6.1680e+05 7.2270e+05 4.7930e+05 6.0890e+05 4.4730e+05 7.6990e+05 5.2600e+05
   2.3500 5.7010e+05 4.3797e+05 7.6814e+05 4.4370e+05 7.6370e+05 5.3160e+05 6.1180e+05 7.1700e+05 4.7530e+05 6.0390e+05 4.4370e+05 7.6370e+05 5.2180e+05
   2.3600 5.6550e+05 4.3429e+05 7.6191e+05 4.4000e+05 7.5750e+05 5.2720e+05 6.0690e+05 7.1140e+05 4.7130e+05 5.9890e+05 4.4000e+05 7.5750e+05 5.1770e+05
   2.3700 5.6080e+05 4.3075e+05 7.5568e+05 4.3640e+05 7.5130e+05 5.2290e+05 6.0190e+05 7.0570e+05 4.6730e+05 5.9390e+05 4.3640e+05 7.5130e+05 5.1350e+05
   2.3800 5.5620e+05 4.2707e+05 7.4953e+05 4.3270e+05 7.4520e+05 5.1850e+05 5.9690e+05 7.0000e+05 4.6340e+05 5.8890e+05 4.3270e+05 7.4520e+05 5.0940e+05
   2.3900 5.5150e+05 4.2351e+05 7.4332e+05 4.2910e+05 7.3900e+05 5.1410e+05 5.9200e+05 6.9440e+05 4.5940e+05 5.8390e+05 4.2910e+05 7.3900e+05 5.0520e+05
   2.4000 5.4690e+05 4.1996e+05 7.3719e+05 4.2550e+05 7.3290e+05 5.0980e+05 5.8710e+05 6.8870e+05 4.5550e+05 5.7890e+05 4.2550e+05 7.3290e+05 5.0110e+05
   2.4100 5.4230e+05 4.1640e+05 7.3097e+05 4.2190e+05 7.2670e+05 5.0550e+05 5.8220e+05 6.8310e+05 4.5150e+05 5.7390e+05 4.2190e+05 7.2670e+05 4.9690e+05
   2.4200 5.3770e+05 4.1272e+05 7.2482e+05 4.1820e+05 7.2060e+05 5.0110e+05 5.7720e+05 6.7740e+05 4.4760e+05 5.6900e+05 4.1820e+05 7.2060e+05 4.9280e+05
   2.4300 5.3310e+05 4.0916e+05 7.1869e+05 4.1460e+05 7.1450e+05 4.9680e+05 5.7230e+05 6.7180e+05 4.4370e+05 5.6400e+05 4.1460e+05 7.1450e+05 4.8870e+05
   2.4400 5.2850e+05 4.0561e+05 7.1256e+05 4.1100e+05 7.0840e+05 4.9250e+05 5.6740e+05 6.6620e+05 4.3970e+05 5.5910e+05 4.1100e+05 7.0840e+05 4.8460e+05
   2.4500 5.2390e+05 4.0215e+05 7.0643e+05 4.0750e+05 7.0230e+05 4.8820e+05 5.6250e+05 6.6060e+05 4.3580e+05 5.5410e+05 4.0750e+05 7.0230e+05 4.8050e+05
   2.4600 5.1930e+05 3.9859e+05 7.0032e+05 4.0390e+05 6.9620e+05 4.8390e+05 5.5770e+05 6.5500e+05 4.3190e+05 5.4920e+05 4.0390e+05 6.9620e+05 4.7640e+05
   2.4700 5.1470e+05 3.9504e+05 6.9419e+05 4.0030e+05 6.9010e+05 4.7960e+05 5.5280e+05 6.4940e+05 4.2810e+05 5.4430e+05 4.0030e+05 6.9010e+05 4.7230e+05
   2.4800 5.1020e+05 3.9146e+05 6.8816e+05 3.9670e+05 6.8410e+05 4.7530e+05 5.4800e+05 6.4380e+05 4.2420e+05 5.3940e+05 3.9670e+05 6.8410e+05 4.6820e+05
   2.4900 5.0560e+05 3.8802e+05 6.8203e+05 3.9320e+05 6.7800e+05 4.7110e+05 5.4310e+05 6.3830e+05 4.2030e+05 5.3450e+05 3.9320e+05 6.7800e+05 4.6410e+05
   2.5000 5.0110e+05 3.8444e+05 6.7600e+05 3.8960e+05 6.7200e+05 4.6680e+05 5.3830e+05 6.3270e+05 4.1650e+05 5.2970e+05 3.8960e+05 6.7200e+05 4.6010e+05
   2.5100 4.9660e+05 3.8099e+05 6.6997e+05 3.8610e+05 6.6600e+05 4.6260e+05 5.3350e+05 6.2720e+05 4.1260e+05 5.2480e+05 3.8610e+05 6.6600e+05 4.5600e+05
   2.5200 4.9210e+05 3.7750e+05 6.6392e+05 3.8260e+05 6.6000e+05 4.5830e+05 5.2860e+05 6.2160e+05 4.0880e+05 5.2000e+05 3.8260e+05 6.6000e+05 4.5200e+05
   2.5300 4.8760e+05 3.7395e+05 6.5789e+05 3.7900e+05 6.5400e+05 4.5410e+05 5.2380e+05 6.1610e+05 4.0490e+05 5.1510e+05 3.7900e+05 6.5400e+05 4.4790e+05
   2.5400 4.8310e+05 3.7049e+05 6.5198e+05 3.7550e+05 6.4810e+05 4.4990e+05 5.1910e+05 6.1060e+05 4.0110e+05 5.1030e+05 3.7550e+05 6.4810e+05 4.4390e+05
   2.5500 4.7860e+05 3.6704e+05 6.4595e+05 3.7200e+05 6.4210e+05 4.4570e+05 5.1430e+05 6.0510e+05 3.9730e+05 5.0550e+05 3.7200e+05 6.4210e+05 4.3990e+05
   2.5600 4.7420e+05 3.6356e+05 6.4000e+05 3.6850e+05 6.3620e+05 4.4150e+05 5.0950e+05 5.9970e+05 3.9350e+05 5.0070e+05 3.6850e+05 6.3620e+05 4.3590e+05
   2.5700 4.6970e+05 3.6020e+05 6.3409e+05 3.6510e+05 6.3030e+05 4.3730e+05 5.0480e+05 5.9420e+05 3.8980e+05 4.9600e+05 3.6510e+05 6.3030e+05 4.3190e+05
   2.5800 4.6530e+05 3.5675e+05 6.2816e+05 3.6160e+05 6.2440e+05 4.3320e+05 5.0010e+05 5.8880e+05 3.8600e+05 4.9120e+05 3.6160e+05 6.2440e+05 4.2790e+05
   2.5900 4.6090e+05 3.5326e+05 6.2221e+05 3.5810e+05 6.1850e+05 4.2900e+05 4.9530e+05 5.8330e+05 3.8220e+05 4.8650e+05 3.5810e+05 6.1850e+05 4.2390e+05
   2.6000 4.5640e+05 3.4993e+05 6.1630e+05 3.5470e+05 6.1260e+05 4.2490e+05 4.9060e+05 5.7790e+05 3.7850e+05 4.8170e+05 3.5470e+05 6.1260e+05 4.2000e+05
   2.6100 4.5210e+05 3.4655e+05 6.1047e+05 3.5130e+05 6.0680e+05 4.2080e+05 4.8600e+05 5.7250e+05 3.7480e+05 4.7700e+05 3.5130e+05 6.0680e+05 4.1600e+05
   2.6200 4.4770e+05 3.4310e+05 6.0464e+05 3.4780e+05 6.0100e+05 4.1670e+05 4.8130e+05 5.6710e+05 3.7110e+05 4.7230e+05 3.4780e+05 6.0100e+05 4.1210e+05
   2.6300 4.4330e+05 3.3974e+05 5.9871e+05 3.4440e+05 5.9510e+05 4.1260e+05 4.7660e+05 5.6180e+05 3.6730e+05 4.6770e+05 3.4440e+05 5.9510e+05 4.0820e+05
   2.6400 4.3900e+05 3.3636e+05 5.9298e+05 3.4100e+05 5.8940e+05 4.0850e+05 4.7200e+05 5.5640e+05 3.6370e+05 4.6300e+05 3.4100e+05 5.8940e+05 4.0420e+05
   2.6500 4.3460e+05 3.3301e+05 5.8717e+05 3.3760e+05 5.8360e+05 4.0440e+05 4.6740e+05 5.5110e+05 3.6000e+05 4.5840e+05 3.3760e+05 5.8360e+05 4.0030e+05
   2.6600 4.3030e+05 3.2975e+05 5.8132e+05 3.3430e+05 5.7780e+05 4.0040e+05 4.6270e+05 5.4580e+05 3.5630e+05 4.5370e+05 3.3430e+05 5.7780e+05 3.9650e+05
   2.6700 4.2600e+05 3.2637e+05 5.7558e+05 3.3090e+05 5.7210e+05 3.9630e+05 4.5810e+05 5.4040e+05 3.5270e+05 4.4910e+05 3.3090e+05 5.7210e+05 3.9260e+05
   2.6800 4.2170e+05 3.2302e+05 5.6987e+05 3.2750e+05 5.6640e+05 3.9230e+05 4.5360e+05 5.3520e+05 3.4900e+05 4.4450e+05 3.2750e+05 5.6640e+05 3.8870e+05
   2.6900 4.1740e+05 3.1976e+05 5.6414e+05 3.2420e+05 5.6070e+05 3.8830e+05 4.4900e+05 5.2990e+05 3.4540e+05 4.3990e+05 3.2420e+05 5.6070e+05 3.8490e+05
   2.7000 4.1320e+05 3.1648e+05 5.5841e+05 3.2090e+05 5.5500e+05 3.8430e+05 4.4450e+05 5.2460e+05 3.4180e+05 4.3540e+05 3.2090e+05 5.5500e+05 3.8100e+05
   2.7100 4.0890e+05 3.1326e+05 5.5278e+05 3.1760e+05 5.4940e+05 3.8040e+05 4.3990e+05 5.1940e+05 3.3820e+05 4.3080e+05 3.1760e+05 5.4940e+05 3.7720e+05
   2.7200 4.0470e+05 3.0997e+05 5.4705e+05 3.1430e+05 5.4370e+05 3.7640e+05 4.3540e+05 5.1420e+05 3.3460e+05 4.2630e+05 3.1430e+05 5.4370e+05 3.7340e+05
   2.7300 4.0050e+05 3.0669e+05 5.4142e+05 3.1100e+05 5.3810e+05 3.7240e+05 4.3090e+05 5.0900e+05 3.3110e+05 4.2180e+05 3.1100e+05 5.3810e+05 3.6960e+05
   2.7400 3.9630e+05 3.0344e+05 5.3588e+05 3.0770e+05 5.3260e+05 3.6850e+05 4.2640e+05 5.0380e+05 3.2750e+05 4.1730e+05 3.0770e+05 5.3260e+05 3.6580e+05
   2.7500 3.9210e+05 3.0019e+05 5.3027e+05 3.0440e+05 5.2700e+05 3.6460e+05 4.2200e+05 4.9870e+05 3.2400e+05 4.1290e+05 3.0440e+05 5.2700e+05 3.6210e+05
   2.7600 3.8800e+05 2.9701e+05 5.2472e+05 3.0120e+05 5.2150e+05 3.6070e+05 4.1750e+05 4.9350e+05 3.2050e+05 4.0840e+05 3.0120e+05 5.2150e+05 3.5830e+05
   2.7700 3.8380e+05 2.9376e+05 5.1911e+05 2.9790e+05 5.1590e+05 3.5680e+05 4.1310e+05 4.8840e+05 3.1700e+05 4.0400e+05 2.9790e+05 5.1590e+05 3.5460e+05
   2.7800 3.7970e+05 2.9061e+05 5.1358e+05 2.9470e+05 5.1040e+05 3.5300e+05 4.0870e+05 4.8330e+05 3.1350e+05 3.9960e+05 2.9470e+05 5.1040e+05 3.5080e+05
   2.7900 3.7560e+05 2.8742e+05 5.0814e+05 2.9150e+05 5.0500e+05 3.4910e+05 4.0430e+05 4.7830e+05 3.1010e+05 3.9520e+05 2.9150e+05 5.0500e+05 3.4710e+05
   2.8000 3.7150e+05 2.8427e+05 5.0263e+05 2.8830e+05 4.9950e+05 3.4530e+05 4.0000e+05 4.7320e+05 3.0660e+05 3.9090e+05 2.8830e+05 4.9950e+05 3.4340e+05
   2.8100 3.6750e+05 2.8119e+05 4.9718e+05 2.8520e+05 4.9410e+05 3.4150e+05 3.9560e+05 4.6820e+05 3.0320e+05 3.8650e+05 2.8520e+05 4.9410e+05 3.3980e+05
   2.8200 3.6340e+05 2.7804e+05 4.9177e+05 2.8200e+05 4.8870e+05 3.3770e+05 3.9130e+05 4.6320e+05 2.9980e+05 3.8220e+05 2.8200e+05 4.8870e+05 3.3610e+05
   2.8300 3.5940e+05 2.7499e+05 4.8634e+05 2.7890e+05 4.8330e+05 3.3400e+05 3.8700e+05 4.5820e+05 2.9640e+05 3.7790e+05 2.7890e+05 4.8330e+05 3.3250e+05
   2.8400 3.5540e+05 2.7181e+05 4.8100e+05 2.7570e+05 4.7800e+05 3.3020e+05 3.8270e+05 4.5320e+05 2.9300e+05 3.7360e+05 2.7570e+05 4.7800e+05 3.2880e+05
   2.8500 3.5140e+05 2.6876e+05 4.7569e+05 2.7260e+05 4.7270e+05 3.2650e+05 3.7850e+05 4.4830e+05 2.8960e+05 3.6940e+05 2.7260e+05 4.7270e+05 3.2520e+05
   2.8600 3.4740e+05 2.6571e+05 4.7036e+05 2.6950e+05 4.6740e+05 3.2280e+05 3.7420e+05 4.4330e+05 2.8630e+05 3.6510e+05 2.6950e+05 4.6740e+05 3.2160e+05
   2.8700 3.4350e+05 2.6263e+05 4.6502e+05 2.6640e+05 4.6210e+05 3.1910e+05 3.7000e+05 4.3840e+05 2.8290e+05 3.6090e+05 2.6640e+05 4.6210e+05 3.1810e+05
   2.8800 3.3950e+05 2.5968e+05 4.5981e+05 2.6340e+05 4.5690e+05 3.1540e+05 3.6580e+05 4.3360e+05 2.7960e+05 3.5670e+05 2.6340e+05 4.5690e+05 3.1450e+05
   2.8900 3.3560e+05 2.5660e+05 4.5458e+05 2.6030e+05 4.5170e+05 3.1170e+05 3.6160e+05 4.2870e+05 2.7630e+05 3.5260e+05 2.6030e+05 4.5170e+05 3.1100e+05
   2.9000 3.3180e+05 2.5362e+05 4.4934e+05 2.5730e+05 4.4650e+05 3.0810e+05 3.5750e+05 4.2390e+05 2.7310e+05 3.4840e+05 2.5730e+05 4.4650e+05 3.0750e+05
   2.9100 3.2790e+05 2.5067e+05 4.4411e+05 2.5430e+05 4.4130e+05 3.0450e+05 3.5330e+05 4.1910e+05 2.6980e+05 3.4430e+05 2.5430e+05 4.4130e+05 3.0400e+05
   2.9200 3.2400e+05 2.4772e+05 4.3900e+05 2.5130e+05 4.3620e+05 3.0090e+05 3.4920e+05 4.1430e+05 2.6660e+05 3.4020e+05 2.5130e+05 4.3620e+05 3.0050e+05
   2.9300 3.2020e+05 2.4474e+05 4.3386e+05 2.4830e+05 4.3110e+05 2.9730e+05 3.4510e+05 4.0960e+05 2.6340e+05 3.3610e+05 2.4830e+05 4.3110e+05 2.9700e+05
   2.9400 3.1640e+05 2.4179e+05 4.2875e+05 2.4530e+05 4.2600e+05 2.9380e+05 3.4110e+05 4.0480e+05 2.6020e+05 3.3210e+05 2.4530e+05 4.2600e+05 2.9360e+05
   2.9500 3.1270e+05 2.3889e+05 4.2369e+05 2.4240e+05 4.2100e+05 2.9020e+05 3.3700e+05 4.0010e+05 2.5700e+05 3.2810e+05 2.4240e+05 4.2100e+05 2.9010e+05
   2.9600 3.0890e+05 2.3604e+05 4.1858e+05 2.3950e+05 4.1590e+05 2.8670e+05 3.3300e+05 3.9550e+05 2.5390e+05 3.2410e+05 2.3950e+05 4.1590e+05 2.8670e+05
   2.9700 3.0520e+05 2.3316e+05 4.1364e+05 2.3660e+05 4.1100e+05 2.8320e+05 3.2900e+05 3.9080e+05 2.5070e+05 3.2010e+05 2.3660e+05 4.1100e+05 2.8330e+05
   2.9800 3.0150e+05 2.3031e+05 4.0861e+05 2.3370e+05 4.0600e+05 2.7980e+05 3.2500e+05 3.8620e+05 2.4760e+05 3.1610e+05 2.3370e+05 4.0600e+05 2.8000e+05
   2.9900 2.9780e+05 2.2743e+05 4.0370e+05 2.3080e+05 4.0110e+05 2.7630e+05 3.2110e+05 3.8160e+05 2.4450e+05 3.1220e+05 2.3080e+05 4.0110e+05 2.7660e+05
   3.0000 2.9410e+05 2.2459e+05 3.9878e+05 2.2790e+05 3.9620e+05 2.7290e+05 3.1720e+05 3.7700e+05 2.4140e+05 3.0830e+05 2.2790e+05 3.9620e+05 2.7330e+05
